Ticker,ABCB,ABTX,AJX,ARI,AXP,BAC,BBT,BK,BOKF,C,CFG,CFR,CIT,CMA,CNND,COF,DFS,EWBC,FCNCA,FFIN,FHB,FITB,FMAO,FMBH,FNB,GBCI,GS,HBAN,HBHC,HOMB,HTH,IBKR,IBOC,ISBC,JPM,KEY,LARK,MBWM,MCBC,MS,MTB,NAVI,NKSH,NTRS,OPY,PACW,PBCT,PGC,PNC,PNFP,RF,SCHW,SFBC,SIVB,SLFC,SRCE,STBA,STT,SYF,TFSL,TSC,UMBF,USB,WAL,WFC,WSBC,ZION
ABCB,1.0,0.9996118508791227,0.8343154566704686,0.7358208849200795,0.8913749052866268,0.9810653394279606,0.9948460296841692,0.9817851443663241,0.9797689306404345,0.9708487714153872,0.9983470967974586,0.992272192508772,0.9971911469546465,0.9972223794305456,0.9681671379576535,0.9872231331593587,0.9899777006630756,0.9987191367413597,0.99287868446387,0.9817270016044753,0.9932983014402267,0.9866100690593524,0.998233820070984,0.9975372550279926,0.998050686538308,0.9923819401710576,0.8815418133344071,0.9961153776163492,0.9965683236229715,0.9986564310973121,0.9904705478624256,0.8338078473636775,0.9905985100985863,0.9973592672857136,0.9764113655707158,0.9887218550110829,0.9944683604887088,0.9987943556621512,0.998814136444249,0.8576945666613349,0.9984921748223422,0.8429446120778539,0.9848762768513696,0.9875434291910232,0.7251702735513835,0.9939042342307164,0.9991677629266731,0.9989026337642296,0.9964643610236955,0.9991570532672986,0.9983709022057191,0.925175700974701,0.9984579963755631,0.9807388902723656,0.840920535143855,0.9988601801109169,0.9992065405677261,0.9846075857093619,0.9909671006892351,0.9916620991214562,0.9977508299978604,0.9904193986546118,0.9933799555409029,0.9983502205595882,0.986810396249965,0.9978749102898768,0.9974346441492827
ABTX,0.9996118508791227,1.0000000000000002,0.8374698449019955,0.7452586773779083,0.894926140982001,0.9842962017518804,0.996353371491406,0.9847202789854589,0.9831244918299995,0.9746183554598569,0.9993419528324123,0.9944958118155613,0.997998028147858,0.9981803428009158,0.9692303237517423,0.9892274805982637,0.989033588372185,0.9992798174504937,0.9947710401473153,0.984610939134911,0.9953536517587326,0.9894191190149322,0.9988851774623851,0.9986362440799474,0.9991200778423781,0.9943637858265818,0.8879161540452455,0.9976211156296197,0.9981248513890286,0.999022033203959,0.9888854840638868,0.8392583042659228,0.9922351998880489,0.9984320496929845,0.9799475363987955,0.9912951027190897,0.99581387514174,0.9989946789346367,0.9992888933815275,0.8647233771555555,0.9978810388308379,0.8444377212360936,0.9876345402301521,0.990242572845637,0.7178538878260392,0.9962359798559826,0.9998707539517508,0.999458630848698,0.997668240834572,0.9997803713013705,0.9992533960472031,0.9321769819273864,0.9976705385892327,0.9840955179781904,0.8392863604473074,0.9993640790688367,0.9992371502561868,0.9876237393577354,0.9892660850435225,0.9918627211649953,0.9980895037990517,0.9927940015474264,0.995026117685641,0.9990523854128702,0.9895723121582344,0.9986681518424739,0.9986249804416178
AJX,0.8343154566704686,0.8374698449019955,0.9999999999999997,0.9275810606296735,0.8938489801007775,0.8912496337514386,0.8638561407606237,0.8814281814948176,0.8575560322593027,0.9062246939327349,0.845742464795256,0.843207885374078,0.8575605128989364,0.837120956152446,0.9291643266074274,0.8724753278539517,0.8653452027594362,0.8272946270653085,0.8301598682156007,0.8540594084109334,0.8380345709266422,0.8564992335579149,0.8372625475668829,0.8535521422441485,0.8534015999664591,0.8520509276224243,0.950725763182012,0.8459101557968369,0.8415415979624872,0.8534937643322301,0.8786743923328862,0.9707965516890764,0.8594371856621437,0.8590258411769597,0.8903984270534995,0.8517084113425074,0.8357815383658396,0.8493714066214747,0.8235971261846494,0.9379636155871395,0.8249469447057748,0.9503152878594866,0.8379172160351944,0.8370963947878374,0.8556599364568426,0.8293794364705508,0.8375453629031057,0.8365478615979323,0.8523378452769972,0.8472048694338755,0.8382975332022633,0.8644590733224999,0.816444557287724,0.8272166911367437,0.9715223361898478,0.8427191869424268,0.8334094308073129,0.8598509915490403,0.8752580131370276,0.8804667571768242,0.8195366298836887,0.8460687391971822,0.8535144466409219,0.8239969548220322,0.8702424749785095,0.859124378669229,0.8315804720024683
ARI,0.7358208849200795,0.7452586773779083,0.9275810606296735,0.9999999999999999,0.9172652999018371,0.8380135420308303,0.7946545156568401,0.8335734782899619,0.8246336703313663,0.8583327241528718,0.7640563673578935,0.785018175994832,0.7643407926344393,0.7493875305187228,0.8262632889914225,0.8187464163878851,0.7507520297527943,0.7359825421769716,0.7687373928762116,0.8202478302608694,0.7811115764105163,0.8087222596439461,0.7527097966587987,0.7747366789784653,0.7720276334017164,0.7955582342223951,0.9399486419778003,0.7745982906598744,0.7686796029819399,0.76338686977802,0.7815592725652782,0.9181152550761589,0.7897259896348026,0.7712874859953023,0.8444185606994589,0.8007913810827534,0.7739234400274054,0.7485903878865305,0.7339183023031061,0.9732153726944681,0.7130395913454742,0.8073090319278661,0.7947538142345772,0.7891965932552185,0.7769299549160426,0.751165569421413,0.7500003971896863,0.7407661042891834,0.7712938067115596,0.7573206340608475,0.7591751091375264,0.8940265803305955,0.7033378302448576,0.7966872316348232,0.8528784166444274,0.7557568016048665,0.7315982745636905,0.8144234985686716,0.7607083455630191,0.7611158830367892,0.7166121711461504,0.7926813315438472,0.7805794083174381,0.7405051605765297,0.8142461648751859,0.7731616601284492,0.7538541031810256
AXP,0.8913749052866268,0.894926140982001,0.8938489801007775,0.9172652999018371,1.0000000000000002,0.9503192616102202,0.9282735583369025,0.9536245220991758,0.9510901406762676,0.9591269117735539,0.9088408635822136,0.9268713408666015,0.9064789537828177,0.9034176342245149,0.9281418352965309,0.9470342747051216,0.9055768595828025,0.8931833195024557,0.9207108451757874,0.9465709387676909,0.9214463696891603,0.9412387150009462,0.9043979669074852,0.9158728016993504,0.9103357121888521,0.9314148727578837,0.9704621046578604,0.9178883471351114,0.9138778434461562,0.9047106177195574,0.9280386888763464,0.9143182023098373,0.9260451060336456,0.9110308226651369,0.95636173662818,0.9373875843638603,0.9233333504940416,0.8961986001986318,0.8906817883236443,0.9723163738677123,0.8767078389422566,0.8325935311821864,0.9331806562422386,0.9335437042320036,0.8575866058361573,0.8893177318474199,0.898246822971793,0.8931991794113073,0.9152064008913089,0.9006908249646614,0.9077948753787768,0.9749754176318421,0.8705945279025205,0.9378741159021321,0.8856191108041637,0.9060589709662493,0.8861137476071913,0.9455084145957379,0.9096165769009259,0.8894301963665404,0.8769623748972217,0.9329919178693503,0.9251821478277592,0.8955806541044313,0.9427477326094011,0.9087100667747062,0.9067111328601333
BAC,0.9810653394279606,0.9842962017518804,0.8912496337514386,0.8380135420308303,0.9503192616102202,0.9999999999999998,0.9948858298356945,0.9991688674360436,0.9954417174924235,0.9986876347206595,0.9896266130053804,0.9937318403726227,0.9895135016043267,0.9878488445595812,0.9845897926526774,0.9963750521619121,0.9816210469209461,0.9838240311063593,0.9909857065505259,0.9927614655010681,0.9911590122664069,0.9963236594940365,0.9866200588741707,0.9918638216388788,0.9902432554739625,0.9942404056677829,0.9532574353551926,0.9922549575559321,0.9911089357975196,0.9868876248877652,0.9843658156582088,0.9076753612347214,0.9915321959121287,0.9917542233086986,0.9996071784004346,0.9957870525706587,0.9907026695017629,0.9856621317210069,0.9824507335810886,0.9306768991045492,0.9760534046889254,0.8819776972428355,0.9904953810988831,0.9936916276554454,0.7639792484557824,0.9832434875041602,0.9858194126779852,0.984904846457657,0.9917339531943247,0.9868345780498181,0.9882211791251093,0.975310267822971,0.9731830535417629,0.9907173056261641,0.882291079538162,0.9876863917845146,0.9806643480879468,0.9974910382782319,0.980463160959303,0.9823869032589057,0.9785285878649415,0.994830685598804,0.9942674204528192,0.9839057112937009,0.9986491600922537,0.9887690014206432,0.9883808735958193
BBT,0.9948460296841692,0.996353371491406,0.8638561407606237,0.7946545156568401,0.9282735583369025,0.9948858298356945,1.0000000000000002,0.9956078369520917,0.9940481208239934,0.9886971576340361,0.9986383695614786,0.9984767876013128,0.996759062248137,0.9965324873332311,0.9769251692109617,0.9975950753032773,0.9878583973001905,0.995479240924939,0.9972802091341956,0.9944183181954599,0.9982413773385295,0.9972116767293583,0.9972701597991335,0.9993860382510379,0.9988719683207629,0.9991622281032201,0.9200336929652113,0.9990328070346713,0.9987053452269641,0.9974811220429106,0.9913148341780317,0.8691159517559763,0.9963833884024166,0.9983447287527166,0.9924455437792739,0.9978855786624152,0.9983366740985741,0.9955436879623705,0.9949153593532477,0.9023367771051126,0.9906020717830522,0.8561010578595919,0.9943756516199858,0.9962219512250274,0.7468611904827924,0.993327018831299,0.9970150008406141,0.9955300843815836,0.998516458101205,0.9974739243609688,0.9982555138859457,0.9581048148262094,0.9891465711237595,0.9923171412846156,0.8591717061337198,0.9978453170822599,0.993887420346978,0.9964631821740905,0.988374002247264,0.9886466025374261,0.9913367343390529,0.9981687200423419,0.9982187094210198,0.9957687718782339,0.9974807408379014,0.9981478167708187,0.9976377301234068
BK,0.9817851443663241,0.9847202789854589,0.8814281814948176,0.8335734782899619,0.9536245220991758,0.9991688674360436,0.9956078369520917,0.9999999999999997,0.9980754642437926,0.9971484101947674,0.9901443929224754,0.9954998985600512,0.9882028924727825,0.9888521648294124,0.9793870269601764,0.9984076825763215,0.9815171748921391,0.9848938699311641,0.9932377027253019,0.9962342844493506,0.9930031856250716,0.9983336982784631,0.9883778882669799,0.992425071705667,0.9904418117053174,0.9959772431541016,0.9484328626626349,0.9927538133793629,0.9918625865247968,0.9877478739483623,0.9850552045920183,0.895645006235627,0.994079369012728,0.9912785659025568,0.9990975436399279,0.9976646993126098,0.9929991771713081,0.9847679076551934,0.9828375878005965,0.9308252041283401,0.9766033505007728,0.8660399081977334,0.9943540604322123,0.9958825522060846,0.7661140599963236,0.9827381868911775,0.9861672837230019,0.9845686409363661,0.9927582296400931,0.9871543719045122,0.9891995101353194,0.9775688359784075,0.9736152593248543,0.9937757029558179,0.8727163442816662,0.9888509458441002,0.9812387174677427,0.9989371986150684,0.9801696845019101,0.9789339707258318,0.9778828534630549,0.9965906906540998,0.9954949393053589,0.9846269407382338,0.9991845408093215,0.9892222098334955,0.9895744792953197
BOKF,0.9797689306404345,0.9831244918299995,0.8575560322593027,0.8246336703313663,0.9510901406762676,0.9954417174924235,0.9940481208239934,0.9980754642437926,1.0,0.9918168311416202,0.9888121235746862,0.9964793075320568,0.9839121475480918,0.9874231916161266,0.9652160546150038,0.9976866776609624,0.9740090802285444,0.984052230649559,0.9947753854147505,0.9991417958072859,0.9948244540981631,0.9991225818378805,0.9879078300125014,0.9907457774382414,0.9886711792351683,0.9966386718075384,0.9361279849829612,0.9919728143190405,0.9915501767610617,0.9856122043959654,0.978488233903724,0.8718445318574566,0.9935535294627097,0.9878772100355097,0.9957064250041229,0.9984824927529187,0.9943041340175599,0.9806031599318256,0.9820078917741839,0.9265377224717695,0.9737008822995331,0.8340523960982242,0.9978390912871729,0.9977425497060267,0.7432412892818118,0.9829934056897347,0.984907343816351,0.9820333203028742,0.9910620905908689,0.9851792447123044,0.9887392446760924,0.9812183940558523,0.9710560343271482,0.9979114518190848,0.8435161378711866,0.9874559185754331,0.9791217755282446,0.9990791780466834,0.972116582405863,0.9697497528671839,0.9755216845730671,0.997536495496035,0.9940072403370577,0.98447802504888,0.9974899125397506,0.987029658794674,0.9895654743622662
C,0.9708487714153872,0.9746183554598569,0.9062246939327349,0.8583327241528718,0.9591269117735539,0.9986876347206595,0.9886971576340361,0.9971484101947674,0.9918168311416202,0.9999999999999998,0.9813262566014692,0.9870347994055021,0.9823395219080915,0.9796999700251237,0.9864195402396697,0.9924065465508277,0.9764481486687446,0.9741184822893587,0.9833984942353332,0.987853912395397,0.9832305923647124,0.9916897798250366,0.9777053333897127,0.9844092309625267,0.982245150545457,0.9877093607001275,0.9672394623529328,0.9847294433930871,0.9831903371324625,0.9784351973033506,0.9791349922534849,0.9255401682691585,0.9858307574760381,0.9848336197263681,0.9992064961108561,0.9904738018811488,0.9827520742801661,0.9772573500913521,0.9720931411760257,0.942881752683362,0.9655213927123373,0.8949126354556122,0.9843035352349487,0.987751372475824,0.7787791763730322,0.973661991797287,0.9763820796883687,0.9757456577084557,0.9847304565673148,0.9779839975195724,0.9793071385227924,0.9787058094463744,0.9617768344944128,0.9848176250814418,0.896427994003212,0.9790866823097119,0.9706839420362284,0.9936678377000002,0.9749402961496936,0.9765680685934984,0.9679971912706288,0.9887875875961846,0.9884972167590815,0.9737488463221279,0.9952224572321662,0.980843119235934,0.9795932837198263
CFG,0.9983470967974586,0.9993419528324123,0.845742464795256,0.7640563673578935,0.9088408635822136,0.9896266130053804,0.9986383695614786,0.9901443929224754,0.9888121235746862,0.9813262566014692,1.0,0.9973980183409504,0.998438609744077,0.9986465425791482,0.9725154181495588,0.9933848037321522,0.9890735081593934,0.9988110308727599,0.9972186801606333,0.989553664974794,0.997700017654698,0.9938131562779068,0.999093912779152,0.9997967596591499,0.9997961249918907,0.9973172826571305,0.901434581267708,0.9993531640636037,0.999550563310181,0.998888060914191,0.9898103023801001,0.8512455460316575,0.9946222611704063,0.9992730129850488,0.9861756532287996,0.995248923949545,0.9979679444310711,0.9983928854576442,0.9986407325597492,0.8793672716715323,0.9957380695149726,0.848439912432785,0.9915777463658435,0.9942326259420329,0.7259803154597683,0.9964004414044404,0.9996423450032088,0.9989166927108446,0.9989278755907428,0.9995710569028422,0.9998428252498321,0.9443591520414079,0.9950799971441407,0.9891638066311318,0.8451746521689916,0.9995761975462674,0.9978535564494525,0.9925466926916714,0.9889821309779715,0.9909172957812001,0.9966122137237083,0.9962959768204855,0.9974670402950185,0.9988756275191972,0.9939887307846931,0.9989828380160127,0.999451275648234
CFR,0.992272192508772,0.9944958118155613,0.843207885374078,0.785018175994832,0.9268713408666015,0.9937318403726227,0.9984767876013128,0.9954998985600512,0.9964793075320568,0.9870347994055021,0.9973980183409504,0.9999999999999999,0.9938567694711997,0.9965944030078352,0.96835206797922,0.9970264029115338,0.9836658897966993,0.9952591938067193,0.9995968508529652,0.9963034001820877,0.9993292879198122,0.998880128460046,0.9967543518828481,0.9979402311839005,0.9968726167538839,0.9994730459246652,0.9150281718434279,0.9986605446863794,0.9987482970956826,0.9947455803939538,0.9849562790330245,0.855842068589663,0.9963528661717155,0.9962508962917415,0.9920919668449311,0.9995085412932567,0.9992495520297511,0.9924794726805133,0.9941990365838284,0.8973849328638918,0.9885315131965551,0.836801777230841,0.9975993153578095,0.9992532741199331,0.7248296831486467,0.9934200097002689,0.9955669375721101,0.9940188217158707,0.9978461270277279,0.9952698705300138,0.997476677015991,0.9631090509613613,0.9871558708661109,0.9968761920444508,0.8370326105445077,0.9965763434576567,0.9919469514638265,0.9981505647054629,0.9818262492265364,0.9821769522224935,0.990333137639615,0.9998115312874033,0.9985869717098017,0.9954916901053438,0.9978171578504113,0.9952939309350162,0.9981328862792394
CIT,0.9971911469546465,0.997998028147858,0.8575605128989364,0.7643407926344393,0.9064789537828177,0.9895135016043267,0.996759062248137,0.9882028924727825,0.9839121475480918,0.9823395219080915,0.998438609744077,0.9938567694711997,0.9999999999999997,0.9971929205276842,0.9805066694136452,0.9903831421628502,0.9919457071046733,0.996860993354884,0.9933945266000551,0.9832458311490483,0.9934643582346001,0.9900422152400273,0.9963814671914443,0.9982285793763632,0.9983599141944172,0.9935969740467377,0.9069072397116514,0.9975719128353292,0.9975780862771858,0.9971277175332343,0.9912716833860742,0.8664240722135421,0.9909855970994089,0.9992206803256624,0.9857471559320541,0.9916674725005223,0.9940328649664282,0.999230309627606,0.9971215406832616,0.8760144501827161,0.9954476197893117,0.871203418408513,0.9851802477158107,0.9902229973048347,0.7373310776671699,0.9951055564239123,0.9982072700519059,0.9988009744220254,0.9971429906832284,0.9982238561453475,0.9976489819701385,0.937938275330197,0.9947906574490761,0.9832503301101537,0.8627839226578596,0.9977152555909039,0.9969485896148832,0.9895466657617746,0.9920172373811333,0.9954044717350101,0.996778305387247,0.9928082936084585,0.9957028672813215,0.996681726398943,0.9925522484013029,0.9975222035743678,0.9970599757821911
CMA,0.9972223794305456,0.9981803428009158,0.837120956152446,0.7493875305187228,0.9034176342245149,0.9878488445595812,0.9965324873332311,0.9888521648294124,0.9874231916161266,0.9796999700251237,0.9986465425791482,0.9965944030078352,0.9971929205276842,1.0000000000000002,0.9716797046893174,0.9920794769127625,0.9922369338794704,0.9993696294873295,0.9972342912210954,0.9874262187902876,0.995452169445162,0.9930901308914531,0.9992934033780863,0.9983801157152769,0.997779581540299,0.9951342794812829,0.8981698968098408,0.9974745467754813,0.9983880254074461,0.9977882609187017,0.9879903502649582,0.8458842241486765,0.9958179064403428,0.9985325655381123,0.9847086738567004,0.9943649925941523,0.9963977887546414,0.9975206986074947,0.9974131858076806,0.8710738416252671,0.9971291304128262,0.846951556227973,0.9917195165778041,0.9938013354986714,0.7223194601743442,0.9948864946858963,0.9981908670103106,0.9985322849161339,0.9993217950346373,0.9982802485362642,0.9982609920758526,0.9400488896475782,0.9959859150941547,0.9877830697422452,0.8409497254982693,0.9992412717708081,0.9982546882738348,0.9915869171304015,0.9894309416697955,0.9906290840871446,0.9966701025561228,0.9951841430230431,0.998373928752366,0.9973440952037919,0.9933542614225574,0.9973194065788592,0.999061348760546
CNND,0.9681671379576535,0.9692303237517423,0.9291643266074274,0.8262632889914225,0.9281418352965309,0.9845897926526774,0.9769251692109617,0.9793870269601764,0.9652160546150038,0.9864195402396697,0.9725154181495588,0.96835206797922,0.9805066694136452,0.9716797046893174,1.0000000000000002,0.9753268051039286,0.984064440788288,0.9667692692916421,0.9647425748456272,0.9607362300007399,0.9637867999843946,0.9702476923341239,0.9682459191279164,0.9752955917621361,0.9741369736043513,0.9696557366769936,0.9543206213255967,0.972412353670009,0.9705154558438461,0.9731604030525086,0.9833894497968326,0.940401511385191,0.9717213615804917,0.9799436717929708,0.9826114488346736,0.9699821463619704,0.9654796225510305,0.9773565077246349,0.9650419364772544,0.9100897775545203,0.9666325464051521,0.9450745358483132,0.95804249235385,0.9649961742138631,0.8130182411059246,0.961429667051423,0.9692465384029472,0.972097508543882,0.9754726010371771,0.9722997160269201,0.9689103935533309,0.9338190764417191,0.9631293812619656,0.9547414120355536,0.9403955258976706,0.9716865476923716,0.9681674278888491,0.972497173868455,0.984825607583752,0.9877534303185396,0.9658817924921084,0.9689978461345881,0.9764456353640961,0.9641883404659475,0.9790694978272368,0.9745161271444231,0.9676376288077265
COF,0.9872231331593587,0.9892274805982637,0.8724753278539517,0.8187464163878851,0.9470342747051216,0.9963750521619121,0.9975950753032773,0.9984076825763215,0.9976866776609624,0.9924065465508277,0.9933848037321522,0.9970264029115338,0.9903831421628502,0.9920794769127625,0.9753268051039286,1.0,0.9850309553741885,0.989108383121422,0.9951917798380439,0.9976387598993414,0.9954559815238645,0.998693149749757,0.9929509923903742,0.9951559708102131,0.9936080717026781,0.9977718862193504,0.9343674086471377,0.994617224188518,0.9944919362430589,0.9925119316269277,0.9889367319291259,0.8772685842886839,0.9973419946105276,0.993259252244543,0.995395202344858,0.998281516884827,0.9957565462720227,0.9878522526758843,0.9866620115418298,0.9225900140939728,0.98229719831579,0.8523876066699406,0.9966807662187781,0.9961589462561781,0.7678912642955058,0.9862388105867469,0.9901115268888302,0.9878967767692352,0.9955445322905694,0.9912769187395793,0.9928397975133046,0.970075351139379,0.9795284384535342,0.9935625821649289,0.865227117093751,0.9929727372246827,0.9867361765109375,0.9980219336735676,0.9848007076809643,0.9806572808181504,0.981412060691554,0.9974275265414504,0.9969401596114642,0.9882518659262575,0.9983483459147333,0.9935020343640403,0.9926546121821527
DFS,0.9899777006630756,0.989033588372185,0.8653452027594362,0.7507520297527943,0.9055768595828025,0.9816210469209461,0.9878583973001905,0.9815171748921391,0.9740090802285444,0.9764481486687446,0.9890735081593934,0.9836658897966993,0.9919457071046733,0.9922369338794704,0.984064440788288,0.9850309553741885,1.0,0.9898183259140526,0.9838977898538689,0.9729176323757637,0.9801095098619192,0.9813465087768722,0.9903688818584764,0.9896851803260269,0.9884169262867936,0.9826172697049299,0.9070315151997356,0.9862482672827367,0.987005339397273,0.9911227931587302,0.9933665626139921,0.8692360276291671,0.9891064397964798,0.9921647723243407,0.9783968010608654,0.9822213902584379,0.983563625718126,0.9922505841671266,0.985875119422438,0.8692976700419555,0.9922781881276097,0.8844612993554162,0.9769489331047695,0.9794792131910965,0.7815425523541837,0.9794053074990108,0.9878939245569005,0.9903556218820727,0.9920927169605505,0.9898568545287808,0.9873605630737211,0.9210584006476901,0.9897734881503899,0.9691222547486215,0.8870325235729155,0.9914067165815709,0.9915064650044683,0.9801878957685783,0.9981401867082584,0.9932056245165514,0.987193397326003,0.9822773914928261,0.9912367633078627,0.9846716106224485,0.9851270706864349,0.9900204323875024,0.987511474505783
EWBC,0.9987191367413597,0.9992798174504937,0.8272946270653085,0.7359825421769716,0.8931833195024557,0.9838240311063593,0.995479240924939,0.9848938699311641,0.984052230649559,0.9741184822893587,0.9988110308727599,0.9952591938067193,0.996860993354884,0.9993696294873295,0.9667692692916421,0.989108383121422,0.9898183259140526,0.9999999999999999,0.9962269600695244,0.9850068826281363,0.9952454122586836,0.9903420294539463,0.999333929821106,0.9980572561037937,0.9979897903495848,0.9941175890649725,0.8858637885394147,0.9972165800502741,0.9980630574258409,0.9981026965741688,0.9867016542315883,0.8335236595502648,0.9934096241689054,0.9979527202132267,0.979984937856065,0.9921178322651998,0.9960753603889647,0.998083111720541,0.9989928653882832,0.860070637126685,0.9983113730419321,0.8380344639111657,0.9894462301590562,0.9917705638636889,0.7100703488568478,0.9955446638276907,0.9991609220980076,0.9992260677947443,0.9982107498992451,0.998913745161342,0.9987821863054164,0.9328166011249729,0.9978691765592652,0.985760719590262,0.8311524400949347,0.9993389953914178,0.9991515017183203,0.9884733746482011,0.9879897401544478,0.9900102646909671,0.998241849137162,0.9934995405208946,0.9962563786872214,0.998803292916887,0.99006407598765,0.9973458986794124,0.9991565295280092
FCNCA,0.99287868446387,0.9947710401473153,0.8301598682156007,0.7687373928762116,0.9207108451757874,0.9909857065505259,0.9972802091341956,0.9932377027253019,0.9947753854147505,0.9833984942353332,0.9972186801606333,0.9995968508529652,0.9933945266000551,0.9972342912210954,0.9647425748456272,0.9951917798380439,0.9838977898538689,0.9962269600695244,1.0,0.9945848983211146,0.9988369165474993,0.997685890773049,0.9971315064624462,0.9974268424277489,0.9962021295229624,0.9985087668172082,0.9063745767405966,0.998330753385427,0.9985772498475946,0.9942842553128042,0.9840112185851023,0.8452647010968981,0.9955033598711001,0.99573698300322,0.9893028517676701,0.9986206924509005,0.9992808045067857,0.9925768494871074,0.9951081204419682,0.8862884197242125,0.989975839052969,0.828808320531301,0.996982435438448,0.9990336601755042,0.7176608860062315,0.9931060227237969,0.9957436445595449,0.994564883531106,0.997607952799656,0.9950589093408301,0.9975629697536108,0.9582750236178783,0.9889036695656789,0.996479916060806,0.8279713106892228,0.9967878695479837,0.9926318469637354,0.9968180711209226,0.9813149214490732,0.9809730184475524,0.9917036538734749,0.9992225135439818,0.9983466787847203,0.9962550917496602,0.9962687318375992,0.9943628928193172,0.9986466920118251
FFIN,0.9817270016044753,0.984610939134911,0.8540594084109334,0.8202478302608694,0.9465709387676909,0.9927614655010681,0.9944183181954599,0.9962342844493506,0.9991417958072859,0.987853912395397,0.989553664974794,0.9963034001820877,0.9832458311490483,0.9874262187902876,0.9607362300007399,0.9976387598993414,0.9729176323757637,0.9850068826281363,0.9945848983211146,1.0000000000000002,0.9957221190053529,0.9983549698545989,0.9893385883007612,0.9913253946968547,0.9896948989216832,0.9971843379647269,0.9271447520373195,0.9919400366469163,0.9916790632042394,0.9875905900032693,0.9792270398699848,0.8600327963549065,0.9944101743522998,0.9876969735803758,0.9924149411341039,0.9977918336551377,0.9950678411821239,0.9808907433501522,0.9829988430079875,0.9242897913723308,0.9750648814853716,0.8229850319446151,0.9985460757623752,0.9966399959655301,0.7411937918996564,0.983440833089,0.9860831811777453,0.9822975641796492,0.9913120617401435,0.9866209164871094,0.9897828949216458,0.9773047858164191,0.9725974557242619,0.9970372014261981,0.8371721284294545,0.988590900908149,0.9806613462898068,0.9974333642191087,0.9723262921526751,0.9690188091208138,0.975702647058956,0.9969740355847426,0.9931518659644195,0.9855505012831646,0.9955659649130518,0.9887088865225278,0.9899655871084428
FHB,0.9932983014402267,0.9953536517587326,0.8380345709266422,0.7811115764105163,0.9214463696891603,0.9911590122664069,0.9982413773385295,0.9930031856250716,0.9948244540981631,0.9832305923647124,0.997700017654698,0.9993292879198122,0.9934643582346001,0.995452169445162,0.9637867999843946,0.9954559815238645,0.9801095098619192,0.9952454122586836,0.9988369165474993,0.9957221190053529,1.0,0.9972892665272655,0.996626787469428,0.9979204374431927,0.9974488546909006,0.9994730470175078,0.9067187536558727,0.9988013097011269,0.9987537682379648,0.9951497834758768,0.9838445092880648,0.846839033102843,0.9944642132035373,0.9956353832490885,0.9889274993842189,0.9982489406278209,0.9994601985757605,0.992522984869633,0.9952911676793956,0.8932128617497619,0.9884227525738792,0.8280018784054376,0.9964350901703118,0.9979787821687703,0.7157229608598179,0.9945111975357678,0.9964433598542822,0.9941495895051167,0.996741576684964,0.9958779510852312,0.9981419757343949,0.9600167000370659,0.9876481492013849,0.9961161486695901,0.8290294160144139,0.996513363442172,0.9921759536686374,0.9962419655814199,0.9797918237790694,0.9809130742680193,0.9907994410903876,0.9989648194335954,0.9965817843097505,0.9966695509191049,0.9955489172656399,0.9957402940876057,0.9981223944500247
FITB,0.9866100690593524,0.9894191190149322,0.8564992335579149,0.8087222596439461,0.9412387150009462,0.9963236594940365,0.9972116767293583,0.9983336982784631,0.9991225818378805,0.9916897798250366,0.9938131562779068,0.998880128460046,0.9900422152400273,0.9930901308914531,0.9702476923341239,0.998693149749757,0.9813465087768722,0.9903420294539463,0.997685890773049,0.9983549698545989,0.9972892665272655,1.0000000000000002,0.9931606486370558,0.995189035473871,0.9935224111113402,0.998611429359702,0.9299481341016901,0.9958664847133887,0.9957571535238432,0.9911834043507697,0.98340277966679,0.8695953254681931,0.9965218955970532,0.9932352779181581,0.99568750397963,0.9998322855694379,0.9970712582188387,0.987548831139656,0.9883309185957497,0.9152728817216594,0.9821249121537312,0.8419874728621322,0.9984451830122913,0.9990463691746487,0.7400997985192078,0.9886565352099307,0.9907635632926172,0.9887920641053476,0.9956578971170696,0.9910316483101216,0.9935739408273088,0.9731395435186655,0.979815313338182,0.9974982954209227,0.8467402555753966,0.9928772773317659,0.9864701460413887,0.999634411302234,0.9791890615934487,0.9781179211934408,0.9834620833294135,0.9993044642607616,0.9976224625104361,0.9901108949273189,0.9990624561581068,0.9922050552722428,0.9943738319762379
FMAO,0.998233820070984,0.9988851774623851,0.8372625475668829,0.7527097966587987,0.9043979669074852,0.9866200588741707,0.9972701597991335,0.9883778882669799,0.9879078300125014,0.9777053333897127,0.999093912779152,0.9967543518828481,0.9963814671914443,0.9992934033780863,0.9682459191279164,0.9929509923903742,0.9903688818584764,0.999333929821106,0.9971315064624462,0.9893385883007612,0.996626787469428,0.9931606486370558,1.0000000000000002,0.9988489133534904,0.9985808808219196,0.9961953128113186,0.8939870073896993,0.9976117652774757,0.998489054121391,0.9990882853572829,0.9890297802918411,0.8389716436024002,0.996480153707222,0.9980800150107376,0.983145255851686,0.9944069644394804,0.9973734605533274,0.997124053730433,0.9976456994507183,0.8741442227108996,0.9969173442329046,0.8378582111639086,0.9928213330489816,0.9934026208569982,0.7252170289994438,0.9949195931314725,0.9987780293981544,0.9980366554988039,0.9992153741045221,0.9990715613067849,0.9990113995906998,0.9400499375009009,0.9958865545450055,0.9880065192084146,0.8376761083288623,0.9997841261045856,0.9985715380056882,0.99107365244596,0.9891627247754885,0.9890899277394982,0.9956959852374662,0.9952443614559588,0.9975593258903693,0.9978171207191278,0.9924101557402016,0.9985860928690874,0.9990800118482317
FMBH,0.9975372550279926,0.9986362440799474,0.8535521422441485,0.7747366789784653,0.9158728016993504,0.9918638216388788,0.9993860382510379,0.992425071705667,0.9907457774382414,0.9844092309625267,0.9997967596591499,0.9979402311839005,0.9982285793763632,0.9983801157152769,0.9752955917621361,0.9951559708102131,0.9896851803260269,0.9980572561037937,0.9974268424277489,0.9913253946968547,0.9979204374431927,0.995189035473871,0.9988489133534904,0.9999999999999999,0.9997706971502329,0.9981257986390819,0.9088251651213076,0.9994144055233203,0.9994210224158803,0.9988493385714637,0.9911577229312124,0.8588398704237501,0.9957514233198522,0.999436386525292,0.9887725835854879,0.9963366403950229,0.9982609495656862,0.9979266221943509,0.9976078689977684,0.8875924939117841,0.9945423042700976,0.8533649738436091,0.9926862948109688,0.9950509031464994,0.735493115428513,0.9952201849492602,0.9989908765540819,0.998135745548719,0.9992578938218677,0.9992000491547971,0.9994930291622492,0.9488714047736247,0.9935579248668812,0.9901765219152616,0.852324442975816,0.9993784363889802,0.9969180112527849,0.9941336374473468,0.9897135937282692,0.9910228242177311,0.9951359623388267,0.9971075412531542,0.9981816586908897,0.9980069469813794,0.9955192493462168,0.9990365327877012,0.9990610380313932
FNB,0.998050686538308,0.9991200778423781,0.8534015999664591,0.7720276334017164,0.9103357121888521,0.9902432554739625,0.9988719683207629,0.9904418117053174,0.9886711792351683,0.982245150545457,0.9997961249918907,0.9968726167538839,0.9983599141944172,0.997779581540299,0.9741369736043513,0.9936080717026781,0.9884169262867936,0.9979897903495848,0.9962021295229624,0.9896948989216832,0.9974488546909006,0.9935224111113402,0.9985808808219196,0.9997706971502329,0.9999999999999999,0.9973032840844553,0.9045268726426006,0.9990430883986344,0.999112801556643,0.9991130177008933,0.990268160476711,0.8559879877371901,0.9944848919975801,0.9992586326838057,0.9866262408814033,0.9948391075710314,0.9974031668260508,0.9982634298342273,0.9979870510043595,0.8843534592596232,0.9948797704524165,0.8528653107182907,0.9910003488618662,0.9933385499824026,0.729659148469242,0.9961764305754123,0.9993940847736358,0.9983986224988926,0.9985929194590858,0.9996028098497459,0.9994902977766548,0.9451591785855705,0.9941453774409427,0.988233903151348,0.8502725888302267,0.9991931366649452,0.9973705394957553,0.9922611448406977,0.9890712788408442,0.991709749666065,0.9956706517161075,0.9958008071467691,0.9968273357989296,0.998251218401725,0.9938795104752824,0.999408946018621,0.998689241648493
GBCI,0.9923819401710576,0.9943637858265818,0.8520509276224243,0.7955582342223951,0.9314148727578837,0.9942404056677829,0.9991622281032201,0.9959772431541016,0.9966386718075384,0.9877093607001275,0.9973172826571305,0.9994730459246652,0.9935969740467377,0.9951342794812829,0.9696557366769936,0.9977718862193504,0.9826172697049299,0.9941175890649725,0.9985087668172082,0.9971843379647269,0.9994730470175078,0.998611429359702,0.9961953128113186,0.9981257986390819,0.9973032840844553,0.9999999999999999,0.9179643175591172,0.9985938678221249,0.9982490389012829,0.9952454467434473,0.9870685463684984,0.8601870371654278,0.9959576752033239,0.996060420533812,0.9924421538879852,0.9991778562026731,0.9992971059910162,0.9922922436273994,0.9936382314339033,0.9041997943026381,0.987273281516189,0.8394556925537443,0.9970081330189703,0.9983074704990296,0.7350210731868431,0.9922579204219999,0.9954074007760629,0.993192056358885,0.9972416050872566,0.995395217095319,0.9974256315321662,0.9644844480249622,0.985937095163568,0.9962024326696514,0.8440885874877117,0.9962951744997133,0.9911374190070953,0.9978756427273928,0.9825800912145798,0.9822902838583931,0.9888548221005183,0.9994524318142468,0.997589538369521,0.9950902531892121,0.9974966116816593,0.9959205085478965,0.9972617283045373
GS,0.8815418133344071,0.8879161540452455,0.950725763182012,0.9399486419778003,0.9704621046578604,0.9532574353551926,0.9200336929652113,0.9484328626626349,0.9361279849829612,0.9672394623529328,0.901434581267708,0.9150281718434279,0.9069072397116514,0.8981698968098408,0.9543206213255967,0.9343674086471377,0.9070315151997356,0.8858637885394147,0.9063745767405966,0.9271447520373195,0.9067187536558727,0.9299481341016901,0.8939870073896993,0.9088251651213076,0.9045268726426006,0.9179643175591172,1.0,0.909011381543521,0.9049234102802477,0.8980188262993896,0.9148088976640019,0.9784318412080458,0.9175549893125625,0.9108215752835159,0.9581079070281449,0.9253967090589575,0.9055003518076777,0.8959120240117026,0.8820232160119519,0.975657490157313,0.8722803960209329,0.9186364835458262,0.9151803836215505,0.9192566452715072,0.8238495861874359,0.887431909826489,0.8910474409492032,0.8903924583019703,0.9098726970377101,0.8954755479810046,0.8967773332887524,0.9618182865921024,0.8647066051746289,0.9179882524670915,0.9305263286928303,0.8970890716266241,0.8810421094849579,0.9358759651081041,0.9062775841074531,0.9068638455359626,0.8754317735764037,0.9202598239713288,0.9190902032450846,0.8850781820130297,0.9385849930128561,0.9033273976324196,0.8966162807772675
HBAN,0.9961153776163492,0.9976211156296197,0.8459101557968369,0.7745982906598744,0.9178883471351114,0.9922549575559321,0.9990328070346713,0.9927538133793629,0.9919728143190405,0.9847294433930871,0.9993531640636037,0.9986605446863794,0.9975719128353292,0.9974745467754813,0.972412353670009,0.994617224188518,0.9862482672827367,0.9972165800502741,0.998330753385427,0.9919400366469163,0.9988013097011269,0.9958664847133887,0.9976117652774757,0.9994144055233203,0.9990430883986344,0.9985938678221249,0.909011381543521,1.0000000000000002,0.9997000332312015,0.9968556294868295,0.9884743559042164,0.8575138264929393,0.9938184810740995,0.9985188584392535,0.9895923883065814,0.9971981031095565,0.9989330303276642,0.9967247577441539,0.9976483117094952,0.8865922021310706,0.9924126406347693,0.8476583260142511,0.9929887697436444,0.9967002554249204,0.7259318298111059,0.9954975774437314,0.9984469711873719,0.9974956906555529,0.9981426391500701,0.9979380598072016,0.9993628453508442,0.9531900603840573,0.9917985447939794,0.9929048779785752,0.84444001670327,0.9982428565372432,0.9950427666001789,0.9953166309174004,0.9860431082724503,0.987911283093077,0.9948680630294732,0.9981735714959216,0.9977422641821432,0.9983272843658013,0.995983552265602,0.9973027980275481,0.9992104513595333
HBHC,0.9965683236229715,0.9981248513890286,0.8415415979624872,0.7686796029819399,0.9138778434461562,0.9911089357975196,0.9987053452269641,0.9918625865247968,0.9915501767610617,0.9831903371324625,0.999550563310181,0.9987482970956826,0.9975780862771858,0.9983880254074461,0.9705154558438461,0.9944919362430589,0.987005339397273,0.9980630574258409,0.9985772498475946,0.9916790632042394,0.9987537682379648,0.9957571535238432,0.998489054121391,0.9994210224158803,0.999112801556643,0.9982490389012829,0.9049234102802477,0.9997000332312015,1.0,0.9974035546258967,0.9874822861729798,0.851427049350609,0.9948472184056975,0.9985264127311775,0.9882453579041294,0.9970399355493587,0.998759658207047,0.9967704749183517,0.9978437569726364,0.883290269692176,0.9936210818506893,0.8433660030098447,0.9936940732637253,0.9965439155803412,0.7210929599615994,0.9968065597393458,0.9987947818733738,0.9979215072294015,0.9987049293136198,0.9983637221735214,0.9995344606750051,0.9508480966717653,0.9928880274512267,0.9924495533360275,0.8394406624600161,0.9987629481169553,0.9962588681084187,0.9947872177815689,0.9861177712997089,0.9879440106477274,0.9953920491207319,0.9979549988456714,0.9980660314329698,0.9984026335856013,0.9955983210500438,0.9978090462244077,0.9996208801844163
HOMB,0.9986564310973121,0.999022033203959,0.8534937643322301,0.76338686977802,0.9047106177195574,0.9868876248877652,0.9974811220429106,0.9877478739483623,0.9856122043959654,0.9784351973033506,0.998888060914191,0.9947455803939538,0.9971277175332343,0.9977882609187017,0.9731604030525086,0.9925119316269277,0.9911227931587302,0.9981026965741688,0.9942842553128042,0.9875905900032693,0.9951497834758768,0.9911834043507697,0.9990882853572829,0.9988493385714637,0.9991130177008933,0.9952454467434473,0.8980188262993896,0.9968556294868295,0.9974035546258967,0.9999999999999999,0.9916452251497466,0.8489659674690081,0.995484908867195,0.9984608892973587,0.9828184064561838,0.9923828363051991,0.9956397371735873,0.9979586964667966,0.9968762429260943,0.8796649035972309,0.9966080963177327,0.8509082646082726,0.9897804509921146,0.9902382875465776,0.7369886643590808,0.994105008976625,0.9986842349779952,0.997750599269915,0.998507507861246,0.9995968730379227,0.9984412453355596,0.9371273654533062,0.9954994262906758,0.9840457620272941,0.852334008682924,0.9993871717035808,0.9985232870836572,0.9890643518204975,0.9917968643970051,0.9924841902930543,0.9948854134393942,0.9931631807037455,0.995995917972201,0.9968489597316913,0.9912676431307522,0.9997183808894384,0.9974848565483196
HTH,0.9904705478624256,0.9888854840638868,0.8786743923328862,0.7815592725652782,0.9280386888763464,0.9843658156582088,0.9913148341780317,0.9850552045920183,0.978488233903724,0.9791349922534849,0.9898103023801001,0.9849562790330245,0.9912716833860742,0.9879903502649582,0.9833894497968326,0.9889367319291259,0.9933665626139921,0.9867016542315883,0.9840112185851023,0.9792270398699848,0.9838445092880648,0.98340277966679,0.9890297802918411,0.9911577229312124,0.990268160476711,0.9870685463684984,0.9148088976640019,0.9884743559042164,0.9874822861729798,0.9916452251497466,0.9999999999999997,0.8757530347591357,0.9872339378731992,0.9913094696952082,0.9813234420201883,0.9843868363075926,0.9873400099796416,0.9911296768556922,0.9858381523668079,0.8900261856469676,0.9870504697976163,0.8783517111697048,0.9781174791432604,0.9810257776944886,0.8118006087429699,0.9769614730554264,0.9882450116151899,0.9881399830141886,0.9902714203021273,0.9899346332141034,0.9889647929559686,0.932844219465331,0.9853484263024945,0.9732346931101848,0.8964929450217974,0.990940857982001,0.987919745388971,0.9828613164204661,0.9973084333912066,0.9888306247019486,0.9831228697038138,0.9847203219032973,0.9891690435436613,0.9855778376459254,0.9861738850916326,0.9911662388793334,0.9868389279522165
