Ticker,ABCB,ABTX,AJX,ALTA,ARI,AXP,BAC,BBT,BK,BOH,BOKF,C,CFG,CFR,CIT,CMA,CNND,COF,DFS,EWBC,FCNCA,FFIN,FHB,FITB,FMAO,FMBH,FNB,GBCI,GS,HBAN,HOMB,HTH,HWC,IBKR,IBOC,ISBC,JPM,KEY,LARK,MBWM,MCBC,MS,MTB,NAVI,NKSH,NTRS,OPY,PACW,PBCT,PGC,PNC,PNFP,RF,SCHW,SFBC,SIVB,SLFC,SRCE,STBA,STT,SYF,TCBI,TFSL,TSC,UMBF,USB,WAL,WFC,WSBC,ZION
ABCB,1.0000000000000002,0.9994329750322787,0.6475355995439855,0.9803486075904063,0.12730704159937262,0.8980641792433623,0.9658233993413805,0.9972219230064778,0.8810970784132734,0.9851168713102405,0.9840464851159296,0.96824654377511,0.9992729811626612,0.9671893377227523,0.99945573399424,0.9905186946456171,0.9388176876513822,0.9951920765113285,0.9791740437916711,0.9968134853221482,0.9935876058880165,0.9904896030234352,0.9919360241077789,0.9907454675682301,0.9979478689833362,0.9997931927920806,0.9994491619520577,0.9953679781917716,0.8805580959549202,0.9982559332663464,0.9979668942806408,0.9694730501830006,0.9978866652197871,0.12982917473014816,0.9818035039920165,0.9928227986707163,0.9565470747059176,0.994579851881621,0.9953769080895339,0.9985162937042151,0.982891239208511,0.7772889416470371,0.997777925204751,0.6452465934372381,0.9811811767683818,0.8975124697596027,0.34687152166390123,0.9864015612613429,0.9991931847487767,0.9983922572503047,0.9864637597375564,0.9990695454627903,0.9913687403878609,0.8110597028707234,0.9987641241204553,0.9432614829947533,0.6343151661346106,0.9990424689569705,0.9980189434553187,0.8424113834758787,0.9826379664305357,0.9954129338186228,0.9703494815722051,0.9951860022682483,0.9837460553385967,0.9887165553786048,0.996114955886183,0.9833662383222649,0.9986603701636938,0.997382542118626
ABTX,0.9994329750322787,0.9999999999999996,0.6491605786787875,0.9789960596731642,0.11011372930266224,0.8836606833226477,0.963272620375129,0.9960359867364981,0.8749518798815167,0.984915416247758,0.9821297603269366,0.9653759779094033,0.999193352294143,0.9653872517051713,0.999113285197054,0.9900842376261583,0.9405473440408345,0.9929290645917643,0.9771142699825897,0.9973914799096311,0.9935061870185685,0.9915725892261017,0.9914044261286127,0.9897004868934679,0.9977454569408077,0.9997335894938052,0.9996689514383287,0.9942797414101303,0.8696724168716299,0.9981833136232702,0.9969363165453153,0.9611351382519732,0.9982223796564659,0.09901562103427189,0.9800835832463262,0.9945293497935693,0.9534032550213601,0.9939585597087698,0.993898596857827,0.9993254824058005,0.9819499262233898,0.7633941516479406,0.9978344683460296,0.6519698284591886,0.9798685155909224,0.893454499567287,0.32150159279829177,0.9892784962130292,0.9997962809741928,0.9995432629533588,0.9850736124525928,0.9990713550204526,0.9901680591226586,0.8052890907092706,0.9989637064151091,0.940913901985691,0.629170338432292,0.9991373340734802,0.9988841102970638,0.8368399814677694,0.9793877467240748,0.9959954694124017,0.9733833987799615,0.9975319656871996,0.9822654428477712,0.9876951645214211,0.9965673804342254,0.981839107983732,0.9984151400851046,0.9976966606179413
AJX,0.6475355995439855,0.6491605786787875,0.9999999999999999,0.4942805821788402,0.3182238943068631,0.5919660423548913,0.4447873872370156,0.5945341174369343,0.2522914830663769,0.5157905531897904,0.5192695022670487,0.4639810064369597,0.6243874855997564,0.4431861069161786,0.6274713669482611,0.5609349536929972,0.8489689528666589,0.6256086741848531,0.7077612730383889,0.6021284140100677,0.5663974894549516,0.7372169478798063,0.5511781129306332,0.5556018927092892,0.6225761960331121,0.6447554102125076,0.6417722494535636,0.5762423959739401,0.4424648412868777,0.6054433071951072,0.6289592506822049,0.5696854720103713,0.607309228960553,0.23274456925749507,0.5580696001511806,0.715976351312018,0.41566742533059076,0.5744887652557014,0.5742917046035244,0.6668069203985537,0.4994313004922531,0.19064125132182017,0.6268793977327927,0.9584015176427276,0.5214079230163079,0.2626655708960776,0.5230007748847821,0.5872609177553285,0.63834594353194,0.6476609877031431,0.5387518521333948,0.6303523051908964,0.5446702992369437,0.11232018281153869,0.6268719904223811,0.364090358071802,0.9554157103280104,0.6596812577762055,0.665240039018095,0.16385744273776293,0.7298835524152069,0.5799251021922034,0.7944732493977226,0.6572544459294379,0.5055176347603586,0.5549853053534963,0.5889344643632927,0.5140697970870792,0.6594786244739226,0.5990774341886274
ALTA,0.9803486075904063,0.9789960596731642,0.4942805821788402,1.0000000000000002,0.09492698188741473,0.8820423892357752,0.9973975321881714,0.9919292386079219,0.9537997894710226,0.9983677209022307,0.9992232598785417,0.9972315480357334,0.9859386225985562,0.998048599316318,0.9839616638484554,0.9957122374912153,0.8585717431170325,0.9852266788784023,0.9477273716798399,0.9895581230264567,0.9945455990755439,0.9479757802157605,0.9959288740288303,0.9970442122028402,0.9872878370134163,0.9814699232341705,0.9814152149624951,0.9943635348440935,0.918456926550702,0.9874407626660693,0.9865636078240028,0.9688201304099614,0.9877036609400233,0.10932101420972831,0.9922056708841697,0.9542937747775981,0.9946323012946687,0.9946985215090469,0.9940209549060418,0.9724393959434628,0.997582157011154,0.8616357711689895,0.985399138984023,0.4903246924182115,0.9979099343257622,0.9657136482256988,0.27382071879514913,0.978815289743463,0.9809788981032804,0.9773053343112315,0.9980007232969388,0.9850816946259883,0.9968793598959508,0.9069239528703749,0.9848679831108669,0.9890040086269688,0.4850611153196024,0.9776455972027058,0.9751119240224333,0.9299061829185372,0.9433311983731819,0.991956937783562,0.9089654959104017,0.9694171496810949,0.999659223666343,0.9955772735253817,0.988478101780776,0.999051214032434,0.9784565108630122,0.9897715774717865
ARI,0.12730704159937262,0.11011372930266224,0.3182238943068631,0.09492698188741473,1.0,0.25570404910300015,0.1162983051302339,0.12972229186426437,0.13991249136962924,0.05506611681069354,0.11519556492549561,0.11764382102893238,0.11911420163876847,0.09779202116690774,0.1039591361767484,0.08246783824004056,0.09464971951416996,0.15049374790598888,0.09895436653199394,0.0815698902756197,0.0684971423584192,0.11975810873891866,0.1149860902658758,0.10019265459504892,0.10970315002940013,0.12037383503148318,0.1288716078883419,0.12382298760612771,0.24583127213297265,0.09481909410144335,0.15406154912285863,0.2060953274658943,0.09513217736201966,0.569865302947133,0.13805749195936623,0.09456915930966056,0.09989796531903303,0.08995306858972539,0.11341964134156478,0.09462671995443976,0.09681865048403973,0.2865363343197432,0.09197354775098308,0.040177196117009255,0.11724161867501338,0.07907774764427829,0.3717030686155746,0.08516310179921023,0.11038198894984792,0.08131924008702236,0.11323189968012262,0.1311907432723463,0.1121938800854557,0.12063136980786862,0.09004106331250723,0.07217541352396457,0.2432084644974805,0.10919992897300694,0.10266719307847373,0.09884793727458892,0.14987869269382129,0.07489605054101348,0.10254641391842266,0.05470510134259218,0.09359081464864331,0.07947306055876778,0.08793378663054467,0.09186082064847376,0.15455552970331102,0.08397515561913918
AXP,0.8980641792433623,0.8836606833226477,0.5919660423548913,0.8820423892357752,0.25570404910300015,1.0000000000000002,0.8799187614725303,0.8993546473905016,0.8387680174961843,0.877005740453139,0.8948765603818044,0.8905391425662886,0.8893065102603825,0.8713289454008039,0.8958400792716684,0.8886904375333735,0.8445482630270454,0.9176158102794743,0.9199389348028333,0.8810727462667252,0.885909322266739,0.8788921396726308,0.8808251246590323,0.8941216090482059,0.8935261588573865,0.8919516564771508,0.8853107803945114,0.8940830107629292,0.9273925748015555,0.8879050347313857,0.8990649215156882,0.9697815169307259,0.8836631786983936,0.5094565121131588,0.8958393953431819,0.8720718810536457,0.8797837424329985,0.893291869988745,0.9008796937253277,0.8831271165407562,0.874599880121282,0.8466192315277371,0.8925186304763087,0.5450502053362752,0.885549137255,0.8292279100892129,0.6899434944279816,0.838443547414307,0.8814303180191111,0.878291588613048,0.8924559173968212,0.8872442294743518,0.8900856995468458,0.7581939958147257,0.8901461094737356,0.8515663931360339,0.6806465859539583,0.8933171257582692,0.8832910814013041,0.792355898855276,0.9324905433759333,0.8774413281465117,0.8430472223678197,0.8616114804213537,0.8875112940703116,0.8959841954653012,0.8758995635315848,0.8922565886859621,0.8920339153162056,0.8842567062209195
BAC,0.9658233993413805,0.963272620375129,0.4447873872370156,0.9973975321881714,0.1162983051302339,0.8799187614725303,1.0,0.982353627622865,0.9724840138354864,0.9921614728137514,0.9959477442417379,0.9989676377373289,0.9730156283780144,0.9995844233987186,0.9702510937313549,0.98754145696609,0.8233864589297061,0.9752058839302785,0.9286404456523474,0.9770131654051593,0.9846545907784385,0.9249742991800046,0.9887096828690488,0.9900698750033124,0.9747758735031457,0.9669337056435413,0.9671515038352142,0.9857732405911531,0.9297447996088626,0.9747348187863887,0.9751916612644149,0.9661088287278906,0.9752967823732089,0.1269563169113245,0.9875244385329093,0.9318472377461794,0.9989788263259041,0.9853567354634516,0.9852870175128777,0.9543916556116476,0.9935531990740466,0.8921278273665417,0.9717572246872763,0.43103061681477894,0.9947479042803666,0.980484730737951,0.2686800801154276,0.9669907694438173,0.9661063794815645,0.9604133254297231,0.9931101300345111,0.9721743364828256,0.9903895111406751,0.9333906639848285,0.9707305070802673,0.9950707701559299,0.43764569768019435,0.9615890584363649,0.9582566358645388,0.9526609017085139,0.9241111088834246,0.9807870701215912,0.8791417562032885,0.9498496048593588,0.9959978510758527,0.9880911848413202,0.9762597402870554,0.9954254166409211,0.9643738221145366,0.977552901245931
BBT,0.9972219230064778,0.9960359867364981,0.5945341174369343,0.9919292386079219,0.12972229186426437,0.8993546473905016,0.982353627622865,0.9999999999999999,0.913517202290822,0.9936657911294053,0.9942157200013995,0.9836705413146375,0.9987584068698425,0.9831694787439036,0.9980575516167856,0.9962437088063064,0.9118803695415084,0.9963900181715619,0.9707586815072613,0.9978516221400502,0.9976712674589774,0.9784509732607856,0.9980400423800767,0.9972599401329227,0.9981158877316936,0.9973583559986595,0.9972814145492358,0.9995903201153189,0.9004136442005977,0.9984434338473224,0.9984482812123512,0.9754141502309635,0.9983660385476563,0.13085873692744274,0.9900555085791928,0.9820990384016621,0.9752030664118355,0.9986616990663516,0.9993994119569481,0.9927314067679981,0.9928642838280913,0.8159827953565015,0.9970246889196922,0.5876998213196613,0.9917388448014532,0.9274776438971711,0.3272877596723856,0.9881086587268115,0.9967569802796349,0.994331843401221,0.9950436489069164,0.9984111771554351,0.9980633330081179,0.8520621825242466,0.9975099320833286,0.9645882260090263,0.5820915474385152,0.9951269506577065,0.9934510331885079,0.8799435750967044,0.9723787719393563,0.9980289104460508,0.9508051223325243,0.988912897804381,0.9940088762646113,0.9950263270905029,0.9973383020238086,0.9935097773025559,0.9959719389049574,0.9985131008594658
BK,0.8810970784132734,0.8749518798815167,0.2522914830663769,0.9537997894710226,0.13991249136962924,0.8387680174961843,0.9724840138354864,0.913517202290822,1.0000000000000004,0.9382982540957832,0.9493949583849012,0.9693061068402034,0.8933989508154636,0.9691672944403839,0.8886622421679314,0.926488549487133,0.6766980424527693,0.9045972470492608,0.8353512455660503,0.9010265957129555,0.918112475901332,0.8143067613675725,0.9277195892219752,0.9319382797292552,0.8977796299842354,0.8822856800385795,0.8825255746649291,0.9208836816385387,0.9349552535248636,0.8970020133477783,0.9004100052563183,0.92091257741256,0.8974428065951063,0.17691751482042264,0.936417695013704,0.8230639601468306,0.9792374677013179,0.9196488079714307,0.9205777659356222,0.8595484106719425,0.9441846869108773,0.9587380877008141,0.8919909447854077,0.21836739902931002,0.9486512105161032,0.9963400521789145,0.23575122127089687,0.887431049247106,0.8800261672591564,0.8694827983194523,0.9415255665213282,0.8920726784208127,0.9322585466176251,0.9876692428288976,0.8890983357159618,0.9815385715049363,0.2615800771323192,0.8731899998543586,0.8666795534180605,0.9953422046226253,0.8268947209103114,0.90862831668889,0.7466231491456846,0.8512142333668805,0.9487342455731738,0.929917449879925,0.9005059747570716,0.9480351301280954,0.8793266004210061,0.9019098615771725
BOH,0.9851168713102405,0.984915416247758,0.5157905531897904,0.9983677209022307,0.05506611681069354,0.877005740453139,0.9921614728137514,0.9936657911294053,0.9382982540957832,0.9999999999999999,0.9975972422767951,0.9926163346571186,0.9899596694196484,0.9938504354748208,0.9889297421018696,0.9979410805777894,0.8770953097834813,0.9871066622955359,0.9564729933488172,0.9943017306758929,0.9980427769351298,0.9581097023652084,0.9964779485034306,0.9980726703702885,0.9914203082968026,0.9864568454818032,0.9859543613060936,0.9955028470740116,0.9054694975143003,0.991865659479688,0.988687380492394,0.9646391774405948,0.992207406703023,0.0834997361021179,0.9910515478156291,0.9647691567913816,0.988713282393094,0.9973699997260265,0.9955551102625093,0.9801646309884345,0.9965524776558919,0.8357586891968115,0.9907027417914922,0.5250382314150374,0.9962319695508542,0.9540692289208109,0.2693868829227361,0.9836007200256575,0.9863955505252991,0.9847252918211231,0.9974205107666972,0.9887777200062093,0.9971090258219827,0.8870057020269898,0.9904251064006317,0.9825436577749053,0.507394717968017,0.983887704116778,0.9821335321549551,0.9129749314241278,0.9508096014608532,0.9960710211783297,0.9238285429477112,0.9790672356421803,0.9987017143391627,0.9975281838207053,0.9925964416205397,0.998418003190242,0.9823910169224731,0.9943062481304655
BOKF,0.9840464851159296,0.9821297603269366,0.5192695022670487,0.9992232598785417,0.11519556492549561,0.8948765603818044,0.9959477442417379,0.9942157200013995,0.9493949583849012,0.9975972422767951,1.0000000000000002,0.9972012933228553,0.988619073064662,0.9958042073394662,0.9867832620021815,0.997291996455216,0.8707269722451706,0.9904655724859298,0.9570146965279149,0.9913199449389548,0.9953275987014061,0.9548313668829614,0.9959487159398362,0.9986008869545482,0.9906410149616836,0.9849772412688482,0.9844681656128176,0.9957310567408593,0.9273749911820595,0.9889481762142551,0.9904258472715222,0.9750675288420231,0.9896092283310797,0.1339749499439409,0.9956797657041828,0.959705525991554,0.9926456145652772,0.9962770267907957,0.9954439898827758,0.9760107561840139,0.9956771706062736,0.863513844232716,0.9887657643897855,0.509728314407144,0.9990645587173657,0.9595194353355856,0.30416962389581254,0.9791248582088279,0.9836082004057365,0.9800720457270199,0.999404036601706,0.9880825392294359,0.9970786748001235,0.8976327083835314,0.9877010456569613,0.9839783926293247,0.5116848108415247,0.9819316664649056,0.9793988088845917,0.9222140956185082,0.9533027482476485,0.9926105235278835,0.9173989066395117,0.9716297972424138,0.9990567035672876,0.997444068285171,0.9887527009082707,0.9995729099961539,0.9830742402903224,0.9913613131523917
C,0.96824654377511,0.9653759779094033,0.4639810064369597,0.9972315480357334,0.11764382102893238,0.8905391425662886,0.9989676377373289,0.9836705413146375,0.9693061068402034,0.9926163346571186,0.9972012933228553,0.9999999999999998,0.9747006401051718,0.997852319358344,0.972135350014081,0.9903483208109655,0.8348760783938523,0.980078668431909,0.9399515692025988,0.9790988621155222,0.9860953689317693,0.9310423719150014,0.9877891243184108,0.9923005242750523,0.9781730641230378,0.9694650280955627,0.9687788462909369,0.986347922127257,0.9417090007240765,0.9753726988834881,0.978165414930714,0.9708041215379564,0.9765318453447338,0.1460349137852141,0.9923805688905579,0.9365774679759933,0.9981778927244779,0.9873255617889163,0.9860482027875064,0.9571171307199335,0.9909515096775369,0.8948649121119813,0.9755175481899736,0.4490577424861996,0.9969575740845459,0.9758469327847524,0.29512131612253667,0.9659138328936321,0.9675097323938094,0.962678266898505,0.9952801989404321,0.9740704618631402,0.9898169591521586,0.9248934197826904,0.9734899987275797,0.9908542955801115,0.46073399499495193,0.9655160841095723,0.9622464936546847,0.9465614782972239,0.9339114502122831,0.9813983489231781,0.8865396154580568,0.951699643419788,0.9956617993416859,0.9915070113282407,0.9756138887992251,0.9967833676887046,0.9675633486402317,0.9790321034806765
CFG,0.9992729811626612,0.999193352294143,0.6243874855997564,0.9859386225985562,0.11911420163876847,0.8893065102603825,0.9730156283780144,0.9987584068698425,0.8933989508154636,0.9899596694196484,0.988619073064662,0.9747006401051718,0.9999999999999999,0.9745965657888304,0.9994886685103468,0.9939302502292809,0.9278866683510069,0.9953355882505979,0.974589382062262,0.998667689868727,0.9963759496478658,0.9864585595075387,0.9955219371787876,0.9941413215041047,0.99891279493344,0.999600406922365,0.999616235513325,0.9976402143522128,0.8836835746697004,0.9992151001358128,0.9985950440921242,0.967386890520271,0.9993694517103098,0.1090718460377682,0.9857393263692076,0.9898151876425946,0.9642609848216736,0.9970518635440138,0.9972161876261392,0.9972297410756733,0.9879572907549864,0.7873560548884295,0.9984281583956799,0.6227229210001168,0.9864383649110924,0.9099520134296225,0.31976497562818396,0.9904043044839028,0.999451906801801,0.9981674401561368,0.990666661366218,0.9998407337714063,0.9947300181462112,0.8276878695715236,0.9992360204987979,0.9527238382832387,0.6062134080682553,0.9982136712440823,0.9974668504289638,0.8574579776472915,0.9764297900222316,0.9980102348279993,0.9640608921249444,0.9946679442119305,0.9885791159086793,0.9919728983091497,0.9979207848098178,0.9881594620275413,0.9983586002115664,0.999089839178474
CFR,0.9671893377227523,0.9653872517051713,0.4431861069161786,0.998048599316318,0.09779202116690774,0.8713289454008039,0.9995844233987186,0.9831694787439036,0.9691672944403839,0.9938504354748208,0.9958042073394662,0.997852319358344,0.9745965657888304,1.0000000000000004,0.9719418003936521,0.9883018952458652,0.825363116653187,0.9742528450219919,0.9274456304252454,0.9789911111698474,0.9864370229576394,0.9267929170852995,0.9903224455383564,0.9905127257265904,0.975745271139366,0.9684437418871522,0.9689272518521849,0.9868498604209117,0.9197235667015139,0.9769565493767188,0.9755027448144765,0.9620560300048833,0.9772776179881593,0.10437506682821793,0.9860614111076674,0.9344682131146975,0.9982856688694566,0.9864825191008278,0.9863288390920985,0.956874325291581,0.9954091986362517,0.881156028149238,0.9730231129838177,0.43567853823537517,0.994354896433902,0.9794773241123202,0.24968274209675245,0.9701939723947923,0.9683338821474569,0.9630925698853954,0.9930355943133679,0.9735715239965049,0.99162447271837,0.931033047668483,0.9724964762611523,0.9958669423244358,0.4337172603837725,0.962994914428686,0.9599785729903407,0.9503032031348446,0.922626915249476,0.9831255343970602,0.8820717687028594,0.9536789368592979,0.9968512730928766,0.9884178383368043,0.9791244320933563,0.9955731085887005,0.965125524716988,0.9795865119131401
CIT,0.99945573399424,0.999113285197054,0.6274713669482611,0.9839616638484554,0.1039591361767484,0.8958400792716684,0.9702510937313549,0.9980575516167856,0.8886622421679314,0.9889297421018696,0.9867832620021815,0.972135350014081,0.9994886685103468,0.9719418003936521,1.0,0.9927566283158465,0.9322963408471936,0.9948882407339461,0.9767569385267035,0.9980502672387664,0.9960017268614076,0.9873063901982808,0.9940090805553823,0.9928821843950701,0.9982711212856621,0.9994454027403827,0.9990336028999537,0.9965913489042754,0.8810167357222387,0.999351546857041,0.9972447497841045,0.9693032940241119,0.9990893800673615,0.11568007438035594,0.9829444477874942,0.9908003789178225,0.9617158143857047,0.9964602838054243,0.996880441227038,0.997951420518879,0.9864365407657226,0.7822197108510118,0.9982811192865225,0.6309370776049682,0.9836863832586866,0.906187083158415,0.3351809085690796,0.9887639569293096,0.9992496036040903,0.9986079200518847,0.9886517227196713,0.9988745730230985,0.9936845231237632,0.821376931519334,0.9993480684878673,0.9500277154638775,0.6161964307045424,0.9983893423885114,0.9973977290774949,0.8523764553808622,0.9790277754952973,0.9974998179071513,0.965701753857495,0.995485643424413,0.9872169572807822,0.9911197783659522,0.9975844661786001,0.9868096384370798,0.9973760717588409,0.9988137549717773
CMA,0.9905186946456171,0.9900842376261583,0.5609349536929972,0.9957122374912153,0.08246783824004056,0.8886904375333735,0.98754145696609,0.9962437088063064,0.926488549487133,0.9979410805777894,0.997291996455216,0.9903483208109655,0.9939302502292809,0.9883018952458652,0.9927566283158465,0.9999999999999999,0.8986784928790765,0.994085999145233,0.9710131543508727,0.9972342165764594,0.9987478895894923,0.9703428146130624,0.9955532581321439,0.9996513813853823,0.9966336173756283,0.9918946625087957,0.9907901636746091,0.9966952418201055,0.9145748037809291,0.9936768238906082,0.9944849110260761,0.9694501102553752,0.9948079194496079,0.10837507286880484,0.9959615238372277,0.9746629204903337,0.9828850424000041,0.9991443492803642,0.9964687795559285,0.9861916450892888,0.9919901034289857,0.8304106583391951,0.9960407844369418,0.5626875982890227,0.9971826886870326,0.9401824649101903,0.3040988505479891,0.9845257243258214,0.9906071221619336,0.9895245175493624,0.9986770626203262,0.993453034158547,0.9960024701620858,0.8668843935282005,0.9948515997257945,0.9717802917607992,0.5503410792675781,0.9908633013928472,0.9894904821633375,0.8956309095458557,0.9654561116528526,0.9968387406587128,0.9398923432155879,0.9836211265830153,0.9961295785250239,0.9996902939022336,0.9927228623934462,0.9976750662677547,0.9897171464462717,0.9965676585251767
CNND,0.9388176876513822,0.9405473440408345,0.8489689528666589,0.8585717431170325,0.09464971951416996,0.8445482630270454,0.8233864589297061,0.9118803695415084,0.6766980424527693,0.8770953097834813,0.8707269722451706,0.8348760783938523,0.9278866683510069,0.825363116653187,0.9322963408471936,0.8986784928790765,0.9999999999999999,0.9243810702942162,0.9627935533695973,0.921034589491248,0.904651547242859,0.9755742199805879,0.8887396563326334,0.8940075334250208,0.9283384924822883,0.937930376938016,0.9343265975526462,0.9025344642852462,0.7598987427453415,0.9217563950754261,0.9250904014265382,0.8792169294675404,0.9221197030063504,0.1448456136019283,0.8849202260878001,0.9699243884917723,0.8068698420407602,0.9065018646757472,0.9037907882735143,0.9507044780605479,0.8611216646525919,0.5674468923189001,0.9329072296082412,0.8658205648169452,0.8691387939158008,0.6991154021912211,0.45272090477248583,0.9033109937624624,0.9349988871627151,0.9431342093170028,0.8815010908650742,0.9286218497262728,0.8866088596837248,0.5656799021065272,0.9333728799379918,0.7761728809911724,0.8401307861342461,0.9465406135377534,0.9487128160505068,0.6145477813593638,0.9683465983153025,0.9102310663085257,0.9905927237196798,0.9483091236593478,0.8664351739600088,0.8960193718057197,0.912573382387388,0.8711648668301364,0.939188163556726,0.9197285065741377
COF,0.9951920765113285,0.9929290645917643,0.6256086741848531,0.9852266788784023,0.15049374790598888,0.9176158102794743,0.9752058839302785,0.9963900181715619,0.9045972470492608,0.9871066622955359,0.9904655724859298,0.980078668431909,0.9953355882505979,0.9742528450219919,0.9948882407339461,0.994085999145233,0.9243810702942162,1.0,0.9835038151144541,0.9941205510787047,0.9928094727171758,0.9818048550566925,0.9902694752456243,0.9946360817610275,0.9973861543571887,0.9953157822716637,0.9938095608926678,0.9943182346920295,0.9194790628877019,0.9927288113737877,0.997656374531506,0.9802375797457279,0.9942369628809576,0.17437843111715187,0.9927391410166887,0.9828684924917586,0.9680927051523274,0.9952785139194217,0.9943903723354984,0.9902747603651912,0.9819410217931861,0.822118137423488,0.9965657378301231,0.6111846445118205,0.989537751479196,0.9145617228451557,0.38190204252461574,0.9807413644005631,0.992618219908339,0.9909344164100006,0.9926153924858028,0.9955281431318879,0.9910125842562967,0.8344610612378269,0.9952049402041419,0.9511218220278391,0.6197757013575009,0.9951005158208416,0.9936493735236887,0.8657862900827576,0.9841112797793609,0.9919924297997098,0.9561526226517264,0.9840473075229932,0.9870417536220645,0.9940166857363499,0.9889661785468242,0.9898568218593078,0.9959116765882925,0.9940780401997765
DFS,0.9791740437916711,0.9771142699825897,0.7077612730383889,0.9477273716798399,0.09895436653199394,0.9199389348028333,0.9286404456523474,0.9707586815072613,0.8353512455660503,0.9564729933488172,0.9570146965279149,0.9399515692025988,0.974589382062262,0.9274456304252454,0.9767569385267035,0.9710131543508727,0.9627935533695973,0.9835038151144541,1.0000000000000002,0.9746941011736853,0.9693284831538423,0.986317183792654,0.9556164959624462,0.9684066204436331,0.9806621091208371,0.9790488435558601,0.9742072187152202,0.965974582743534,0.9002175596653902,0.9704430353081063,0.9778466942363396,0.9607025848808888,0.971465105741164,0.21209610697642395,0.9686850037988887,0.9830998074274819,0.921610257756278,0.9718964156534762,0.9677192763052477,0.980030422054345,0.9403169176432029,0.7574605371635815,0.982844127540288,0.7101801827963772,0.9572104086015631,0.8468589205213818,0.4586433105759459,0.946878170860999,0.9735006615277528,0.9776783938198255,0.9632666000141896,0.9746064832195,0.9571701506829788,0.7434873823754474,0.979878122705532,0.8945337345087634,0.7222096468979193,0.9849010254357455,0.9835490940936772,0.7855207835917855,0.9963315460497806,0.9669387371795154,0.9727924562135067,0.9736310360511368,0.9509071318291974,0.9723520687155637,0.9628425037529249,0.9572321382767655,0.9789570322442925,0.9726925533671045
EWBC,0.9968134853221482,0.9973914799096311,0.6021284140100677,0.9895581230264567,0.0815698902756197,0.8810727462667252,0.9770131654051593,0.9978516221400502,0.9010265957129555,0.9943017306758929,0.9913199449389548,0.9790988621155222,0.998667689868727,0.9789911111698474,0.9980502672387664,0.9972342165764594,0.921034589491248,0.9941205510787047,0.9746941011736853,0.9999999999999999,0.998818028842948,0.9829019730266839,0.9958413144667335,0.996583211394634,0.9991175393727267,0.9978116295809522,0.9973224062606943,0.9974903065575912,0.8880343515759755,0.9984904106315792,0.997109154226873,0.9637362308062726,0.9989175235994913,0.08854812779508241,0.9889182126322151,0.9870852620879113,0.9698014993133983,0.9987629428337578,0.9971604901924453,0.9952964703482591,0.9896566523988068,0.7922436601366583,0.99908483587773,0.6089920590905913,0.9901107690870272,0.918596081614482,0.2988228619597724,0.9898064991292269,0.9975922827584242,0.9972979559859114,0.9935693026614563,0.9982369654265788,0.9952395338208572,0.8371439299302833,0.99926671000811,0.9589642169767219,0.5857728235002653,0.9970025597055132,0.9963583939899223,0.8673135477659301,0.9723695534891897,0.9992717059008881,0.9589375738841563,0.9940432176950068,0.9914061894185178,0.9956766296725309,0.9976859716665617,0.9915679657023068,0.9954666072835162,0.9997289381410459
FCNCA,0.9935876058880165,0.9935061870185685,0.5663974894549516,0.9945455990755439,0.0684971423584192,0.885909322266739,0.9846545907784385,0.9976712674589774,0.918112475901332,0.9980427769351298,0.9953275987014061,0.9860953689317693,0.9963759496478658,0.9864370229576394,0.9960017268614076,0.9987478895894923,0.904651547242859,0.9928094727171758,0.9693284831538423,0.998818028842948,0.9999999999999998,0.9738445333788823,0.9973724426617436,0.998547299041234,0.9971653463125061,0.994489046561974,0.9938136785301596,0.9981666805058034,0.897801281825029,0.9973936794539674,0.994807792491291,0.9681055671140841,0.9974256238633235,0.09528512637432063,0.9905835490336063,0.9790334559575926,0.9792665538040464,0.999674036429285,0.9983390152785342,0.9905111539649706,0.9940308705974051,0.8130665449244516,0.9969506803026889,0.5751410971804771,0.9935280478088102,0.9349102239685814,0.2967993018262813,0.9873880891754797,0.9942076572848105,0.9934320742642416,0.99634050171812,0.9954251803719656,0.9975961494123826,0.8590344349893341,0.9970633859949936,0.9703336902501273,0.5572960651972987,0.9929686982675171,0.9915363413889168,0.8877727968584789,0.9660030526323725,0.9992253383882361,0.9452221064587298,0.9890570086579604,0.9960186869654372,0.9978889283588417,0.9970415407082333,0.9958689835709974,0.9910684735191344,0.9988523628013254
FFIN,0.9904896030234352,0.9915725892261017,0.7372169478798063,0.9479757802157605,0.11975810873891866,0.8788921396726308,0.9249742991800046,0.9784509732607856,0.8143067613675725,0.9581097023652084,0.9548313668829614,0.9310423719150014,0.9864585595075387,0.9267929170852995,0.9873063901982808,0.9703428146130624,0.9755742199805879,0.9818048550566925,0.986317183792654,0.9829019730266839,0.9738445333788823,1.0000000000000002,0.9667491327209932,0.9682615788045441,0.986242736754881,0.9905862665345235,0.9892651580505212,0.9739650307092976,0.8452427363367196,0.9827486095371513,0.9851189067134328,0.9431833435886822,0.9831268789968408,0.1205236045247166,0.9605872511445903,0.9991307508436349,0.9124285368381643,0.9751303014950853,0.973693405605587,0.9945732281833908,0.9498834928036404,0.7042654592756881,0.9877224333024978,0.7406628560573577,0.9537029197046551,0.8332918840923478,0.3713083647217545,0.9701346640205223,0.9891771148712668,0.9918392848014371,0.9611955512412786,0.987071649042092,0.9648940019520746,0.7277462920578677,0.9881906804697691,0.8920583664427201,0.7172307389852888,0.993605622479785,0.9943063806776312,0.7659066316196352,0.9891323458819239,0.9773364968153309,0.9937623172714339,0.9921178496797297,0.9525204159930325,0.9677310951941253,0.9783475804898634,0.9542952767203307,0.9909678933615718,0.9821048070771463
FHB,0.9919360241077789,0.9914044261286127,0.5511781129306332,0.9959288740288303,0.1149860902658758,0.8808251246590323,0.9887096828690488,0.9980400423800767,0.9277195892219752,0.9964779485034306,0.9959487159398362,0.9877891243184108,0.9955219371787876,0.9903224455383564,0.9940090805553823,0.9955532581321439,0.8887396563326334,0.9902694752456243,0.9556164959624462,0.9958413144667335,0.9973724426617436,0.9667491327209932,1.0,0.9969289894642345,0.9940179683345511,0.9924936903772932,0.9933315988650937,0.9991461178437784,0.893756466532839,0.9964855903889933,0.9942106378708696,0.9679598442528264,0.9962666191519289,0.09699425256120339,0.9882402964640788,0.9724732920063498,0.9823709055239124,0.9975260149355291,0.9984985432108265,0.9866242614620084,0.9979845447014887,0.8238659345548907,0.9924227811491659,0.547283733352014,0.9933855060840344,0.9429220099162133,0.27875978548939545,0.9893699495344743,0.9931014835133658,0.9896956296195475,0.9956542668661644,0.9949675966161099,0.9996760637158276,0.8750737267034817,0.993428178172995,0.9762864363177863,0.5331609413098536,0.9886654535023758,0.9870387121842099,0.8995043327464673,0.9562993447697271,0.9978400284165714,0.9352901237629059,0.9842887475524333,0.9973076849404503,0.9938887733615239,0.9973160108836036,0.9953551371279946,0.9901770820932762,0.9967229575545471
FITB,0.9907454675682301,0.9897004868934679,0.5556018927092892,0.9970442122028402,0.10019265459504892,0.8941216090482059,0.9900698750033124,0.9972599401329227,0.9319382797292552,0.9980726703702885,0.9986008869545482,0.9923005242750523,0.9941413215041047,0.9905127257265904,0.9928821843950701,0.9996513813853823,0.8940075334250208,0.9946360817610275,0.9684066204436331,0.996583211394634,0.998547299041234,0.9682615788045441,0.9969289894642345,1.0000000000000002,0.9961956123028501,0.9917802507318972,0.9909557415217913,0.9978307423601898,0.9177973571255733,0.9939974863757377,0.9950001290106283,0.9734573603741691,0.9948284762103983,0.12150812621033143,0.9961051866755385,0.9725585231895673,0.9854266716545781,0.9992459464586186,0.9976223073781093,0.9852773785783663,0.993988078085761,0.8390767085596267,0.9951611832035215,0.5524897490976134,0.9978882351280566,0.9445111626914533,0.31050242014274515,0.9843035321303333,0.9905001265651681,0.9885138384759395,0.9993479366224386,0.993670276183653,0.997553917922523,0.8739781513319916,0.9942223412330914,0.9748994093295964,0.5460453583726855,0.9900295895232737,0.9882534655531275,0.9015237426129424,0.9645179008412733,0.9967073938513601,0.9362143770557874,0.9818802776274609,0.9975636750057215,0.9993830415981719,0.9931436824098739,0.9985830514138851,0.9898447900401093,0.996325319152319
FMAO,0.9979478689833362,0.9977454569408077,0.6225761960331121,0.9872878370134163,0.10970315002940013,0.8935261588573865,0.9747758735031457,0.9981158877316936,0.8977796299842354,0.9914203082968026,0.9906410149616836,0.9781730641230378,0.99891279493344,0.975745271139366,0.9982711212856621,0.9966336173756283,0.9283384924822883,0.9973861543571887,0.9806621091208371,0.9991175393727267,0.9971653463125061,0.986242736754881,0.9940179683345511,0.9961956123028501,0.9999999999999999,0.998715742490209,0.9978716699956821,0.9968883516139474,0.8977877423887521,0.99744332439882,0.9988632805003727,0.9691175777476623,0.9983346830746518,0.11764744481954316,0.9908890287558603,0.9889202209135257,0.9670923435857919,0.9980929138433119,0.9965353036973252,0.9957454706431866,0.9861483245762966,0.7974744327527893,0.9997532226723195,0.6212091241552026,0.9898304115171822,0.9127894333497384,0.3301477654387122,0.9878124730959387,0.9975561029991877,0.9970009738823853,0.9933086334092721,0.9988757525781701,0.9936487901235302,0.8298798559284578,0.9993520582082517,0.9532917826900743,0.607463169459504,0.9984415831931609,0.997702396176722,0.8610720568178957,0.9793477098959779,0.9974262236680635,0.9631103640919052,0.9927645271854694,0.9891959952961957,0.9954072189639037,0.9954139663851937,0.9904810270915049,0.9977520251377938,0.9987537846932122
FMBH,0.9997931927920806,0.9997335894938052,0.6447554102125076,0.9814699232341705,0.12037383503148318,0.8919516564771508,0.9669337056435413,0.9973583559986595,0.8822856800385795,0.9864568454818032,0.9849772412688482,0.9694650280955627,0.999600406922365,0.9684437418871522,0.9994454027403827,0.9918946625087957,0.937930376938016,0.9953157822716637,0.9790488435558601,0.9978116295809522,0.994489046561974,0.9905862665345235,0.9924936903772932,0.9917802507318972,0.998715742490209,1.0000000000000002,0.9996978718906036,0.9956051429427107,0.8804982989796447,0.9983443645789821,0.9982842992708715,0.9665190359592466,0.9984851019079967,0.11601788611793226,0.9835285250254886,0.9931521087179882,0.9576259995183474,0.9953379328939005,0.9953204505416479,0.9986340547599069,0.9833755971909371,0.7765471255037109,0.9985716425899722,0.6436529931388673,0.9828468350243584,0.8990395837760399,0.33430733503813015,0.988409595158584,0.9995263943076602,0.9988963373214091,0.9876809725090159,0.9995255894064431,0.9916601446317966,0.812674170026728,0.9992976101577792,0.9443865189934568,0.627705314567662,0.9993850479223475,0.9987676083141398,0.8440416136465657,0.9811894419090913,0.9963177993897266,0.9706865607542667,0.9958733343553838,0.9844921336225285,0.989943259793843,0.9963781393454048,0.9845136702016616,0.9990105378353448,0.9980851533362579
FNB,0.9994491619520577,0.9996689514383287,0.6417722494535636,0.9814152149624951,0.1288716078883419,0.8853107803945114,0.9671515038352142,0.9972814145492358,0.8825255746649291,0.9859543613060936,0.9844681656128176,0.9687788462909369,0.999616235513325,0.9689272518521849,0.9990336028999537,0.9907901636746091,0.9343265975526462,0.9938095608926678,0.9742072187152202,0.9973224062606943,0.9938136785301596,0.9892651580505212,0.9933315988650937,0.9909557415217913,0.9978716699956821,0.9996978718906036,0.9999999999999999,0.9957524210422254,0.8746034648970197,0.9983844643740017,0.9979697183850252,0.9636244561322042,0.9985128365533621,0.10538940419830908,0.9820425522882197,0.9922180612297181,0.9572696398499356,0.9945997133860434,0.9950801037046805,0.9981561429777397,0.9844445053439335,0.7739765077561694,0.9974001270335763,0.6387007010179596,0.9822391400178108,0.8996519175315882,0.3197277755902391,0.9902689679712543,0.9997743156209018,0.9985400836422235,0.9869596692368982,0.9996867210225743,0.9920650632477404,0.8149656704549468,0.9985289464932213,0.9452630234669329,0.6194565194715574,0.9984083795805554,0.9979900705013183,0.8450855938967168,0.9773162100547171,0.9963320664530332,0.9693182971517893,0.9957004718313114,0.9844249438538366,0.9883391017384526,0.9970012669129118,0.9837610535494737,0.9989508374093184,0.9977953082247251
GBCI,0.9953679781917716,0.9942797414101303,0.5762423959739401,0.9943635348440935,0.12382298760612771,0.8940830107629292,0.9857732405911531,0.9995903201153189,0.9208836816385387,0.9955028470740116,0.9957310567408593,0.986347922127257,0.9976402143522128,0.9868498604209117,0.9965913489042754,0.9966952418201055,0.9025344642852462,0.9943182346920295,0.965974582743534,0.9974903065575912,0.9981666805058034,0.9739650307092976,0.9991461178437784,0.9978307423601898,0.9968883516139474,0.9956051429427107,0.9957524210422254,0.9999999999999998,0.9006852040868382,0.9979503537095771,0.9973054896204011,0.9741423381536338,0.9974263838138114,0.1237157943843757,0.9902470085236496,0.9782134582585746,0.9793677031703196,0.9988078151760204,0.9997065343564844,0.9904218693901972,0.9954777018940594,0.8220088353319626,0.9956118615289914,0.5704768196149809,0.9931998646486107,0.9350117620532262,0.31074863394805863,0.9870517096988567,0.9952363916643747,0.9925384885192463,0.9961517551189597,0.9971748261805881,0.9991777444606792,0.8627885149983451,0.9962377271073727,0.9704074940920763,0.5636093001321801,0.9928795792283369,0.9908885087336823,0.8893348348363779,0.9668310404915674,0.9981702414462116,0.9441757327918912,0.986986442202357,0.9961001508955372,0.9954631837930948,0.9976872845343252,0.9948590097300235,0.9936294857225845,0.9980707633431284
GS,0.8805580959549202,0.8696724168716299,0.4424648412868777,0.918456926550702,0.24583127213297265,0.9273925748015555,0.9297447996088626,0.9004136442005977,0.9349552535248636,0.9054694975143003,0.9273749911820595,0.9417090007240765,0.8836835746697004,0.9197235667015139,0.8810167357222387,0.9145748037809291,0.7598987427453415,0.9194790628877019,0.9002175596653902,0.8880343515759755,0.897801281825029,0.8452427363367196,0.893756466532839,0.9177973571255733,0.8977877423887521,0.8804982989796447,0.8746034648970197,0.9006852040868382,0.9999999999999999,0.8781213905501117,0.9020922093784225,0.9470486508525614,0.880828591067227,0.39821716092567117,0.940970107309052,0.8405976253082639,0.9356809447338744,0.9052560262474794,0.9019921291663336,0.8597637020944368,0.8945558639886195,0.9531974434549817,0.8937231793533279,0.3767804880448264,0.9311186803901177,0.9161100546808314,0.5007498464597552,0.8485876956735383,0.8688889715105378,0.8629493112625563,0.9261852604469161,0.8844638363520378,0.9010693699505288,0.8775671047789885,0.8847558653574102,0.9095343991636675,0.48419211545868635,0.8811490448044438,0.8735862486205836,0.9022316347293079,0.8900482001627599,0.8837627789522433,0.7909456424878806,0.8405835947177018,0.9141364713116377,0.9221909028732433,0.8705973341062119,0.9243875617065892,0.8846207897116851,0.8855806773934745
