Ticker,ABCB,ABTX,AJX,ARI,AXP,BAC,BBT,BK,BOKF,C,CFG,CFR,CIT,CMA,CNND,COF,DFS,EWBC,FCNCA,FFIN,FHB,FITB,FMAO,FMBH,FNB,GBCI,GS,HBAN,HBHC,HOMB,HTH,IBKR,IBOC,ISBC,JPM,KEY,LARK,MBWM,MCBC,MS,MTB,NAVI,NKSH,NTRS,OPY,PACW,PBCT,PGC,PNC,PNFP,RF,SCHW,SFBC,SIVB,SLFC,SRCE,STBA,STT,SYF,TFSL,TSC,UMBF,USB,WAL,WFC,WSBC,ZION
ABCB,0.9999999999999999,0.9996118508791226,0.8343154566704685,0.7358208849200794,0.8913749052866266,0.9810653394279604,0.994846029684169,0.981785144366324,0.9797689306404345,0.9708487714153873,0.9983470967974584,0.9922721925087719,0.9971911469546464,0.9972223794305454,0.9681671379576534,0.9872231331593586,0.9899777006630754,0.9987191367413595,0.9928786844638698,0.9817270016044751,0.9932983014402262,0.9866100690593523,0.9982338200709839,0.9975372550279925,0.9980506865383079,0.9923819401710575,0.881541813334407,0.9961153776163488,0.9965683236229713,0.998656431097312,0.9904705478624255,0.8338078473636775,0.9905985100985861,0.9973592672857132,0.9764113655707158,0.9887218550110829,0.9944683604887087,0.9987943556621509,0.9988141364442488,0.8576945666613347,0.998492174822342,0.8429446120778538,0.9848762768513694,0.9875434291910229,0.7251702735513834,0.9939042342307163,0.9991677629266729,0.9989026337642296,0.9964643610236956,0.9991570532672985,0.9983709022057191,0.9251757009747009,0.9984579963755629,0.9807388902723656,0.8409205351438549,0.9988601801109167,0.9992065405677258,0.9846075857093617,0.9909671006892349,0.9916620991214561,0.9977508299978602,0.9904193986546118,0.9933799555409026,0.9983502205595881,0.9868103962499647,0.9978749102898768,0.9974346441492825
ABTX,0.9996118508791226,1.0000000000000002,0.8374698449019954,0.7452586773779082,0.894926140982001,0.9842962017518805,0.996353371491406,0.9847202789854589,0.9831244918299995,0.974618355459857,0.9993419528324123,0.9944958118155612,0.9979980281478581,0.9981803428009159,0.9692303237517423,0.9892274805982637,0.9890335883721849,0.9992798174504935,0.9947710401473153,0.9846109391349108,0.9953536517587324,0.9894191190149321,0.9988851774623851,0.9986362440799473,0.9991200778423783,0.9943637858265819,0.8879161540452457,0.9976211156296199,0.9981248513890286,0.9990220332039592,0.9888854840638869,0.8392583042659231,0.992235199888049,0.9984320496929843,0.9799475363987955,0.9912951027190899,0.9958138751417401,0.9989946789346364,0.9992888933815276,0.8647233771555555,0.997881038830838,0.8444377212360937,0.987634540230152,0.9902425728456369,0.7178538878260391,0.9962359798559826,0.9998707539517508,0.9994586308486981,0.9976682408345718,0.9997803713013707,0.9992533960472031,0.9321769819273864,0.9976705385892327,0.9840955179781903,0.8392863604473073,0.9993640790688366,0.9992371502561869,0.9876237393577354,0.9892660850435225,0.9918627211649953,0.9980895037990516,0.9927940015474265,0.995026117685641,0.9990523854128702,0.9895723121582343,0.9986681518424738,0.998624980441618
AJX,0.8343154566704685,0.8374698449019954,0.9999999999999998,0.9275810606296735,0.8938489801007775,0.8912496337514386,0.8638561407606237,0.8814281814948175,0.8575560322593027,0.9062246939327351,0.845742464795256,0.843207885374078,0.8575605128989365,0.8371209561524461,0.9291643266074274,0.8724753278539517,0.8653452027594362,0.8272946270653087,0.8301598682156008,0.8540594084109333,0.838034570926642,0.856499233557915,0.8372625475668829,0.8535521422441485,0.8534015999664593,0.8520509276224244,0.950725763182012,0.8459101557968369,0.8415415979624871,0.8534937643322305,0.8786743923328864,0.9707965516890766,0.8594371856621437,0.8590258411769596,0.8903984270534996,0.8517084113425075,0.8357815383658396,0.8493714066214746,0.8235971261846494,0.9379636155871395,0.8249469447057748,0.9503152878594866,0.8379172160351945,0.8370963947878374,0.8556599364568426,0.8293794364705508,0.8375453629031058,0.8365478615979323,0.8523378452769972,0.8472048694338755,0.8382975332022632,0.8644590733224999,0.816444557287724,0.8272166911367437,0.971522336189848,0.8427191869424266,0.833409430807313,0.8598509915490403,0.8752580131370276,0.8804667571768242,0.8195366298836887,0.8460687391971822,0.853514446640922,0.8239969548220323,0.8702424749785094,0.859124378669229,0.8315804720024683
ARI,0.7358208849200794,0.7452586773779082,0.9275810606296735,0.9999999999999999,0.9172652999018371,0.8380135420308303,0.7946545156568401,0.8335734782899619,0.8246336703313663,0.8583327241528721,0.7640563673578935,0.7850181759948319,0.7643407926344393,0.7493875305187226,0.8262632889914224,0.8187464163878851,0.7507520297527942,0.7359825421769715,0.7687373928762116,0.8202478302608693,0.7811115764105161,0.808722259643946,0.7527097966587988,0.7747366789784653,0.7720276334017165,0.7955582342223952,0.9399486419778003,0.7745982906598745,0.7686796029819397,0.7633868697780202,0.7815592725652782,0.9181152550761591,0.7897259896348026,0.7712874859953022,0.8444185606994589,0.8007913810827534,0.7739234400274055,0.7485903878865304,0.7339183023031062,0.9732153726944682,0.7130395913454742,0.8073090319278662,0.7947538142345774,0.7891965932552185,0.7769299549160426,0.751165569421413,0.7500003971896863,0.7407661042891833,0.7712938067115594,0.7573206340608475,0.7591751091375264,0.8940265803305953,0.7033378302448575,0.7966872316348232,0.8528784166444275,0.7557568016048662,0.7315982745636905,0.8144234985686716,0.760708345563019,0.7611158830367893,0.7166121711461505,0.7926813315438472,0.7805794083174381,0.7405051605765297,0.8142461648751858,0.7731616601284493,0.7538541031810256
AXP,0.8913749052866266,0.894926140982001,0.8938489801007775,0.9172652999018371,1.0000000000000002,0.9503192616102203,0.9282735583369027,0.9536245220991759,0.9510901406762677,0.9591269117735539,0.9088408635822136,0.9268713408666016,0.9064789537828177,0.9034176342245149,0.9281418352965309,0.9470342747051214,0.9055768595828027,0.8931833195024558,0.9207108451757875,0.9465709387676906,0.9214463696891602,0.9412387150009462,0.9043979669074852,0.9158728016993504,0.9103357121888523,0.931414872757884,0.9704621046578605,0.9178883471351115,0.913877843446156,0.9047106177195579,0.9280386888763464,0.9143182023098375,0.9260451060336456,0.9110308226651368,0.95636173662818,0.9373875843638605,0.9233333504940417,0.8961986001986317,0.8906817883236443,0.9723163738677123,0.8767078389422563,0.8325935311821865,0.9331806562422387,0.9335437042320036,0.8575866058361574,0.8893177318474199,0.898246822971793,0.8931991794113073,0.9152064008913089,0.9006908249646615,0.9077948753787768,0.9749754176318421,0.8705945279025203,0.937874115902132,0.8856191108041637,0.9060589709662494,0.8861137476071913,0.9455084145957379,0.909616576900926,0.8894301963665404,0.8769623748972217,0.9329919178693503,0.9251821478277593,0.8955806541044314,0.942747732609401,0.9087100667747062,0.9067111328601332
BAC,0.9810653394279604,0.9842962017518805,0.8912496337514386,0.8380135420308303,0.9503192616102203,0.9999999999999997,0.9948858298356946,0.9991688674360437,0.9954417174924234,0.9986876347206597,0.9896266130053804,0.9937318403726227,0.9895135016043266,0.9878488445595811,0.9845897926526772,0.996375052161912,0.981621046920946,0.9838240311063593,0.9909857065505258,0.992761465501068,0.9911590122664069,0.9963236594940366,0.9866200588741707,0.9918638216388789,0.9902432554739626,0.994240405667783,0.9532574353551926,0.9922549575559322,0.9911089357975196,0.9868876248877655,0.9843658156582087,0.9076753612347214,0.9915321959121287,0.9917542233086984,0.9996071784004348,0.9957870525706589,0.990702669501763,0.9856621317210067,0.9824507335810886,0.9306768991045492,0.9760534046889254,0.8819776972428354,0.9904953810988831,0.9936916276554453,0.7639792484557822,0.9832434875041602,0.9858194126779852,0.9849048464576569,0.9917339531943247,0.9868345780498181,0.9882211791251093,0.9753102678229709,0.973183053541763,0.9907173056261641,0.882291079538162,0.9876863917845142,0.9806643480879469,0.9974910382782319,0.9804631609593029,0.9823869032589057,0.9785285878649416,0.9948306855988042,0.9942674204528192,0.9839057112937009,0.9986491600922535,0.9887690014206432,0.9883808735958193
BBT,0.994846029684169,0.996353371491406,0.8638561407606237,0.7946545156568401,0.9282735583369027,0.9948858298356946,1.0000000000000002,0.9956078369520917,0.9940481208239933,0.9886971576340363,0.9986383695614786,0.9984767876013129,0.9967590622481369,0.996532487333231,0.9769251692109617,0.9975950753032773,0.9878583973001903,0.9954792409249389,0.9972802091341954,0.9944183181954598,0.9982413773385294,0.9972116767293584,0.9972701597991335,0.9993860382510378,0.9988719683207632,0.9991622281032202,0.9200336929652114,0.9990328070346711,0.998705345226964,0.997481122042911,0.9913148341780316,0.8691159517559764,0.9963833884024166,0.9983447287527165,0.992445543779274,0.9978855786624155,0.998336674098574,0.9955436879623701,0.9949153593532477,0.9023367771051127,0.9906020717830523,0.8561010578595919,0.9943756516199858,0.9962219512250273,0.7468611904827924,0.9933270188312989,0.9970150008406143,0.9955300843815836,0.9985164581012049,0.9974739243609688,0.9982555138859457,0.9581048148262094,0.9891465711237595,0.9923171412846156,0.85917170613372,0.9978453170822597,0.9938874203469781,0.9964631821740906,0.988374002247264,0.9886466025374261,0.9913367343390529,0.9981687200423419,0.9982187094210196,0.9957687718782339,0.997480740837901,0.9981478167708187,0.997637730123407
BK,0.981785144366324,0.9847202789854589,0.8814281814948175,0.8335734782899619,0.9536245220991759,0.9991688674360437,0.9956078369520917,0.9999999999999997,0.9980754642437927,0.9971484101947676,0.9901443929224755,0.9954998985600512,0.9882028924727825,0.9888521648294124,0.9793870269601765,0.9984076825763215,0.9815171748921391,0.9848938699311642,0.9932377027253019,0.9962342844493504,0.9930031856250714,0.9983336982784631,0.9883778882669799,0.9924250717056669,0.9904418117053176,0.9959772431541019,0.9484328626626349,0.9927538133793629,0.9918625865247964,0.9877478739483626,0.9850552045920183,0.895645006235627,0.994079369012728,0.9912785659025565,0.9990975436399279,0.9976646993126099,0.992999177171308,0.9847679076551932,0.9828375878005965,0.93082520412834,0.9766033505007728,0.8660399081977335,0.9943540604322123,0.9958825522060846,0.7661140599963235,0.9827381868911775,0.986167283723002,0.9845686409363664,0.9927582296400932,0.9871543719045123,0.9891995101353194,0.9775688359784074,0.9736152593248544,0.993775702955818,0.8727163442816661,0.9888509458441,0.9812387174677427,0.9989371986150685,0.9801696845019101,0.9789339707258317,0.9778828534630549,0.9965906906540998,0.9954949393053589,0.9846269407382338,0.9991845408093214,0.9892222098334956,0.9895744792953198
BOKF,0.9797689306404345,0.9831244918299995,0.8575560322593027,0.8246336703313663,0.9510901406762677,0.9954417174924234,0.9940481208239933,0.9980754642437927,0.9999999999999999,0.9918168311416203,0.9888121235746862,0.9964793075320568,0.9839121475480919,0.9874231916161266,0.9652160546150039,0.9976866776609624,0.9740090802285443,0.9840522306495592,0.9947753854147505,0.9991417958072856,0.994824454098163,0.9991225818378804,0.9879078300125014,0.9907457774382414,0.9886711792351685,0.9966386718075384,0.9361279849829612,0.9919728143190404,0.9915501767610614,0.9856122043959659,0.9784882339037239,0.8718445318574567,0.9935535294627098,0.9878772100355097,0.9957064250041229,0.9984824927529189,0.9943041340175599,0.9806031599318255,0.982007891774184,0.9265377224717694,0.973700882299533,0.8340523960982241,0.9978390912871729,0.9977425497060267,0.7432412892818119,0.9829934056897348,0.9849073438163511,0.9820333203028743,0.991062090590869,0.9851792447123043,0.9887392446760923,0.9812183940558524,0.9710560343271483,0.9979114518190848,0.8435161378711865,0.987455918575433,0.9791217755282448,0.9990791780466834,0.9721165824058631,0.969749752867184,0.9755216845730672,0.9975364954960351,0.9940072403370578,0.98447802504888,0.9974899125397504,0.9870296587946739,0.989565474362266
C,0.9708487714153873,0.974618355459857,0.9062246939327351,0.8583327241528721,0.9591269117735539,0.9986876347206597,0.9886971576340363,0.9971484101947676,0.9918168311416203,0.9999999999999999,0.9813262566014693,0.9870347994055023,0.9823395219080917,0.9796999700251238,0.98641954023967,0.9924065465508278,0.9764481486687447,0.9741184822893588,0.9833984942353335,0.9878539123953971,0.9832305923647124,0.9916897798250368,0.9777053333897128,0.9844092309625269,0.9822451505454574,0.9877093607001279,0.967239462352933,0.9847294433930873,0.9831903371324624,0.978435197303351,0.9791349922534851,0.9255401682691589,0.9858307574760382,0.9848336197263681,0.9992064961108564,0.9904738018811492,0.9827520742801661,0.9772573500913521,0.9720931411760261,0.9428817526833623,0.9655213927123375,0.8949126354556124,0.984303535234949,0.987751372475824,0.7787791763730323,0.9736619917972873,0.9763820796883688,0.975745657708456,0.9847304565673151,0.9779839975195728,0.9793071385227926,0.9787058094463746,0.9617768344944128,0.984817625081442,0.8964279940032122,0.979086682309712,0.9706839420362285,0.9936678377000004,0.9749402961496937,0.9765680685934987,0.9679971912706289,0.9887875875961847,0.9884972167590818,0.9737488463221282,0.9952224572321661,0.9808431192359343,0.9795932837198265
CFG,0.9983470967974584,0.9993419528324123,0.845742464795256,0.7640563673578935,0.9088408635822136,0.9896266130053804,0.9986383695614786,0.9901443929224755,0.9888121235746862,0.9813262566014693,1.0,0.9973980183409504,0.998438609744077,0.9986465425791482,0.9725154181495588,0.9933848037321522,0.9890735081593934,0.99881103087276,0.9972186801606334,0.9895536649747939,0.9977000176546977,0.9938131562779068,0.999093912779152,0.9997967596591499,0.9997961249918909,0.9973172826571307,0.9014345812677079,0.9993531640636036,0.999550563310181,0.9988880609141912,0.9898103023801,0.8512455460316577,0.9946222611704063,0.9992730129850487,0.9861756532287997,0.9952489239495453,0.997967944431071,0.998392885457644,0.9986407325597492,0.8793672716715323,0.9957380695149725,0.8484399124327852,0.9915777463658436,0.9942326259420328,0.7259803154597683,0.9964004414044406,0.9996423450032087,0.9989166927108447,0.9989278755907427,0.9995710569028423,0.999842825249832,0.9443591520414079,0.9950799971441407,0.9891638066311319,0.8451746521689916,0.9995761975462673,0.9978535564494526,0.9925466926916714,0.9889821309779715,0.9909172957812001,0.9966122137237083,0.9962959768204855,0.9974670402950186,0.9988756275191971,0.9939887307846929,0.9989828380160127,0.9994512756482341
CFR,0.9922721925087719,0.9944958118155612,0.843207885374078,0.7850181759948319,0.9268713408666016,0.9937318403726227,0.9984767876013129,0.9954998985600512,0.9964793075320568,0.9870347994055023,0.9973980183409504,1.0,0.9938567694711998,0.9965944030078352,0.96835206797922,0.9970264029115339,0.9836658897966992,0.9952591938067191,0.9995968508529652,0.9963034001820877,0.9993292879198121,0.9988801284600461,0.996754351882848,0.9979402311839005,0.9968726167538839,0.9994730459246655,0.9150281718434279,0.9986605446863794,0.9987482970956826,0.994745580393954,0.9849562790330245,0.8558420685896632,0.9963528661717155,0.9962508962917414,0.9920919668449312,0.9995085412932571,0.999249552029751,0.9924794726805131,0.9941990365838282,0.8973849328638918,0.9885315131965552,0.836801777230841,0.9975993153578095,0.9992532741199333,0.7248296831486467,0.9934200097002689,0.9955669375721101,0.9940188217158709,0.9978461270277278,0.9952698705300138,0.997476677015991,0.9631090509613612,0.987155870866111,0.9968761920444507,0.8370326105445078,0.9965763434576566,0.9919469514638265,0.9981505647054629,0.9818262492265364,0.9821769522224936,0.9903331376396151,0.9998115312874033,0.9985869717098018,0.9954916901053439,0.997817157850411,0.9952939309350162,0.9981328862792394
CIT,0.9971911469546464,0.9979980281478581,0.8575605128989365,0.7643407926344393,0.9064789537828177,0.9895135016043266,0.9967590622481369,0.9882028924727825,0.9839121475480919,0.9823395219080917,0.998438609744077,0.9938567694711998,0.9999999999999997,0.9971929205276842,0.9805066694136452,0.9903831421628502,0.9919457071046734,0.996860993354884,0.9933945266000551,0.9832458311490482,0.9934643582345999,0.9900422152400273,0.9963814671914443,0.9982285793763632,0.9983599141944173,0.9935969740467379,0.9069072397116515,0.9975719128353294,0.9975780862771858,0.9971277175332345,0.9912716833860742,0.8664240722135421,0.990985597099409,0.9992206803256621,0.9857471559320542,0.9916674725005225,0.9940328649664282,0.9992303096276057,0.9971215406832616,0.876014450182716,0.9954476197893118,0.8712034184085131,0.9851802477158107,0.9902229973048348,0.7373310776671699,0.9951055564239124,0.9982072700519058,0.9988009744220255,0.9971429906832283,0.9982238561453475,0.9976489819701385,0.9379382753301971,0.9947906574490761,0.9832503301101537,0.8627839226578597,0.9977152555909038,0.9969485896148831,0.9895466657617746,0.9920172373811332,0.9954044717350102,0.996778305387247,0.9928082936084585,0.9957028672813215,0.996681726398943,0.9925522484013026,0.9975222035743678,0.9970599757821911
CMA,0.9972223794305454,0.9981803428009159,0.8371209561524461,0.7493875305187226,0.9034176342245149,0.9878488445595811,0.996532487333231,0.9888521648294124,0.9874231916161266,0.9796999700251238,0.9986465425791482,0.9965944030078352,0.9971929205276842,1.0000000000000002,0.9716797046893174,0.9920794769127625,0.9922369338794703,0.9993696294873294,0.9972342912210954,0.9874262187902875,0.9954521694451618,0.9930901308914531,0.9992934033780861,0.9983801157152769,0.9977795815402991,0.9951342794812831,0.8981698968098409,0.9974745467754813,0.9983880254074461,0.9977882609187019,0.9879903502649583,0.8458842241486766,0.9958179064403428,0.9985325655381121,0.9847086738567004,0.9943649925941526,0.9963977887546415,0.9975206986074945,0.9974131858076805,0.8710738416252672,0.9971291304128262,0.8469515562279731,0.9917195165778041,0.9938013354986716,0.7223194601743442,0.9948864946858964,0.9981908670103107,0.998532284916134,0.9993217950346373,0.9982802485362643,0.9982609920758524,0.940048889647578,0.9959859150941548,0.9877830697422452,0.8409497254982693,0.999241271770808,0.9982546882738348,0.9915869171304015,0.9894309416697956,0.9906290840871447,0.9966701025561228,0.995184143023043,0.998373928752366,0.9973440952037919,0.9933542614225571,0.9973194065788592,0.9990613487605461
CNND,0.9681671379576534,0.9692303237517423,0.9291643266074274,0.8262632889914224,0.9281418352965309,0.9845897926526772,0.9769251692109617,0.9793870269601765,0.9652160546150039,0.98641954023967,0.9725154181495588,0.96835206797922,0.9805066694136452,0.9716797046893174,1.0000000000000002,0.9753268051039286,0.9840644407882881,0.9667692692916421,0.9647425748456272,0.9607362300007397,0.9637867999843945,0.9702476923341241,0.9682459191279164,0.9752955917621361,0.9741369736043515,0.9696557366769937,0.9543206213255968,0.972412353670009,0.9705154558438461,0.9731604030525091,0.9833894497968326,0.9404015113851912,0.9717213615804917,0.9799436717929706,0.9826114488346737,0.9699821463619706,0.9654796225510304,0.9773565077246349,0.9650419364772544,0.9100897775545201,0.9666325464051522,0.9450745358483131,0.9580424923538501,0.9649961742138631,0.8130182411059246,0.961429667051423,0.9692465384029472,0.9720975085438821,0.9754726010371773,0.9722997160269199,0.968910393553331,0.9338190764417191,0.9631293812619656,0.9547414120355535,0.9403955258976706,0.9716865476923716,0.9681674278888491,0.972497173868455,0.984825607583752,0.9877534303185396,0.9658817924921083,0.9689978461345882,0.9764456353640961,0.9641883404659476,0.9790694978272366,0.9745161271444231,0.9676376288077265
COF,0.9872231331593586,0.9892274805982637,0.8724753278539517,0.8187464163878851,0.9470342747051214,0.996375052161912,0.9975950753032773,0.9984076825763215,0.9976866776609624,0.9924065465508278,0.9933848037321522,0.9970264029115339,0.9903831421628502,0.9920794769127625,0.9753268051039286,1.0,0.9850309553741885,0.989108383121422,0.9951917798380437,0.9976387598993411,0.9954559815238645,0.9986931497497569,0.9929509923903742,0.9951559708102131,0.9936080717026781,0.9977718862193508,0.9343674086471376,0.9946172241885181,0.9944919362430588,0.992511931626928,0.9889367319291258,0.877268584288684,0.9973419946105276,0.9932592522445428,0.9953952023448582,0.9982815168848271,0.9957565462720227,0.9878522526758841,0.9866620115418296,0.9225900140939728,0.9822971983157899,0.8523876066699406,0.9966807662187782,0.996158946256178,0.7678912642955059,0.9862388105867469,0.9901115268888302,0.9878967767692354,0.9955445322905695,0.9912769187395793,0.9928397975133046,0.970075351139379,0.9795284384535342,0.9935625821649289,0.8652271170937511,0.9929727372246825,0.9867361765109375,0.9980219336735677,0.9848007076809644,0.9806572808181503,0.981412060691554,0.9974275265414504,0.9969401596114642,0.9882518659262575,0.9983483459147332,0.9935020343640403,0.9926546121821527
DFS,0.9899777006630754,0.9890335883721849,0.8653452027594362,0.7507520297527942,0.9055768595828027,0.981621046920946,0.9878583973001903,0.9815171748921391,0.9740090802285443,0.9764481486687447,0.9890735081593934,0.9836658897966992,0.9919457071046734,0.9922369338794703,0.9840644407882881,0.9850309553741885,0.9999999999999999,0.9898183259140527,0.9838977898538688,0.9729176323757635,0.9801095098619191,0.9813465087768722,0.9903688818584765,0.989685180326027,0.9884169262867937,0.9826172697049302,0.9070315151997355,0.9862482672827367,0.9870053393972729,0.9911227931587305,0.993366562613992,0.8692360276291672,0.9891064397964799,0.9921647723243405,0.9783968010608656,0.982221390258438,0.983563625718126,0.9922505841671265,0.9858751194224381,0.8692976700419554,0.9922781881276097,0.8844612993554161,0.9769489331047695,0.9794792131910967,0.7815425523541838,0.9794053074990107,0.9878939245569004,0.9903556218820728,0.9920927169605506,0.9898568545287809,0.987360563073721,0.9210584006476901,0.9897734881503901,0.9691222547486215,0.8870325235729155,0.9914067165815708,0.9915064650044682,0.9801878957685783,0.9981401867082584,0.9932056245165514,0.9871933973260029,0.9822773914928262,0.9912367633078627,0.9846716106224483,0.9851270706864348,0.9900204323875024,0.9875114745057831
EWBC,0.9987191367413595,0.9992798174504935,0.8272946270653087,0.7359825421769715,0.8931833195024558,0.9838240311063593,0.9954792409249389,0.9848938699311642,0.9840522306495592,0.9741184822893588,0.99881103087276,0.9952591938067191,0.996860993354884,0.9993696294873294,0.9667692692916421,0.989108383121422,0.9898183259140527,0.9999999999999998,0.9962269600695245,0.9850068826281361,0.9952454122586833,0.9903420294539463,0.9993339298211061,0.9980572561037937,0.9979897903495849,0.9941175890649727,0.8858637885394146,0.9972165800502741,0.9980630574258408,0.9981026965741691,0.9867016542315883,0.8335236595502648,0.9934096241689054,0.9979527202132265,0.979984937856065,0.9921178322651999,0.9960753603889647,0.9980831117205409,0.9989928653882832,0.860070637126685,0.9983113730419322,0.8380344639111658,0.9894462301590562,0.9917705638636889,0.7100703488568479,0.9955446638276907,0.9991609220980076,0.9992260677947445,0.9982107498992451,0.998913745161342,0.9987821863054165,0.932816601124973,0.9978691765592652,0.9857607195902621,0.8311524400949347,0.9993389953914176,0.9991515017183205,0.9884733746482011,0.9879897401544478,0.990010264690967,0.998241849137162,0.9934995405208947,0.9962563786872214,0.9988032929168871,0.9900640759876498,0.9973458986794123,0.9991565295280092
FCNCA,0.9928786844638698,0.9947710401473153,0.8301598682156008,0.7687373928762116,0.9207108451757875,0.9909857065505258,0.9972802091341954,0.9932377027253019,0.9947753854147505,0.9833984942353335,0.9972186801606334,0.9995968508529652,0.9933945266000551,0.9972342912210954,0.9647425748456272,0.9951917798380437,0.9838977898538688,0.9962269600695245,1.0,0.9945848983211144,0.9988369165474991,0.9976858907730491,0.9971315064624462,0.9974268424277489,0.9962021295229626,0.9985087668172085,0.9063745767405966,0.998330753385427,0.9985772498475946,0.9942842553128044,0.9840112185851023,0.8452647010968983,0.9955033598711001,0.9957369830032198,0.9893028517676703,0.9986206924509006,0.9992808045067857,0.9925768494871071,0.9951081204419682,0.8862884197242124,0.989975839052969,0.828808320531301,0.996982435438448,0.9990336601755042,0.7176608860062315,0.9931060227237968,0.9957436445595448,0.9945648835311061,0.9976079527996558,0.9950589093408301,0.9975629697536108,0.9582750236178784,0.9889036695656788,0.9964799160608059,0.8279713106892228,0.9967878695479836,0.9926318469637354,0.9968180711209226,0.9813149214490732,0.9809730184475525,0.9917036538734749,0.9992225135439818,0.9983466787847204,0.9962550917496603,0.996268731837599,0.9943628928193173,0.998646692011825
FFIN,0.9817270016044751,0.9846109391349108,0.8540594084109333,0.8202478302608693,0.9465709387676906,0.992761465501068,0.9944183181954598,0.9962342844493504,0.9991417958072856,0.9878539123953971,0.9895536649747939,0.9963034001820877,0.9832458311490482,0.9874262187902875,0.9607362300007397,0.9976387598993411,0.9729176323757635,0.9850068826281361,0.9945848983211144,0.9999999999999997,0.9957221190053526,0.9983549698545987,0.9893385883007609,0.9913253946968545,0.9896948989216832,0.9971843379647269,0.9271447520373193,0.9919400366469162,0.9916790632042389,0.9875905900032693,0.9792270398699847,0.8600327963549064,0.9944101743522996,0.9876969735803752,0.9924149411341038,0.9977918336551376,0.9950678411821237,0.9808907433501519,0.9829988430079873,0.9242897913723306,0.9750648814853714,0.8229850319446149,0.998546075762375,0.9966399959655299,0.7411937918996562,0.9834408330889998,0.9860831811777451,0.9822975641796492,0.9913120617401435,0.9866209164871093,0.9897828949216457,0.977304785816419,0.9725974557242616,0.9970372014261979,0.8371721284294544,0.9885909009081487,0.9806613462898067,0.9974333642191084,0.972326292152675,0.9690188091208137,0.9757026470589559,0.9969740355847425,0.9931518659644194,0.9855505012831646,0.9955659649130513,0.9887088865225275,0.9899655871084427
FHB,0.9932983014402262,0.9953536517587324,0.838034570926642,0.7811115764105161,0.9214463696891602,0.9911590122664069,0.9982413773385294,0.9930031856250714,0.994824454098163,0.9832305923647124,0.9977000176546977,0.9993292879198121,0.9934643582345999,0.9954521694451618,0.9637867999843945,0.9954559815238645,0.9801095098619191,0.9952454122586833,0.9988369165474991,0.9957221190053526,0.9999999999999997,0.9972892665272654,0.9966267874694277,0.9979204374431925,0.9974488546909006,0.9994730470175078,0.9067187536558725,0.9988013097011269,0.9987537682379646,0.9951497834758769,0.9838445092880646,0.8468390331028429,0.9944642132035372,0.9956353832490882,0.9889274993842189,0.9982489406278212,0.9994601985757603,0.9925229848696326,0.9952911676793955,0.8932128617497617,0.9884227525738788,0.8280018784054373,0.9964350901703117,0.9979787821687703,0.7157229608598178,0.9945111975357678,0.9964433598542819,0.9941495895051166,0.9967415766849638,0.995877951085231,0.9981419757343948,0.9600167000370657,0.9876481492013848,0.9961161486695899,0.8290294160144138,0.9965133634421718,0.9921759536686372,0.9962419655814195,0.979791823779069,0.9809130742680192,0.9907994410903874,0.9989648194335952,0.9965817843097504,0.9966695509191048,0.9955489172656394,0.9957402940876054,0.9981223944500246
FITB,0.9866100690593523,0.9894191190149321,0.856499233557915,0.808722259643946,0.9412387150009462,0.9963236594940366,0.9972116767293584,0.9983336982784631,0.9991225818378804,0.9916897798250368,0.9938131562779068,0.9988801284600461,0.9900422152400273,0.9930901308914531,0.9702476923341241,0.9986931497497569,0.9813465087768722,0.9903420294539463,0.9976858907730491,0.9983549698545987,0.9972892665272654,1.0000000000000002,0.9931606486370558,0.995189035473871,0.9935224111113404,0.9986114293597023,0.9299481341016902,0.9958664847133889,0.9957571535238431,0.9911834043507698,0.9834027796667901,0.8695953254681932,0.9965218955970532,0.9932352779181579,0.9956875039796301,0.9998322855694382,0.9970712582188388,0.9875488311396559,0.9883309185957498,0.9152728817216594,0.9821249121537313,0.841987472862132,0.9984451830122913,0.9990463691746486,0.7400997985192078,0.9886565352099307,0.990763563292617,0.9887920641053478,0.9956578971170696,0.9910316483101215,0.9935739408273088,0.9731395435186656,0.9798153133381821,0.9974982954209227,0.8467402555753966,0.9928772773317658,0.9864701460413887,0.999634411302234,0.9791890615934487,0.9781179211934409,0.9834620833294135,0.9993044642607615,0.9976224625104361,0.9901108949273189,0.9990624561581066,0.9922050552722427,0.9943738319762379
FMAO,0.9982338200709839,0.9988851774623851,0.8372625475668829,0.7527097966587988,0.9043979669074852,0.9866200588741707,0.9972701597991335,0.9883778882669799,0.9879078300125014,0.9777053333897128,0.999093912779152,0.996754351882848,0.9963814671914443,0.9992934033780861,0.9682459191279164,0.9929509923903742,0.9903688818584765,0.9993339298211061,0.9971315064624462,0.9893385883007609,0.9966267874694277,0.9931606486370558,1.0,0.9988489133534902,0.9985808808219198,0.9961953128113188,0.8939870073896993,0.9976117652774757,0.9984890541213909,0.9990882853572832,0.989029780291841,0.8389716436024002,0.996480153707222,0.9980800150107373,0.9831452558516862,0.9944069644394806,0.9973734605533275,0.9971240537304328,0.9976456994507182,0.8741442227108996,0.9969173442329045,0.8378582111639086,0.9928213330489816,0.993402620856998,0.7252170289994438,0.9949195931314725,0.9987780293981544,0.998036655498804,0.9992153741045221,0.9990715613067848,0.9990113995906998,0.9400499375009009,0.9958865545450055,0.9880065192084145,0.8376761083288622,0.9997841261045852,0.9985715380056881,0.9910736524459601,0.9891627247754887,0.9890899277394982,0.9956959852374662,0.9952443614559588,0.9975593258903692,0.9978171207191279,0.9924101557402015,0.9985860928690873,0.9990800118482319
FMBH,0.9975372550279925,0.9986362440799473,0.8535521422441485,0.7747366789784653,0.9158728016993504,0.9918638216388789,0.9993860382510378,0.9924250717056669,0.9907457774382414,0.9844092309625269,0.9997967596591499,0.9979402311839005,0.9982285793763632,0.9983801157152769,0.9752955917621361,0.9951559708102131,0.989685180326027,0.9980572561037937,0.9974268424277489,0.9913253946968545,0.9979204374431925,0.995189035473871,0.9988489133534902,0.9999999999999999,0.999770697150233,0.9981257986390821,0.9088251651213075,0.9994144055233202,0.9994210224158802,0.998849338571464,0.9911577229312122,0.8588398704237502,0.9957514233198523,0.9994363865252919,0.9887725835854881,0.996336640395023,0.9982609495656862,0.9979266221943509,0.9976078689977684,0.887592493911784,0.9945423042700977,0.8533649738436089,0.9926862948109687,0.9950509031464992,0.735493115428513,0.9952201849492602,0.9989908765540819,0.9981357455487191,0.9992578938218678,0.9992000491547971,0.9994930291622492,0.9488714047736249,0.9935579248668812,0.9901765219152616,0.852324442975816,0.9993784363889799,0.996918011252785,0.994133637447347,0.9897135937282691,0.991022824217731,0.9951359623388267,0.9971075412531543,0.9981816586908897,0.9980069469813795,0.9955192493462166,0.9990365327877011,0.9990610380313932
FNB,0.9980506865383079,0.9991200778423783,0.8534015999664593,0.7720276334017165,0.9103357121888523,0.9902432554739626,0.9988719683207632,0.9904418117053176,0.9886711792351685,0.9822451505454574,0.9997961249918909,0.9968726167538839,0.9983599141944173,0.9977795815402991,0.9741369736043515,0.9936080717026781,0.9884169262867937,0.9979897903495849,0.9962021295229626,0.9896948989216832,0.9974488546909006,0.9935224111113404,0.9985808808219198,0.999770697150233,1.0,0.9973032840844557,0.9045268726426007,0.9990430883986344,0.9991128015566428,0.9991130177008938,0.9902681604767111,0.8559879877371903,0.9944848919975802,0.9992586326838057,0.9866262408814035,0.9948391075710317,0.9974031668260509,0.9982634298342272,0.9979870510043597,0.8843534592596234,0.9948797704524167,0.8528653107182907,0.9910003488618662,0.9933385499824028,0.7296591484692421,0.9961764305754122,0.9993940847736359,0.9983986224988929,0.9985929194590858,0.9996028098497458,0.9994902977766549,0.9451591785855707,0.9941453774409429,0.9882339031513482,0.8502725888302268,0.9991931366649454,0.9973705394957554,0.992261144840698,0.9890712788408444,0.991709749666065,0.9956706517161075,0.9958008071467692,0.9968273357989297,0.9982512184017251,0.9938795104752823,0.9994089460186211,0.998689241648493
GBCI,0.9923819401710575,0.9943637858265819,0.8520509276224244,0.7955582342223952,0.931414872757884,0.994240405667783,0.9991622281032202,0.9959772431541019,0.9966386718075384,0.9877093607001279,0.9973172826571307,0.9994730459246655,0.9935969740467379,0.9951342794812831,0.9696557366769937,0.9977718862193508,0.9826172697049302,0.9941175890649727,0.9985087668172085,0.9971843379647269,0.9994730470175078,0.9986114293597023,0.9961953128113188,0.9981257986390821,0.9973032840844557,1.0000000000000002,0.9179643175591176,0.9985938678221251,0.9982490389012829,0.9952454467434477,0.9870685463684987,0.860187037165428,0.9959576752033242,0.996060420533812,0.9924421538879856,0.9991778562026735,0.9992971059910163,0.9922922436273994,0.9936382314339034,0.9041997943026382,0.9872732815161893,0.8394556925537445,0.9970081330189705,0.9983074704990299,0.7350210731868432,0.9922579204220002,0.995407400776063,0.9931920563588853,0.9972416050872568,0.995395217095319,0.9974256315321663,0.9644844480249625,0.9859370951635682,0.9962024326696515,0.844088587487712,0.9962951744997134,0.9911374190070955,0.997875642727393,0.98258009121458,0.9822902838583933,0.9888548221005187,0.999452431814247,0.9975895383695212,0.9950902531892124,0.997496611681659,0.9959205085478966,0.9972617283045375
GS,0.881541813334407,0.8879161540452457,0.950725763182012,0.9399486419778003,0.9704621046578605,0.9532574353551926,0.9200336929652114,0.9484328626626349,0.9361279849829612,0.967239462352933,0.9014345812677079,0.9150281718434279,0.9069072397116515,0.8981698968098409,0.9543206213255968,0.9343674086471376,0.9070315151997355,0.8858637885394146,0.9063745767405966,0.9271447520373193,0.9067187536558725,0.9299481341016902,0.8939870073896993,0.9088251651213075,0.9045268726426007,0.9179643175591176,1.0000000000000002,0.909011381543521,0.9049234102802476,0.8980188262993899,0.914808897664002,0.9784318412080459,0.9175549893125624,0.9108215752835159,0.958107907028145,0.9253967090589578,0.9055003518076779,0.8959120240117023,0.882023216011952,0.975657490157313,0.8722803960209329,0.9186364835458263,0.9151803836215506,0.9192566452715072,0.823849586187436,0.887431909826489,0.8910474409492033,0.8903924583019704,0.9098726970377101,0.8954755479810046,0.8967773332887523,0.9618182865921023,0.864706605174629,0.9179882524670917,0.9305263286928303,0.8970890716266241,0.8810421094849579,0.9358759651081041,0.9062775841074532,0.9068638455359627,0.8754317735764037,0.9202598239713289,0.9190902032450846,0.8850781820130297,0.938584993012856,0.9033273976324196,0.8966162807772675
HBAN,0.9961153776163488,0.9976211156296199,0.8459101557968369,0.7745982906598745,0.9178883471351115,0.9922549575559322,0.9990328070346711,0.9927538133793629,0.9919728143190404,0.9847294433930873,0.9993531640636036,0.9986605446863794,0.9975719128353294,0.9974745467754813,0.972412353670009,0.9946172241885181,0.9862482672827367,0.9972165800502741,0.998330753385427,0.9919400366469162,0.9988013097011269,0.9958664847133889,0.9976117652774757,0.9994144055233202,0.9990430883986344,0.9985938678221251,0.909011381543521,1.0000000000000002,0.9997000332312014,0.9968556294868297,0.9884743559042165,0.8575138264929395,0.9938184810740994,0.9985188584392534,0.9895923883065815,0.9971981031095567,0.9989330303276641,0.9967247577441538,0.9976483117094951,0.8865922021310705,0.9924126406347693,0.8476583260142511,0.9929887697436445,0.9967002554249204,0.7259318298111059,0.9954975774437314,0.9984469711873719,0.9974956906555529,0.9981426391500701,0.9979380598072016,0.9993628453508442,0.9531900603840574,0.9917985447939794,0.9929048779785751,0.84444001670327,0.998242856537243,0.9950427666001788,0.9953166309174004,0.9860431082724502,0.9879112830930771,0.9948680630294732,0.9981735714959215,0.9977422641821432,0.9983272843658013,0.9959835522656018,0.997302798027548,0.9992104513595332
HBHC,0.9965683236229713,0.9981248513890286,0.8415415979624871,0.7686796029819397,0.913877843446156,0.9911089357975196,0.998705345226964,0.9918625865247964,0.9915501767610614,0.9831903371324624,0.999550563310181,0.9987482970956826,0.9975780862771858,0.9983880254074461,0.9705154558438461,0.9944919362430588,0.9870053393972729,0.9980630574258408,0.9985772498475946,0.9916790632042389,0.9987537682379646,0.9957571535238431,0.9984890541213909,0.9994210224158802,0.9991128015566428,0.9982490389012829,0.9049234102802476,0.9997000332312014,0.9999999999999998,0.9974035546258968,0.9874822861729796,0.8514270493506089,0.9948472184056973,0.9985264127311773,0.9882453579041293,0.9970399355493587,0.998759658207047,0.9967704749183514,0.9978437569726362,0.8832902696921758,0.9936210818506893,0.8433660030098445,0.9936940732637252,0.9965439155803409,0.7210929599615994,0.9968065597393456,0.9987947818733737,0.9979215072294014,0.9987049293136196,0.9983637221735213,0.999534460675005,0.9508480966717652,0.9928880274512266,0.9924495533360275,0.8394406624600159,0.9987629481169551,0.9962588681084186,0.9947872177815689,0.9861177712997088,0.9879440106477273,0.9953920491207319,0.9979549988456712,0.9980660314329697,0.9984026335856013,0.9955983210500435,0.9978090462244076,0.9996208801844161
HOMB,0.998656431097312,0.9990220332039592,0.8534937643322305,0.7633868697780202,0.9047106177195579,0.9868876248877655,0.997481122042911,0.9877478739483626,0.9856122043959659,0.978435197303351,0.9988880609141912,0.994745580393954,0.9971277175332345,0.9977882609187019,0.9731604030525091,0.992511931626928,0.9911227931587305,0.9981026965741691,0.9942842553128044,0.9875905900032693,0.9951497834758769,0.9911834043507698,0.9990882853572832,0.998849338571464,0.9991130177008938,0.9952454467434477,0.8980188262993899,0.9968556294868297,0.9974035546258968,1.0000000000000004,0.9916452251497471,0.8489659674690083,0.9954849088671951,0.998460889297359,0.9828184064561841,0.9923828363051994,0.9956397371735876,0.9979586964667966,0.9968762429260946,0.879664903597231,0.9966080963177331,0.8509082646082728,0.9897804509921148,0.9902382875465778,0.736988664359081,0.9941050089766252,0.9986842349779954,0.9977505992699154,0.9985075078612462,0.999596873037923,0.9984412453355598,0.9371273654533065,0.9954994262906759,0.9840457620272942,0.8523340086829242,0.9993871717035808,0.9985232870836573,0.9890643518204977,0.9917968643970053,0.9924841902930547,0.9948854134393945,0.9931631807037458,0.9959959179722013,0.9968489597316916,0.9912676431307523,0.9997183808894389,0.9974848565483199
HTH,0.9904705478624255,0.9888854840638869,0.8786743923328864,0.7815592725652782,0.9280386888763464,0.9843658156582087,0.9913148341780316,0.9850552045920183,0.9784882339037239,0.9791349922534851,0.9898103023801,0.9849562790330245,0.9912716833860742,0.9879903502649583,0.9833894497968326,0.9889367319291258,0.993366562613992,0.9867016542315883,0.9840112185851023,0.9792270398699847,0.9838445092880646,0.9834027796667901,0.989029780291841,0.9911577229312122,0.9902681604767111,0.9870685463684987,0.914808897664002,0.9884743559042165,0.9874822861729796,0.9916452251497471,0.9999999999999996,0.8757530347591358,0.9872339378731991,0.991309469695208,0.9813234420201884,0.9843868363075928,0.9873400099796416,0.9911296768556921,0.985838152366808,0.8900261856469677,0.9870504697976162,0.8783517111697048,0.9781174791432604,0.9810257776944885,0.8118006087429699,0.9769614730554265,0.9882450116151899,0.9881399830141887,0.9902714203021272,0.9899346332141035,0.9889647929559687,0.9328442194653309,0.9853484263024945,0.9732346931101848,0.8964929450217974,0.9909408579820008,0.987919745388971,0.9828613164204663,0.9973084333912067,0.9888306247019485,0.9831228697038138,0.9847203219032972,0.9891690435436613,0.9855778376459254,0.9861738850916325,0.9911662388793334,0.9868389279522163
