Ticker,ABCB,ABTX,AJX,ALTA,ARI,AXP,BAC,BBT,BK,BOH,BOKF,C,CFG,CFR,CIT,CMA,CNND,COF,DFS,EWBC,FCNCA,FFIN,FHB,FITB,FMAO,FMBH,FNB,GBCI,GS,HBAN,HOMB,HTH,HWC,IBKR,IBOC,ISBC,JPM,KEY,LARK,MBWM,MCBC,MS,MTB,NAVI,NKSH,NTRS,OPY,PACW,PBCT,PGC,PNC,PNFP,RF,SCHW,SFBC,SIVB,SLFC,SRCE,STBA,STT,SYF,TCBI,TFSL,TSC,UMBF,USB,WAL,WFC,WSBC,ZION
ABCB,1.0,0.9891192550668633,0.9508364337003898,0.8777459305936749,0.5606048446801535,0.9606364783575635,0.8865603436310531,0.9843120705404077,0.8998924993751742,0.8047396111333609,0.8796199959455508,0.8330587821682482,0.9807292097264375,0.8796114662510875,0.9620668822546059,0.7570529274634152,0.9478080321286168,0.9352735171405605,0.8731632375380898,0.8395046406678134,0.8894615295203241,0.931843758599589,0.998634611697867,0.8395344973680421,0.8606588506692302,0.9796567749889369,0.9958007831208685,0.9946470028668394,0.86779025661916,0.9897418314645021,0.9464624785118131,0.9863194039995705,0.9400433194393104,0.9449474918019876,0.6892785462808884,0.9287884671698445,0.8966685726109839,0.8977956284950661,0.9993978250289782,0.9949400002829586,0.9778857530108783,0.9424445460369344,0.8504159535168099,0.9341767345104794,0.7075488229655899,0.875683015171501,0.9477812041997886,-0.49015144278919875,0.9701197833107812,0.951371047185637,0.8090831452023945,0.9707598953648054,0.9937746371615128,0.931257307116663,0.9268312088037687,0.9670639720271653,0.9907580825279299,0.9336218455963387,0.8107864372133119,0.872864801222559,0.960600662110536,0.8916593563171925,0.8120046895128015,0.951761434540768,0.9491381523751504,0.7923026081668707,0.9321027039115414,0.807735267808557,0.9389858965292893,0.9374003432178808
ABTX,0.9891192550668633,1.0,0.933456984441714,0.9293965771759676,0.4353663745637264,0.9551791344916909,0.9421129163513584,0.9967871926800738,0.9500582582563917,0.8754864720282547,0.9347958005702771,0.900157131670906,0.997962403380401,0.9346101228005959,0.9732053687817533,0.8350752965713654,0.9833570312566213,0.9738394714961468,0.9276752670075019,0.8971539584793607,0.9410068439434072,0.9600373268778126,0.9916392221993351,0.9041102263623355,0.9204383609004326,0.998097744159194,0.9955242140208297,0.9905933409734835,0.9253759753714249,0.9727217661216271,0.9677071488228397,0.9742545615119719,0.9759414672179317,0.9138652149247962,0.7749521921894391,0.9684476506746112,0.9448994094541773,0.9495203510248827,0.9922598812783024,0.9979618686912646,0.9382705921513729,0.9798899289161146,0.9124502839504195,0.9624299700326969,0.7910547998188473,0.9348870975338779,0.9482092723888801,-0.39739519934087164,0.9798247493464952,0.9856919649095504,0.8735379319793778,0.9896711822822368,0.9912732272985201,0.9711693093573297,0.9697176627281537,0.9854448141730957,0.9649797315219469,0.9723106954223778,0.8849843865399677,0.9331307269570063,0.9850992176461812,0.9474636320759804,0.8813507953437061,0.9859305257099599,0.982606843834938,0.8659961533614686,0.8698286275415742,0.8847479753185076,0.9749340120531846,0.9741566858365873
AJX,0.9508364337003898,0.933456984441714,1.0,0.864567152227508,0.5986008522388975,0.8498270586024793,0.8487198499644663,0.9114543047985745,0.864583629150519,0.7847358082374413,0.8489865763355839,0.7990116469093748,0.9135274246594085,0.8525746515581459,0.8559722808982778,0.7513406609360097,0.8866258637087785,0.8893227324591326,0.8380373076460732,0.8390314652806062,0.8635761766480333,0.9316940524638821,0.9388517367718565,0.8149838432358406,0.8311611594684161,0.918034451628528,0.9324218970034707,0.9673872682775769,0.8414315153960494,0.9117899752401352,0.9438865022259977,0.9053100053000382,0.8424065702872866,0.9048880142506491,0.6965041382527358,0.8923681463904739,0.8768302255438873,0.8608334777884594,0.9471392531908456,0.9350863249332653,0.9338059651452049,0.8928529995354934,0.8223267713198346,0.9315382280069537,0.7125354591541936,0.828945154451605,0.8307059875721163,-0.6609203510399098,0.8714768562208278,0.8831945934812399,0.8089196800559545,0.9404544119733168,0.9186353692910285,0.8972243789518941,0.8839431196261439,0.9466686311284045,0.9287784370072105,0.8966547796057784,0.7456002847258701,0.8240203425118267,0.8795792095317625,0.8237306209472562,0.797098778242902,0.894513691852976,0.9088979136115585,0.7737845880918536,0.9165616176274395,0.7459929493919998,0.8837957740424511,0.9023837704590352
ALTA,0.8777459305936749,0.9293965771759676,0.864567152227508,0.9999999999999999,0.1487241723599228,0.7961813919146401,0.9933943743709343,0.9161546337085188,0.994491070395077,0.9891021668740368,0.9976454912849833,0.9917118976423926,0.9360342997722364,0.997387727481105,0.8562291380536932,0.9768439363047018,0.9688906257017953,0.9850802023758529,0.9950580107599626,0.996035105807477,0.9981021032652352,0.9853385083185654,0.8843251543201367,0.9948613523999683,0.9969762509917889,0.9435503682150801,0.8932467352337699,0.9126784512363341,0.9980410336329205,0.8198279588113575,0.9766075821324643,0.8251389229514149,0.9339487268972739,0.7508425732663336,0.95195999781052,0.9910800736039942,0.9987486135980701,0.9946580346594308,0.8832708442145861,0.9086295018730568,0.7626101790225678,0.9778507758282388,0.9962094404838986,0.9859479006570292,0.9594356693780286,0.9886804233580156,0.7931219810155455,-0.30261516389268406,0.8745501730920139,0.9600455622083909,0.9857929651358844,0.9662642497435974,0.874490580506736,0.9892140480610961,0.9878082464252997,0.9687650961530716,0.8169895598567986,0.9893322110803993,0.972199864270989,0.9869156917639677,0.9422381399536974,0.9781499324379268,0.9906288275246538,0.9689205214911197,0.9802460553333143,0.9857688794685157,0.6727440833827398,0.9665097945727404,0.9741791599000943,0.9871563747704701
ARI,0.5606048446801535,0.4353663745637264,0.5986008522388975,0.1487241723599228,1.0000000000000002,0.5073158759951678,0.13404771706674512,0.42015859885044515,0.1669508578897614,0.0032036469491698184,0.1285517046348247,0.03669809206084069,0.39135999818330003,0.13310227564364654,0.4161219618059178,-0.059381972539505175,0.27072412515923444,0.24834325998603068,0.12481270144760924,0.09760328788121009,0.15466862876539617,0.3111242810730217,0.5344399110092907,0.05627154852490791,0.09289931986100007,0.38415910396020075,0.49947969253462304,0.5229981519162126,0.10912876870515197,0.5896733786330203,0.35509998329327885,0.5610759484901664,0.26525665040434776,0.6457680770707626,-0.13672106925110425,0.2385658506277753,0.17888623390521166,0.15958062346426688,0.5415624175188479,0.4795233882510018,0.714705982460481,0.2603416992050803,0.07463354448530415,0.3103524796378717,-0.11482923212207724,0.10402597433440142,0.4702163041790429,-0.8014882018476178,0.4215780228843136,0.28118185019493824,0.04955934422301394,0.379533413818903,0.5099253386554027,0.24213466104518683,0.22273287740122016,0.3796865791199191,0.6354369308877401,0.2484759780254893,-0.018212471731407505,0.09717420763985835,0.3336660696508577,0.12812632612045094,0.01801253897112847,0.2839680688794186,0.28799468427712854,-0.01819792764857705,0.8205838492897458,-0.027738572719284236,0.264544576769211,0.2608271483042953
AXP,0.9606364783575635,0.9551791344916909,0.8498270586024793,0.7961813919146401,0.5073158759951678,0.9999999999999997,0.8345409775883087,0.9698382505185767,0.8445022726112726,0.7294547172424669,0.8158907679330029,0.7712381711288605,0.9544776427842634,0.8144755406807329,0.990545534760256,0.6743929876183188,0.9186808190245302,0.8817900276278644,0.7998398964901114,0.7425822624417688,0.8230835665501977,0.8367012841158336,0.9650507267101772,0.7719464335261458,0.7943210499275642,0.9488196099405135,0.9728399360563625,0.9331482810630509,0.8004325583106953,0.9849542006786162,0.8515599412614928,0.9919676826195917,0.9384686857216754,0.9292811174970658,0.592430464892312,0.8670483267014387,0.8226718810721928,0.8416219665673024,0.9659390081346051,0.965060888195671,0.9464404794865593,0.9037528614049883,0.782664835163427,0.8418716608277765,0.6131009539316309,0.834308428912534,0.9980288865804501,-0.29237110112259096,0.9837767426413634,0.9300324626822885,0.7146221605826706,0.9047004441205919,0.9808601577591618,0.8753724383639409,0.8786694191636052,0.8945026041093368,0.9559174988525024,0.8743906194780575,0.7711066627618499,0.834819804521843,0.9278250287804272,0.8646224986304716,0.737955779076812,0.9186441812543513,0.8985499758654064,0.7183640916387293,0.8752564371637938,0.783671232651808,0.8941623671446439,0.880693024004643
BAC,0.8865603436310531,0.9421129163513584,0.8487198499644663,0.9933943743709343,0.13404771706674512,0.8345409775883087,0.9999999999999998,0.93596880382518,0.9986780138298826,0.9848221282918348,0.9984929298744118,0.993216948474507,0.9521932961392079,0.9983355683545282,0.8925026828689,0.9687208935881141,0.9830240132721682,0.9912159856936871,0.9928746767886688,0.9839581534377656,0.997956436643824,0.9738566190905636,0.8960295863849866,0.9939746606628931,0.9968751016373767,0.9574097804853067,0.9091074108795976,0.9134582488416211,0.9972354426026196,0.8423570594262507,0.9647003044338913,0.8506706910870292,0.9615416880071599,0.7654559160878617,0.9374529892429817,0.9925726568094836,0.9960214353113732,0.999054770294227,0.8949917299573147,0.9224726990462518,0.7723114813163817,0.9886713298699156,0.9953486519134789,0.974840182124468,0.9461466030362548,0.9984001686127711,0.8355241077474321,-0.23552670892387417,0.9028688490489666,0.9778652085236545,0.9757717309146354,0.9665533687720671,0.8949338659255519,0.9931423001280041,0.9949614489252104,0.965241187678086,0.8273725265679283,0.99217269392644,0.9830694336782025,0.9976741846827399,0.9566392796164227,0.9940898617307893,0.9871648907510957,0.9824524208619985,0.9867525321153837,0.98194409734736,0.670049996453402,0.9839037672679161,0.9817709607060273,0.9904728526248229
BBT,0.9843120705404077,0.9967871926800738,0.9114543047985745,0.9161546337085188,0.42015859885044515,0.9698382505185767,0.93596880382518,1.0,0.9437850772135608,0.8643762905541263,0.9264050402591101,0.8925830235543378,0.9979873467871522,0.9249301654385024,0.9870707904983459,0.8219947333277166,0.9832426719032559,0.9682114251279951,0.9175034966383045,0.8801633119272431,0.9318570797670156,0.9422760958595106,0.9893671314829353,0.8949077504992169,0.9113665345642883,0.9967969984719179,0.9946893103844356,0.9801202404624406,0.9160580061611022,0.9764179168897413,0.9501998696402452,0.9797478410494448,0.9821021298051105,0.9194818657911789,0.7584881762046248,0.9605623521701324,0.9334888311040989,0.9421829723129019,0.988645112073077,0.9962225600775796,0.9334837734421072,0.9771575780045578,0.9032356065626389,0.9457008029784363,0.774933805451396,0.9322248728951453,0.9649266815427607,-0.3423979846389773,0.9917974429733415,0.9860404035765592,0.8544094913409653,0.9794359794477318,0.9935549955640852,0.9641902609281642,0.9642898078849677,0.9739973409829219,0.961637265232443,0.9643110466049961,0.8832812033619409,0.9307767413952135,0.9843808314536503,0.9486791093024783,0.8703912222022893,0.9843640559611458,0.976196501630269,0.855107747482265,0.8576021451742766,0.8863909564789614,0.9705969438872661,0.9668742416502386
BK,0.8998924993751742,0.9500582582563917,0.864583629150519,0.994491070395077,0.1669508578897614,0.8445022726112726,0.9986780138298826,0.9437850772135608,0.9999999999999998,0.9807816106968317,0.9982633058928175,0.9898443551165595,0.9587349404200662,0.9978315871992756,0.8988149568945019,0.9633993469148875,0.9867258438574801,0.9939518770709391,0.9917667539734559,0.9832606018098591,0.9989961675382938,0.9803981882153852,0.9085515711316756,0.991591527680301,0.9953999906479342,0.9642466425204956,0.9196634311125588,0.9261268063231066,0.9966207409342575,0.8552140668764465,0.9728449538005779,0.8628707370964772,0.9615438455899774,0.782784292225838,0.9300151587732428,0.9958878947896902,0.99735761919894,0.9986468895563253,0.90713477268384,0.9326633762669709,0.7910272387897035,0.9921855078125817,0.9933940901208875,0.9816055163700348,0.9393008399386413,0.996854033480887,0.8434569947040976,-0.2638529421925305,0.9113509377237896,0.9808670801874624,0.9723032445088072,0.9742459298181058,0.9048920591054564,0.9962973423994308,0.9970897939228952,0.9740398459596065,0.8423367284530002,0.9952970144134133,0.9758215728241717,0.995814857809461,0.959935994857679,0.9920051852952148,0.9837303128082568,0.9855220334127441,0.9911006609322496,0.9769738542091261,0.6935412491405046,0.9761553212176399,0.9854255785660911,0.9949744068556859
BOH,0.8047396111333609,0.8754864720282547,0.7847358082374413,0.9891021668740368,0.0032036469491698184,0.7294547172424669,0.9848221282918348,0.8643762905541263,0.9807816106968317,0.9999999999999999,0.9898034797689104,0.9977283720444828,0.889088281182844,0.9891807463723266,0.803991410879921,0.9964013755264386,0.9391729198939688,0.9599990410628954,0.9890280150940645,0.993212330369534,0.9863110570972874,0.95062597607853,0.8156750534309868,0.9976727908947152,0.9946546299258655,0.8973539756000178,0.8295271320435227,0.8455941904242428,0.9930747226057205,0.7423236284579373,0.9351371992712914,0.7508509232514451,0.9067770747854662,0.6645421154536173,0.9830103390173943,0.9670856915585507,0.9835492741966316,0.9823183447053547,0.8130562686041753,0.848115681219667,0.6654966739372382,0.9499038075888607,0.9964805532266686,0.9509987247805909,0.9873591754594397,0.9839030104524807,0.7314985375094968,-0.1889414846609405,0.8217516351511963,0.9289105568144977,0.9898506399401898,0.9214314783011415,0.8093120770288889,0.964108134487565,0.9657086428771193,0.9232528049200919,0.7333189982778853,0.9637551269343897,0.987116847995375,0.9832980145488732,0.9055003921976674,0.9704211845037446,0.9988247625181905,0.9379803677271938,0.948618868868966,0.9996676634782715,0.5592978970506005,0.9817301146911129,0.9460271478532283,0.9595346260931374
BOKF,0.8796199959455508,0.9347958005702771,0.8489865763355839,0.9976454912849833,0.1285517046348247,0.8158907679330029,0.9984929298744118,0.9264050402591101,0.9982633058928175,0.9898034797689104,1.0,0.9955391574942695,0.9443634889951203,0.9991976063459787,0.8760288355492014,0.9757012190447875,0.9776240934576469,0.9892967502972937,0.9961663381376922,0.9908063323325242,0.9994206917616992,0.9778608795627917,0.8885339856268106,0.9968646929018473,0.9991360471431391,0.9506425992693628,0.8998006555247609,0.9099417527877678,0.9995982070138362,0.8291775531093267,0.9687099605438567,0.8364714973137919,0.9503020902480565,0.7556046269430791,0.9479231729020768,0.9929021212188929,0.998140184579362,0.9984546900672995,0.8867842310726618,0.9143704010977644,0.7624830493302142,0.9844029620655015,0.9982104957254331,0.9790175593765503,0.9557922096788007,0.9964084323953966,0.815383890271162,-0.25134270164832423,0.8909082042792136,0.9702908598347433,0.9810925918834146,0.9652265094272946,0.883737799218287,0.9919450126698743,0.9925900513727514,0.9657420962428662,0.8193244307804133,0.9915031073644727,0.9825732255212585,0.9952065649046327,0.9510545423011205,0.9896305026830358,0.9912662576142799,0.9767579409920198,0.9837113439426943,0.9868367710229459,0.6638192442463019,0.979834651101907,0.9794561436909276,0.9893823854838008
C,0.8330587821682482,0.900157131670906,0.7990116469093748,0.9917118976423926,0.03669809206084069,0.7712381711288605,0.993216948474507,0.8925830235543378,0.9898443551165595,0.9977283720444828,0.9955391574942695,1.0,0.9140441198363496,0.9946606419411007,0.8406297034876082,0.9892590154854853,0.9582098163426771,0.9736263658740413,0.9933910100423409,0.9904929421179043,0.9925151039640172,0.957169667416142,0.8446890378985601,0.9993215096140106,0.9983597034857884,0.9208665070243844,0.85879761485446,0.8677022502463987,0.9971119319992798,0.7789422198849704,0.9436618283133767,0.7878521934325181,0.9321994193480417,0.6997901866742733,0.9692765768227013,0.9781171268669846,0.9892209724713297,0.9909234536888353,0.8417837501342482,0.8755269378809245,0.7004443054029343,0.966381337562798,0.99908660624522,0.9580150207739787,0.9751165937530675,0.9931865595393056,0.7736429991205451,-0.18388896024071463,0.8555814891671005,0.9499530810165827,0.985246757362914,0.9373548425195419,0.8414628206153193,0.9761298560006286,0.9785997659744702,0.9374654040104664,0.7660456401578825,0.9756325209382919,0.9923093681764978,0.9927799591847036,0.9277734927810598,0.9842771235249124,0.9972297596793209,0.9567751370438462,0.9637645121704868,0.9965773249776462,0.5921934497611091,0.9890007018902913,0.9615472204810249,0.9722084894927044
CFG,0.9807292097264375,0.997962403380401,0.9135274246594085,0.9360342997722364,0.39135999818330003,0.9544776427842634,0.9521932961392079,0.9979873467871522,0.9587349404200662,0.889088281182844,0.9443634889951203,0.9140441198363496,1.0,0.943340141024338,0.9776629492409172,0.8495573382442767,0.9896996616315893,0.980659040103623,0.938396167835507,0.9049737776259305,0.9491514201691442,0.9582947856576942,0.9863869059056115,0.9161771116742856,0.9313844614197129,0.9995130891034303,0.9911249158674051,0.9817990006731003,0.935290416446637,0.9661135152840562,0.9642948816934959,0.9680309932188397,0.986514437063034,0.9047514201687568,0.7912053632919006,0.9739360285371448,0.9512942082754794,0.9580073642152447,0.9849656691576377,0.9948846867623864,0.9213359722081415,0.98566280340312,0.9240597453262656,0.9607913561813226,0.8065516697615432,0.9472303363191439,0.9489373088052641,-0.34807412395201653,0.9834595395944598,0.9916050030742741,0.8818486971360445,0.9883394989407376,0.9882479383458763,0.9760902070543988,0.9760346698498179,0.9829985883944882,0.954926646628973,0.9771009318031836,0.9042621694416837,0.9455065860493216,0.9913349527946602,0.9611188524138918,0.8939757094740953,0.9914879258992686,0.9859624418489998,0.8802413054688223,0.8444451560528273,0.9042265325027316,0.9798958368675018,0.978367757362121
CFR,0.8796114662510875,0.9346101228005959,0.8525746515581459,0.997387727481105,0.13310227564364654,0.8144755406807329,0.9983355683545282,0.9249301654385024,0.9978315871992756,0.9891807463723266,0.9991976063459787,0.9946606419411007,0.943340141024338,1.0000000000000002,0.8731398024835904,0.9753090148345894,0.9758683442101536,0.9881603275811205,0.9949060610925251,0.9909925935938426,0.9991280348827392,0.9792256207722333,0.8879393934589388,0.9961969670987669,0.9986114889994986,0.9496456503674452,0.9002111685679901,0.9109909642197356,0.999034830848554,0.8289270648778218,0.9692150246299168,0.8361731351003502,0.9493828695092253,0.7526878319496061,0.9474805317051264,0.9918113871318706,0.9979337281368792,0.9980198397195907,0.8870171253245672,0.9142589751106743,0.763902100541163,0.9836141048343857,0.9973039698504086,0.9794889909581826,0.9557965033872221,0.9949392145512157,0.8138849154062415,-0.26402183105449484,0.8866420477385097,0.9699030711293319,0.9837733638476979,0.9656686644721859,0.8829190195933594,0.9911135500387718,0.9921518882142966,0.9654461821874206,0.8183039900692802,0.9909051485209494,0.9804770030807098,0.9946284185291135,0.9488927703334812,0.987370354959839,0.9907257478079123,0.9760040964426291,0.9840644884357512,0.9861335048464727,0.6662018702295558,0.9783818229761346,0.9781632032907381,0.9895431257907673
CIT,0.9620668822546059,0.9732053687817533,0.8559722808982778,0.8562291380536932,0.4161219618059178,0.990545534760256,0.8925026828689,0.9870707904983459,0.8988149568945019,0.803991410879921,0.8760288355492014,0.8406297034876082,0.9776629492409172,0.8731398024835904,1.0000000000000002,0.7558025646120562,0.956791823878663,0.9282981119829402,0.8624757869115167,0.8110548405794348,0.880554102769752,0.8796607922006965,0.9699921189863481,0.840293797062597,0.8583599480254865,0.9733242009265733,0.9785153258186203,0.9436517348707799,0.8627790200304645,0.9755158934157236,0.8896063192943539,0.9827062346734337,0.9719751806910046,0.9148809325812929,0.6830801372458517,0.9145528547616977,0.8791320523488837,0.8967668913155997,0.969093143855389,0.9764508242899935,0.9218655629336874,0.9446492514709484,0.849192019930347,0.8846160100850097,0.7008949858569694,0.89399721236438,0.9902331280722491,-0.24890014428238466,0.9951651941486075,0.9636201480402745,0.7850964944045311,0.9355001120998641,0.9852236930695207,0.921585612030964,0.9250101213754748,0.926279256573371,0.9467330764851919,0.9199669132444971,0.8430674185232643,0.892932827223849,0.9594146045112912,0.9196792761698497,0.8117047798256297,0.9556826454813602,0.9374793905553604,0.7949701773050901,0.8368808584581703,0.8547235933704557,0.9347688305028935,0.9232689118830558
CMA,0.7570529274634152,0.8350752965713654,0.7513406609360097,0.9768439363047018,-0.059381972539505175,0.6743929876183188,0.9687208935881141,0.8219947333277166,0.9633993469148875,0.9964013755264386,0.9757012190447875,0.9892590154854853,0.8495573382442767,0.9753090148345894,0.7558025646120562,0.9999999999999998,0.9097810992687264,0.9344496157298938,0.9736293854447343,0.9865987338517623,0.9714216876497913,0.9294092093491833,0.7679410546519133,0.9896841495869505,0.9831307277476317,0.8596485330639099,0.7833728119527372,0.8046568386120849,0.9810960737538277,0.6869428551888189,0.9104063991332426,0.6973599609079417,0.8697935381167424,0.6093375575718223,0.994207619688275,0.9441501461307978,0.967777462901332,0.9644550837724152,0.7660847206995419,0.8041738513912242,0.6080812231045447,0.9232938969313209,0.9865023358435875,0.9294457693966789,0.9966358868755214,0.9687055377672646,0.6777303864598853,-0.16461371479906975,0.7747233986916168,0.8972543550352676,0.9870461681157107,0.8897118020504221,0.759925578019172,0.9413865477255727,0.9427878609890964,0.8935634527034061,0.6774797281303689,0.9399557343864374,0.9760524608404347,0.9680885495683008,0.8664721476673819,0.9490848981906669,0.9954375347120759,0.9075493494546798,0.9216888962717242,0.9976913145701851,0.4996647894014499,0.9722163888112608,0.9185312116197011,0.935614101796634
CNND,0.9478080321286168,0.9833570312566213,0.8866258637087785,0.9688906257017953,0.27072412515923444,0.9186808190245302,0.9830240132721682,0.9832426719032559,0.9867258438574801,0.9391729198939688,0.9776240934576469,0.9582098163426771,0.9896996616315893,0.9758683442101536,0.956791823878663,0.9097810992687264,1.0000000000000002,0.9941583988477031,0.9688753052293585,0.944599138496553,0.9797637833992566,0.969622711282849,0.955520439782534,0.9595308257290966,0.9689989221280013,0.9921001574087304,0.9655475534795466,0.9583345833843768,0.9716800019043279,0.9219424846002944,0.969159249845005,0.9296830531357617,0.9870935746484467,0.852412153905607,0.8611285074382977,0.9913567675731593,0.9787364402170666,0.9856224779531906,0.9545149243639659,0.9729630848469105,0.8624368198193699,0.9988966270801011,0.9643359246188032,0.9726940550591543,0.8737706082358161,0.9821240698288984,0.9176955670100904,-0.2745145374746923,0.9648919736434434,0.9984126269481496,0.9270879981235087,0.9856698693699657,0.9578472071501464,0.9938572732512441,0.9951875716850394,0.9829112419420649,0.9050013375887282,0.9929165289983067,0.9490296426425281,0.9809702679910491,0.9842493896989601,0.9883082022506966,0.9435604572194924,0.9987208764856874,0.9960619946817469,0.9331800542677282,0.7692886926602015,0.9519325083633497,0.9918731519010375,0.9935374092169992
COF,0.9352735171405605,0.9738394714961468,0.8893227324591326,0.9850802023758529,0.24834325998603068,0.8817900276278644,0.9912159856936871,0.9682114251279951,0.9939518770709391,0.9599990410628954,0.9892967502972937,0.9736263658740413,0.980659040103623,0.9881603275811205,0.9282981119829402,0.9344496157298938,0.9941583988477031,0.9999999999999997,0.9867569456174439,0.9693629518978697,0.9911459152738735,0.9846363887764867,0.9435871092194783,0.9753063271177048,0.9833922421011664,0.9837577543440992,0.9497400131482279,0.9541025525205306,0.9851135835381157,0.8986678149480254,0.982259974322683,0.9012540583733307,0.9776102713913293,0.8300319817068225,0.8943381535437803,0.9982992748375379,0.9920471272611239,0.9936594567625292,0.9407096214357499,0.961102364312233,0.8416097680443757,0.996687057576245,0.9798016703522164,0.9858385949364461,0.905152728500917,0.9870074192920658,0.8774971733961155,-0.30784593832819673,0.9395186358227776,0.9900364248820424,0.9531482527468655,0.9893761777621461,0.9400430577044492,0.9977115957795093,0.997495127299236,0.9870166063815722,0.8913879782794714,0.998532067348159,0.9617688806284375,0.9845990054928508,0.9829331554723095,0.9892394476128046,0.9628141933693102,0.9947754582438078,0.9971398808318434,0.9541112341689003,0.7535162395156358,0.9581878628461422,0.991692667428346,0.9971499581660681
DFS,0.8731632375380898,0.9276752670075019,0.8380373076460732,0.9950580107599626,0.12481270144760924,0.7998398964901114,0.9928746767886688,0.9175034966383045,0.9917667539734559,0.9890280150940645,0.9961663381376922,0.9933910100423409,0.938396167835507,0.9949060610925251,0.8624757869115167,0.9736293854447343,0.9688753052293585,0.9867569456174439,0.9999999999999999,0.9916971616382627,0.9945373766117762,0.9760402935665892,0.8832421155519227,0.9933939874695752,0.9966067166737531,0.9436829216392778,0.8912553438012801,0.904105251137664,0.9960269515781823,0.82088941214845,0.9676185458177998,0.8233296730290957,0.9467830003077595,0.7487735944699958,0.9495304666882737,0.989888780673798,0.9949021336979251,0.9943033105653457,0.8788328186191349,0.9068837408253155,0.7540259471288389,0.9756944153065874,0.9959512736730833,0.9766250331787529,0.9565979846346133,0.9886889003151796,0.7973805218269854,-0.2587680061252035,0.8801968395552562,0.9612088981285798,0.9802339894177349,0.9620380049959025,0.8765429563639364,0.9854825393810833,0.9858127479223294,0.9612872309521017,0.8187484348259626,0.9876273320790881,0.9844941215154716,0.987064656297947,0.955230638421651,0.9846569692073256,0.9873223169765772,0.9702602972957165,0.9767845913562198,0.9855609310716872,0.6594523683180785,0.9735242133438214,0.974401740375257,0.9829322132644045
EWBC,0.8395046406678134,0.8971539584793607,0.8390314652806062,0.996035105807477,0.09760328788121009,0.7425822624417688,0.9839581534377656,0.8801633119272431,0.9832606018098591,0.993212330369534,0.9908063323325242,0.9904929421179043,0.9049737776259305,0.9909925935938426,0.8110548405794348,0.9865987338517623,0.944599138496553,0.9693629518978697,0.9916971616382627,1.0000000000000002,0.9903442781098326,0.975277312285098,0.8468289676439266,0.9936144958079153,0.9931956115514629,0.9135158900284966,0.8544452227932307,0.8818993305445116,0.9931918907512589,0.7727858279135238,0.9635799021516744,0.7759851486895283,0.905900228745597,0.7024472106962677,0.9707259914457802,0.9767726144953254,0.9915534783483466,0.984062158162163,0.8448675881801745,0.8731749572897981,0.7146215074987682,0.9567024398159273,0.9938644897658746,0.9745861686540923,0.9760674860218093,0.9779584954978023,0.7386898185715941,-0.2994859950327847,0.8309136013964087,0.9335464805319884,0.9931179366477476,0.9451531560356593,0.8335944494736012,0.9730978871062901,0.9711287849632578,0.948304513737539,0.7748857858128394,0.9738994038752369,0.9698683607474154,0.9754891244386004,0.917037897268168,0.962901118710125,0.9936789165803658,0.9452195333224543,0.9605433530385818,0.9908403950038065,0.6259142700640066,0.961013874536006,0.9540405385674036,0.9700966264628447
FCNCA,0.8894615295203241,0.9410068439434072,0.8635761766480333,0.9981021032652352,0.15466862876539617,0.8230835665501977,0.997956436643824,0.9318570797670156,0.9989961675382938,0.9863110570972874,0.9994206917616992,0.9925151039640172,0.9491514201691442,0.9991280348827392,0.880554102769752,0.9714216876497913,0.9797637833992566,0.9911459152738735,0.9945373766117762,0.9903442781098326,1.0,0.9830437149506532,0.8975295395481494,0.9947946036668743,0.9976716474252445,0.9555021403107555,0.9077317053493984,0.9197315841217942,0.9987242375629117,0.8390393393272968,0.9746664553353911,0.8456723964894357,0.9505704794148936,0.7674315141072561,0.9419842863739284,0.9945975853545309,0.9991867457171458,0.9981404042044232,0.8961444464812537,0.922051805084335,0.7770312663015911,0.9868754301223993,0.9962660580274172,0.9838466749398637,0.9504025421042084,0.9949941510428845,0.8211946189653954,-0.27765116461256695,0.8951121373820301,0.9725934084637766,0.9801602468602023,0.9710142410491247,0.8912969113321625,0.9940880369910418,0.9940353143813548,0.9718288615949755,0.8300819943995548,0.9934913159456127,0.9762612385894804,0.9935729518972266,0.9525458112844073,0.9874938723820019,0.9887616235661196,0.9790100143124901,0.9871435410739138,0.982787199971086,0.6820691529910299,0.9743589462568689,0.9810678165290092,0.9923950830532283
FFIN,0.931843758599589,0.9600373268778126,0.9316940524638821,0.9853385083185654,0.3111242810730217,0.8367012841158336,0.9738566190905636,0.9422760958595106,0.9803981882153852,0.95062597607853,0.9778608795627917,0.957169667416142,0.9582947856576942,0.9792256207722333,0.8796607922006965,0.9294092093491833,0.969622711282849,0.9846363887764867,0.9760402935665892,0.975277312285098,0.9830437149506532,0.9999999999999999,0.9333677703988175,0.9638789124225648,0.9718942787026746,0.9646346116884993,0.9350565110800998,0.9616666549421644,0.9754906968739088,0.8779463862157215,0.9984613387993168,0.8768495193715183,0.9337973732475198,0.8194068026569754,0.8946682476199094,0.9891414788662853,0.9884339135941349,0.9793665070796241,0.9335041861127993,0.9472518947356168,0.8469918158717477,0.9778211220676551,0.9681597650710886,0.9995498407642067,0.9052591644413833,0.9627468943083335,0.8262743237154814,-0.444537654512669,0.8982630948546934,0.9629015543491647,0.9591114141879332,0.9897346544918864,0.9176465853016541,0.9872717604366815,0.9822732959417101,0.9921239494807251,0.8858019587333257,0.9890922125896235,0.9272141675926905,0.9598000248261256,0.955512520326404,0.9550342404408758,0.954380969203005,0.9725563404335199,0.9863893630887256,0.9436809231122493,0.7816538516762207,0.9185738369863863,0.9753702287246102,0.9889689222064713
FHB,0.998634611697867,0.9916392221993351,0.9388517367718565,0.8843251543201367,0.5344399110092907,0.9650507267101772,0.8960295863849866,0.9893671314829353,0.9085515711316756,0.8156750534309868,0.8885339856268106,0.8446890378985601,0.9863869059056115,0.8879393934589388,0.9699921189863481,0.7679410546519133,0.955520439782534,0.9435871092194783,0.8832421155519227,0.8468289676439266,0.8975295395481494,0.9333677703988175,1.0,0.849743416618662,0.8703887509195263,0.9846357034416596,0.9969509196376812,0.9925546220850076,0.8767079977574445,0.9903671390025456,0.9470040310697659,0.9865379381690846,0.951836084707279,0.9419497107888377,0.7009356988343691,0.9353984180541121,0.9034974863211275,0.9059286955188491,0.998760469905561,0.9973657848744649,0.9711734476728328,0.9495751338531586,0.8604876387076456,0.935524107450348,0.7187649909525656,0.8866776333006321,0.9526505678546083,-0.45817197504340756,0.9768057280635194,0.9588721770864891,0.8168467550666694,0.9734164193438299,0.996454858453864,0.9372559060818466,0.9339150676281902,0.9684452141802847,0.9892668360710362,0.9397537210997601,0.8264787429376858,0.8835789185565707,0.9693181659019696,0.9040447024440246,0.8224235429259973,0.9587067856961259,0.9546254385137535,0.8033993100256858,0.9196114561182193,0.8233659582143379,0.9455918140000122,0.9431558406670342
FITB,0.8395344973680421,0.9041102263623355,0.8149838432358406,0.9948613523999683,0.05627154852490791,0.7719464335261458,0.9939746606628931,0.8949077504992169,0.991591527680301,0.9976727908947152,0.9968646929018473,0.9993215096140106,0.9161771116742856,0.9961969670987669,0.840293797062597,0.9896841495869505,0.9595308257290966,0.9753063271177048,0.9933939874695752,0.9936144958079153,0.9947946036668743,0.9638789124225648,0.849743416618662,0.9999999999999999,0.9990301400551127,0.9235913085839446,0.8630196231190514,0.8755527541188579,0.9984650054795385,0.7831534576954471,0.9509011609067302,0.7918772323455503,0.9289845610129076,0.7072108456867019,0.9692829747284792,0.9805550684128873,0.9922496436102695,0.992015155959347,0.8477760681061081,0.879856785459536,0.7097306695143726,0.9684931356985359,0.9996330744549528,0.9646368805795136,0.9752774885220424,0.9930826498564848,0.7732925863605145,-0.21138821515355694,0.8558087783333604,0.950605541621022,0.9877941247240432,0.9424522575766384,0.8447113363504419,0.9791783967709122,0.9804851433348203,0.9437491065134392,0.7718903694418574,0.9782143127181806,0.9873423857830846,0.9921916744883857,0.926611396400188,0.9822091195020777,0.9983150807558853,0.9580890593952233,0.9668709529614036,0.9963335710283404,0.6052535305954867,0.9849646627441342,0.9629654565683881,0.9753638773706423
FMAO,0.8606588506692302,0.9204383609004326,0.8311611594684161,0.9969762509917889,0.09289931986100007,0.7943210499275642,0.9968751016373767,0.9113665345642883,0.9953999906479342,0.9946546299258655,0.9991360471431391,0.9983597034857884,0.9313844614197129,0.9986114889994986,0.8583599480254865,0.9831307277476317,0.9689989221280013,0.9833922421011664,0.9966067166737531,0.9931956115514629,0.9976716474252445,0.9718942787026746,0.8703887509195263,0.9990301400551127,1.0,0.938025941238158,0.8825362924698196,0.8937206145213478,0.9997427959144282,0.8073515549321784,0.9608416326658363,0.8147837462370461,0.9415988697658916,0.7315014147364216,0.9592501235314613,0.9877147847450922,0.9959119610002065,0.9961241570904187,0.8682102699577712,0.8981273981953248,0.7371091324686411,0.9768399249788038,0.9997506075293239,0.9726650672068357,0.9662421956560104,0.9949522100740384,0.7945523085831466,-0.2326756294743052,0.8737494656752471,0.9612760668862323,0.9856193261569707,0.9550497026197241,0.8653909631692863,0.9860032832369384,0.9871953106252633,0.9554691322048192,0.7975336285678052,0.9858315886233672,0.9867762013578157,0.9941454878869929,0.9414968924438146,0.9867841406633558,0.9950811301190868,0.9683179873773051,0.9760646599339077,0.9923573719551182,0.6358278127696003,0.982925552066968,0.9722718922607075,0.9831105502049716
FMBH,0.9796567749889369,0.998097744159194,0.918034451628528,0.9435503682150801,0.38415910396020075,0.9488196099405135,0.9574097804853067,0.9967969984719179,0.9642466425204956,0.8973539756000178,0.9506425992693628,0.9208665070243844,0.9995130891034303,0.9496456503674452,0.9733242009265733,0.8596485330639099,0.9921001574087304,0.9837577543440992,0.9436829216392778,0.9135158900284966,0.9555021403107555,0.9646346116884993,0.9846357034416596,0.9235913085839446,0.938025941238158,1.0000000000000002,0.9897749288977732,0.9831234543944644,0.9421130410428056,0.9613903929171603,0.9699923778853045,0.9642887774427642,0.984465649060769,0.8991601762861074,0.8027133782458141,0.9785085155566074,0.9576141754104317,0.9632025415125597,0.9838367657203287,0.9940258735071302,0.9177690572543777,0.9889387410211117,0.9310342087606298,0.9672370507535624,0.8177556464695075,0.9525269052406369,0.9433507249229273,-0.3540979562867785,0.9804215053135824,0.9931295656350844,0.8910625299598001,0.9912680731420971,0.9851852871312112,0.9807720207128376,0.9803603270168216,0.9870944562597643,0.9507853752600492,0.9814663436316642,0.908684433515603,0.9507785409295578,0.9898697100312688,0.9640335221650036,0.9025256411404478,0.9932696983661011,0.989568112514074,0.8887455088539228,0.84085668116562,0.9088769011535861,0.9834023872083436,0.9829207453817452
FNB,0.9958007831208685,0.9955242140208297,0.9324218970034707,0.8932467352337699,0.49947969253462304,0.9728399360563625,0.9091074108795976,0.9946893103844356,0.9196634311125588,0.8295271320435227,0.8998006555247609,0.85879761485446,0.9911249158674051,0.9002111685679901,0.9785153258186203,0.7833728119527372,0.9655475534795466,0.9497400131482279,0.8912553438012801,0.8544452227932307,0.9077317053493984,0.9350565110800998,0.9969509196376812,0.8630196231190514,0.8825362924698196,0.9897749288977732,1.0,0.9897145200491522,0.8885425282271009,0.9889173337341874,0.9462810868483914,0.9898428233361392,0.9634019278116154,0.9355209591962592,0.7158365020079759,0.9427348997778855,0.9119141158581198,0.9181590482170096,0.9979110423617831,0.9986534569640174,0.9622957151007557,0.9595877460998974,0.8727478864237508,0.9377317751426955,0.7340322462672807,0.9012866543314649,0.9646688990958981,-0.4187977795749185,0.9837806348774524,0.9707522496638902,0.8278669591361799,0.9751772276386392,0.9977669484457488,0.9462368510656067,0.9448737747543872,0.9697923542107969,0.9799165093062037,0.9476995284238958,0.843407724888283,0.9004759934871032,0.9729848311036289,0.9184000216457843,0.8358676802352605,0.9688316092834104,0.9628656168322596,0.8184981269669404,0.9013797007824298,0.8440760028689295,0.9544170186778654,0.9517087888115574
GBCI,0.9946470028668394,0.9905933409734835,0.9673872682775769,0.9126784512363341,0.5229981519162126,0.9331482810630509,0.9134582488416211,0.9801202404624406,0.9261268063231066,0.8455941904242428,0.9099417527877678,0.8677022502463987,0.9817990006731003,0.9109909642197356,0.9436517348707799,0.8046568386120849,0.9583345833843768,0.9541025525205306,0.904105251137664,0.8818993305445116,0.9197315841217942,0.9616666549421644,0.9925546220850076,0.8755527541188579,0.8937206145213478,0.9831234543944644,0.9897145200491522,1.0,0.9005412587666844,0.9705794517876296,0.972668520068096,0.9668450760739045,0.9396781814237427,0.9237985070568343,0.7448394795701384,0.9510835164986629,0.9274987099637836,0.92374140311851,0.9939439930468054,0.9922875522601965,0.9598831955747642,0.9574941449421228,0.8848155777790928,0.9627970342255385,0.761501852375537,0.900870760237857,0.9192734260601043,-0.5161309534052602,0.954963988997534,0.9590245838233727,0.8550000853723668,0.986238656176039,0.9824949940163167,0.9526198400785867,0.9469593297824165,0.9848260016503423,0.9759415102315544,0.9548854259314666,0.8389615879292223,0.8977200659103497,0.9634251396781716,0.9089788977112448,0.8528189169352708,0.9624961900769377,0.9664243939904741,0.8340889613728452,0.913849263150839,0.8344195355216754,0.9541369017796087,0.9582859824661184
GS,0.86779025661916,0.9253759753714249,0.8414315153960494,0.9980410336329205,0.10912876870515197,0.8004325583106953,0.9972354426026196,0.9160580061611022,0.9966207409342575,0.9930747226057205,0.9995982070138362,0.9971119319992798,0.935290416446637,0.999034830848554,0.8627790200304645,0.9810960737538277,0.9716800019043279,0.9851135835381157,0.9960269515781823,0.9931918907512589,0.9987242375629117,0.9754906968739088,0.8767079977574445,0.9984650054795385,0.9997427959144282,0.9421130410428056,0.8885425282271009,0.9005412587666844,1.0,0.81442408893508,0.9651506083131626,0.8220050949045478,0.9422564131690927,0.7411210940840505,0.9559150422572569,0.9897567553837737,0.9972440393661801,0.9968885118388221,0.8750271678564607,0.9037166079465901,0.7469382802791069,0.9794775535121882,0.9992663188693497,0.9764646857042613,0.9632341556310057,0.9951218541954161,0.8002379660477955,-0.24633293932175093,0.8786067416361076,0.9637949852614351,0.9845818350835833,0.9592353856545255,0.8711315521741485,0.9885124444366895,0.9891456845137342,0.9602942499809346,0.8049124753828734,0.988016229070048,0.9834811866920611,0.9941893870946029,0.9430883958707356,0.9865556956648069,0.9941163321422795,0.9708996350471436,0.9789833118160621,0.9905485876598062,0.6475800714935225,0.980331535965828,0.9744806096097517,0.9858313050261087
