Ticker,ABCB,ABTX,AJX,ALTA,ARI,AXP,BAC,BBT,BK,BOH,BOKF,C,CFG,CFR,CIT,CMA,CNND,COF,DFS,EWBC,FCNCA,FFIN,FHB,FITB,FMAO,FMBH,FNB,GBCI,GS,HBAN,HOMB,HTH,HWC,IBKR,IBOC,ISBC,JPM,KEY,LARK,MBWM,MCBC,MS,MTB,NAVI,NKSH,NTRS,OPY,PACW,PBCT,PGC,PNC,PNFP,RF,SCHW,SFBC,SIVB,SLFC,SRCE,STBA,STT,SYF,TCBI,TFSL,TSC,UMBF,USB,WAL,WFC,WSBC,ZION
ABCB,1.0,0.9996448141589515,0.7702733459361571,0.9981231131489844,0.7557923897145727,0.9417768827730748,0.9909712739791487,0.9991241710687242,0.9944070527934828,0.9967733262975572,0.9987646293746251,0.9824141787270363,0.9996562658710293,0.9988671625592686,0.9983989757194933,0.9972773017639113,0.9603080089611665,0.9961823993037997,0.9848534630990837,0.9982727576620604,0.9979315934279301,0.9988293558290489,0.9992563391829272,0.998164130935985,0.9989038142529387,0.9993976929227787,0.9993000999994076,0.9997804559317857,0.8880524050913581,0.9992604515442567,0.9987473701080227,0.9861072659262096,0.9990684263360377,0.768011486955024,0.9935254258356058,0.9981755693825931,0.9888316881502078,0.9987920317724586,0.9996878504289863,0.9989059660912307,0.9985516316002832,0.9132040135097927,0.9985726799402291,0.7693340774617986,0.9970712551395613,0.998184455649735,0.6036719051747251,0.9917300779502941,0.9994251428267573,0.9990143262673769,0.9979270815512661,0.99932610610036,0.9996590947288009,0.9926693413596832,0.9990112286927474,0.9979189049743012,0.7555450693746447,0.9994404012818232,0.9989080026660461,0.997965843826564,0.9871262644904671,0.998457788009911,0.9913072931709996,0.9972006510774315,0.9990877787845769,0.9966395889296795,0.9980588992491365,0.9965244101506657,0.9982576344390389,0.9989290838168614
ABTX,0.9996448141589515,1.0,0.7662389362592946,0.9986996815747955,0.7509476936895172,0.9349025127950178,0.9911011931851463,0.9989215502210584,0.9939902161578025,0.997783996475449,0.9987938517985575,0.9822476550028152,0.999850804246231,0.9995258282183183,0.9983091110953666,0.9978194852435727,0.9587160392055265,0.9950997727988414,0.9827305794086645,0.9990797425704989,0.9985986562975706,0.998528536681376,0.9998495913293107,0.9983660783836834,0.999064253612157,0.9993917457298279,0.9995234757983672,0.999807913773033,0.8860583156814102,0.9995510245513308,0.9984007311583617,0.9821554545379532,0.9996365281338109,0.7662910185182182,0.9932544862509842,0.9984771567547834,0.9888159247365593,0.9990577185485712,0.9994614661222568,0.9991410046311544,0.9992726011692794,0.9110466812396651,0.998805245285805,0.7673899545886665,0.9975047338827339,0.9987344787514654,0.5853999638558081,0.9940966061434671,0.9999015884025839,0.9996906918392645,0.9981093331744242,0.9995471541104485,0.9998752887270095,0.9930572293413852,0.9993299101318146,0.9987678111730792,0.7464151671070196,0.9993742143679627,0.9993132392270118,0.9982688043322968,0.9840814391921904,0.9993946139385176,0.9915065948786624,0.9985652677167581,0.9994220284705898,0.9968141757765641,0.9988708526608439,0.9967297185723695,0.998080504778213,0.9995660082823505
AJX,0.7702733459361571,0.7662389362592946,0.9999999999999998,0.7417673360351604,0.9904907308759608,0.8823737383188025,0.8376608111387965,0.7933186581368223,0.8228498997682044,0.7385946363849583,0.779642159034497,0.8636479197821348,0.7767340633704024,0.7622595098413084,0.7956645924428323,0.7556850126581776,0.9074196449123081,0.809992191283976,0.8191762859650843,0.7500468252718169,0.745436591261335,0.7907306664664608,0.7575077630927574,0.7829830171389627,0.7635246167342356,0.787054186919389,0.7847349693833497,0.774444830569432,0.9644339157828015,0.7713145896133525,0.79310554834345,0.8284355581147648,0.7678325488929507,0.9797386540367278,0.7941458920132064,0.7965910210534212,0.8421476772582874,0.7738223774274318,0.7585424132842036,0.7866140416139416,0.7484041190989239,0.9544630073522012,0.7629736780860062,0.9825208035094366,0.7600424968680425,0.7593065820942755,0.7702809459421556,0.7531101708061931,0.7689240067552356,0.7651086241014613,0.7822853488476849,0.7837483469399279,0.7614337880600289,0.8287608381080209,0.7524504618049647,0.746022249144544,0.9702945458412969,0.774019966133093,0.763225804324352,0.7850878031950095,0.8323365334007998,0.7615604884228385,0.8397896626182147,0.7436910842980553,0.770160747985689,0.7807318268289787,0.7437677794659877,0.800091182347612,0.7997815589197793,0.7557035172893166
ALTA,0.9981231131489844,0.9986996815747955,0.7417673360351604,1.0,0.7226268435049746,0.9263984586478626,0.9863667564748232,0.9962755633121553,0.990902458211196,0.9995464235349651,0.9981928989065022,0.9763160937587028,0.9980428973693858,0.9993592001667866,0.9953843960169444,0.9992879291209393,0.9495034493632858,0.992690578602511,0.9824880385892957,0.9998303205562474,0.9997548763889175,0.9968616725616661,0.998745944445539,0.9977527930739357,0.9992980486612941,0.9971583532563313,0.9968551377319612,0.9982529977442007,0.8714663331265078,0.9977795616196338,0.996151539891977,0.9778498298616626,0.9983263748938445,0.7434550057622701,0.9933642904849677,0.9960216480649702,0.9842213604542777,0.9986041552606566,0.9989083543746952,0.9968009543609471,0.9985246129639602,0.8972141216808418,0.9993221201389142,0.7455979137341957,0.9987033596859799,0.999176283395776,0.5721650550237132,0.9920514746011794,0.9981106616393854,0.9987497054342985,0.9977180200885051,0.9973361828042634,0.9988120219024423,0.988453937500207,0.999796766272886,0.9992083936371541,0.7254106640831031,0.9986832606988977,0.9991993232289924,0.9972132849820924,0.9810844121059916,0.9987994545745699,0.986437621527157,0.9985153325785443,0.9987530417182191,0.9971194206414687,0.9982211154963564,0.9949830778650715,0.9950067834197897,0.9994881784512741
ARI,0.7557923897145727,0.7509476936895172,0.9904907308759608,0.7226268435049746,1.0,0.861315740727795,0.8160770531738692,0.7769730132795758,0.8011178196413592,0.7161360382760038,0.7597639178968723,0.8395484712340742,0.7611447199939357,0.7430071789282996,0.7777692342901882,0.7332518429145434,0.8822622943651828,0.7912781117548323,0.7902700229878766,0.7305349915228415,0.7243534361200825,0.7740081879376223,0.742871019167031,0.7617711861044715,0.7449453107036742,0.7708455786711711,0.7705995668880794,0.7586765368412383,0.9351711540788953,0.7545179817318828,0.7785240780894311,0.8112599818742687,0.7505456568159936,0.9523551969009765,0.7723138026344797,0.7782046328485934,0.8183303829175348,0.7531721608941778,0.7422090229173102,0.7690451802193937,0.7328476680391331,0.9289259797715423,0.7424983737420411,0.9532323892717104,0.7398280210192558,0.7373066895591285,0.751928556261497,0.7384585448888276,0.7541219987879825,0.7469283127747908,0.7615873779484479,0.7688940700490454,0.7455757230692145,0.8082882315279775,0.7336718054820488,0.7261466856430325,0.9520654105467656,0.7559830105299623,0.7453383112444899,0.7631883090419079,0.8108653071877564,0.7423396155912954,0.8210418047972057,0.7251110584777936,0.750530340689015,0.7562907754558893,0.7287069622806595,0.7773720636788697,0.7858027963549994,0.7370277664675431
AXP,0.9417768827730748,0.9349025127950178,0.8823737383188025,0.9263984586478626,0.861315740727795,1.0000000000000002,0.9585100857630954,0.9487672721706265,0.9601579577282263,0.9239025458016286,0.9438926451163648,0.9650046193342084,0.939768633415439,0.9333206810276192,0.9501639328579148,0.9324539229273526,0.9771966827412787,0.9599483050962971,0.9698431372536707,0.9275223451016229,0.9288091017450805,0.9472358186127701,0.929561719065747,0.9441598879028842,0.9364799092062905,0.9449766245752047,0.940777813578443,0.940528064509656,0.9517921520854336,0.9388720082183585,0.9466701621895784,0.9837404952179472,0.9353330594066658,0.8738970751673546,0.9463029219799415,0.9461156486256869,0.9613299546878946,0.9412528348105618,0.938372883265167,0.9441410946222437,0.9264500926291149,0.9648166868317056,0.9371571234391527,0.877722311881519,0.9319706731127518,0.9353684207436217,0.8285988430638126,0.9097954348976,0.934645027384266,0.9341287046562863,0.9428966565281391,0.9405151138696369,0.9354141151351344,0.9541375826671447,0.9327895230405725,0.9271337639358453,0.9136765834154166,0.9420989355846237,0.9340801892207172,0.9453113986448661,0.9789156873477134,0.9311969679356504,0.9558599466297067,0.9210143740075125,0.9393813805647917,0.9447861927972431,0.9234543540425181,0.9503829384072934,0.9471779118597569,0.9314302984015168
BAC,0.9909712739791487,0.9911011931851463,0.8376608111387965,0.9863667564748232,0.8160770531738692,0.9585100857630954,1.0000000000000002,0.995678038109172,0.9989592959783793,0.9865432615246189,0.9938572121240312,0.9984242041697837,0.9930644022752954,0.9913554738195633,0.9964804055710401,0.9892683281383293,0.9872884205648031,0.9957329544363457,0.9898754498157157,0.9886363590159941,0.9879412215931869,0.9944713538715824,0.9892459914288206,0.9947302052239718,0.9903903719376681,0.9948188201555455,0.993906832414385,0.9925681477610586,0.9391669742074494,0.9925801738545913,0.9940359849887007,0.9870538003158768,0.9920734182781833,0.8430810005645138,0.9917254043096176,0.9968675121870055,0.9997342313724621,0.9935226984077342,0.9892835833412751,0.9953763135903689,0.9875861605358988,0.9567105128426304,0.9908539412581597,0.8446455506240905,0.9887325907955061,0.9911021981424738,0.6373409809343683,0.9845218928382297,0.991559260812592,0.9919303581746062,0.9939973406647001,0.9938315581995862,0.9903283280976765,0.9997477504893982,0.9888660446884623,0.9881535087640522,0.8166314347401606,0.9926041626812545,0.9905188374894857,0.9956258154269656,0.9910114558638955,0.9914876393858285,0.999521638655538,0.9874301777128394,0.9929400986095089,0.9940059806949321,0.986260496294186,0.9974662684007631,0.9950825529909605,0.9900113589070059
BBT,0.9991241710687242,0.9989215502210584,0.7933186581368223,0.9962755633121553,0.7769730132795758,0.9487672721706265,0.995678038109172,1.0,0.9976901700677978,0.9953304308932642,0.9990940736697375,0.9892635336051132,0.999552452779672,0.9983797561541775,0.999731175986335,0.9965639433056674,0.9705528907215325,0.9979724215156586,0.9880160785568188,0.9970899284126119,0.9965957259809021,0.9993797773648482,0.9980775889103876,0.9989331760902419,0.998124240578216,0.9999166358921054,0.9996137807258944,0.9994405589696486,0.905706806773531,0.9990692695933214,0.9992614912475299,0.9882446176829152,0.998822168041475,0.7930150905747986,0.9948250270735283,0.9996800399425672,0.994049236151325,0.9989762240001137,0.9983083872673192,0.9997068370366786,0.9970174395746697,0.9285921625151693,0.9979952736212301,0.7943726538610764,0.9963205300163924,0.997770044821501,0.6153210061126029,0.9916728543659054,0.998952001351508,0.9986909730615462,0.9985345151391077,0.9995920129137593,0.9986582082296074,0.9967786465411305,0.9976934606839147,0.996659965629596,0.7760520625384101,0.9991895553915067,0.9982038419819991,0.9990682766534178,0.9900940308786005,0.9981513745559479,0.9958494529547051,0.996000940196753,0.9990096168860559,0.9975746176327066,0.9962515981248905,0.998670816971993,0.9993090374805196,0.9980097602301697
BK,0.9944070527934828,0.9939902161578025,0.8228498997682044,0.990902458211196,0.8011178196413592,0.9601579577282263,0.9989592959783793,0.9976901700677978,1.0,0.9905599799075325,0.9970970694527063,0.9961494844776424,0.995606021707809,0.9944452986111014,0.9978578070362641,0.9936000631117671,0.9829573220566302,0.9985682333736449,0.9939979059030761,0.9923811827741448,0.9919204291329191,0.9974758015129445,0.9921528593371313,0.997601468131973,0.9945074098513688,0.997064361085672,0.9958443261827953,0.9954055765065681,0.9291987283233432,0.9947477222301087,0.996914344726262,0.9906983995316324,0.9944890166310038,0.824393444099945,0.9958583963062694,0.9982863056081606,0.9985504854659232,0.996497233602956,0.9931577277711375,0.9970036770927311,0.9904563608781333,0.9483073383466025,0.9948512207298561,0.8269722451298703,0.993342849114213,0.9944243047107842,0.6436952535880055,0.9852840859107174,0.9939588948073542,0.9944017976338791,0.9972022910443096,0.9961209654594307,0.9934206173412826,0.9987109442624702,0.9929264323398618,0.9913707821145511,0.807636555575267,0.9960897230664255,0.9942038209342496,0.9978406377417003,0.9944468354517729,0.9938792779825191,0.9986378400257606,0.9899410559484814,0.9957549640264471,0.9972681387879825,0.989156730082497,0.9990701641272088,0.9971691155958914,0.993257834091464
BOH,0.9967733262975572,0.997783996475449,0.7385946363849583,0.9995464235349651,0.7161360382760038,0.9239025458016286,0.9865432615246189,0.9953304308932642,0.9905599799075325,0.9999999999999999,0.997574848990167,0.976753005381296,0.9970946890526844,0.9991220792859227,0.9949812609253376,0.9991253892752129,0.9497761244371693,0.9913243895769609,0.9820028956200139,0.9996033834663623,0.9998543291321578,0.995513131847766,0.9979188772384261,0.9974456978526953,0.9984057839592082,0.9962122574850727,0.9957172150443893,0.9972794865490247,0.8725085826037513,0.9974189723578714,0.9944042535061256,0.9755097278503033,0.9979586187487234,0.7460328617304416,0.9920915621326821,0.9955798817689544,0.9847516562742105,0.9984136127378789,0.9979862948577338,0.9964259017073585,0.9981326062655234,0.8975363345875499,0.9988531896947564,0.7479395867585971,0.997844038593607,0.9994202647871603,0.5648313992484438,0.99204039476403,0.9972760964289263,0.9985753066002293,0.9971379473524576,0.9961659607319879,0.9980686375412148,0.9886811057941564,0.9992858390952876,0.999466278140083,0.7222715985438858,0.9977849905720794,0.9983850310733855,0.9973213730302085,0.9794259897293114,0.9989140482279497,0.9859141435532108,0.9988808218644477,0.9985733722978037,0.9972371331251032,0.9978395061162423,0.9951143211126977,0.9933460870094899,0.9992647784031913
BOKF,0.9987646293746251,0.9987938517985575,0.779642159034497,0.9981928989065022,0.7597639178968723,0.9438926451163648,0.9938572121240312,0.9990940736697375,0.9970970694527063,0.997574848990167,1.0000000000000002,0.9869867136028468,0.9991674660466693,0.9992961468644591,0.9985015096313425,0.9990593779774589,0.9661344105213453,0.9978766767607629,0.990165175099015,0.9986707513630473,0.9983386279382797,0.999524748578485,0.9979401004890687,0.9999134387285349,0.9995707027331188,0.9993258739874915,0.998603036142938,0.9991573403515558,0.8985084863083138,0.9983861942096374,0.9989938741429771,0.9860656333348813,0.9987538054685199,0.7795952798851307,0.997246260771282,0.9991215832934681,0.9923890980041778,0.9998048161624922,0.9985288055519739,0.9988821514712839,0.9968742031952167,0.9214841167416145,0.999645172380019,0.7821751948922543,0.9988529256569241,0.9991044173773526,0.6074869783433174,0.9911933490584799,0.9984076421776085,0.9988350200751729,0.9998202931529796,0.9990729790039071,0.9985356031876083,0.9948278129829313,0.9989593956814112,0.9976112264427199,0.7638172679932322,0.9998436899410469,0.9993669308092789,0.9995481049872117,0.9896592742050327,0.9985846033672531,0.9939642028431042,0.9965344495199308,0.9994765432858845,0.9994009952132,0.9960811359948072,0.9989063516968524,0.9984309843359712,0.9988152790411157
C,0.9824141787270363,0.9822476550028152,0.8636479197821348,0.9763160937587028,0.8395484712340742,0.9650046193342084,0.9984242041697837,0.9892635336051132,0.9961494844776424,0.976753005381296,0.9869867136028468,1.0,0.9851284346178146,0.9828395356172579,0.9904629632866983,0.9809601819376763,0.9942627993698434,0.9915512779770308,0.9891113976240744,0.9792401356450269,0.9784337942889227,0.9880457362794254,0.9795741514887856,0.988341716612621,0.9820412242472389,0.9878497948583987,0.9863834095941403,0.9844781149779289,0.95657856260519,0.9843252557281467,0.9875079928382755,0.9850606430178946,0.9836872549047784,0.8696725902977103,0.9869637752403962,0.9910358803520489,0.9990325860709217,0.9862164401692964,0.9800515027498842,0.9885185135167912,0.9772938629713868,0.9709368412372199,0.9827566525220759,0.8718152982828394,0.9805366216104394,0.9828241708214805,0.6607993685020712,0.9748105147186114,0.9828270705404698,0.9833999394635252,0.9875278116621422,0.9863918276442989,0.9811763488873686,0.9970946795215038,0.9795520766605914,0.9784043211317562,0.8435444937869191,0.9849513033703844,0.9820070152060212,0.989438836416806,0.9900464534659921,0.9828458016525912,0.99770165610009,0.9772402836038031,0.9851093033068059,0.9880880364403127,0.9755321726503686,0.992742549474068,0.9889784549486835,0.9808704492154383
CFG,0.9996562658710293,0.999850804246231,0.7767340633704024,0.9980428973693858,0.7611447199939357,0.939768633415439,0.9930644022752954,0.999552452779672,0.995606021707809,0.9970946890526844,0.9991674660466693,0.9851284346178146,0.9999999999999999,0.9993554143589235,0.9990282520903752,0.9976343170137064,0.9632873662146112,0.9964660040982014,0.9848642308595114,0.9986037119822964,0.9980576202510422,0.9991205197668834,0.9994420386918251,0.998844153313984,0.9990043235539078,0.9998376524451612,0.9998330334126302,0.9998858792116053,0.8935924060332582,0.9995468024630798,0.9990437052024955,0.9843369167423595,0.9996128961500542,0.7763486133262313,0.9942564009734104,0.999191834193433,0.9909785781292814,0.9992542863569228,0.9991854116844491,0.9995579389214485,0.9986164461445877,0.9177762638347087,0.9987696412894768,0.7775914256667157,0.9974253802793971,0.9985789672431546,0.5954924970383383,0.9937114613188701,0.9998093350487228,0.9995499404372814,0.9985682964997099,0.9998670202178276,0.9996262255597902,0.9946902569020165,0.9989444031842353,0.9981532584823659,0.7571981175808129,0.9995530607124149,0.9992272607589685,0.9987900941400705,0.9864375450667591,0.9991771556975201,0.9934716332195488,0.9978331978143283,0.9994718791748766,0.9973479808244963,0.9980686790215244,0.99771439403845,0.9988839678943565,0.9992244965789374
CFR,0.9988671625592686,0.9995258282183183,0.7622595098413084,0.9993592001667866,0.7430071789282996,0.9333206810276192,0.9913554738195633,0.9983797561541775,0.9944452986111014,0.9991220792859227,0.9992961468644591,0.9828395356172579,0.9993554143589235,1.0,0.9979395093514709,0.9991772884793484,0.9588688147872199,0.9950377841263935,0.984791236117722,0.999774108348796,0.999541209446418,0.9983245657536802,0.9993001194820722,0.9991388440921815,0.9994870572187035,0.9989317015767514,0.9986653084332563,0.9993442681534378,0.8865705222812214,0.9991736486310197,0.9977409743659578,0.9808804994223024,0.9995203769689472,0.7655478698652054,0.994477196008357,0.9984584708990263,0.9894685194180912,0.9996821950625687,0.9991247561422283,0.9988818518201751,0.9988699757550011,0.9108094366395156,0.9995897750123163,0.7672386667140633,0.9985228933542813,0.999713895117532,0.581778965000268,0.9937022262736095,0.999264850450633,0.9997943826290421,0.9988866137723048,0.9989324689329183,0.9994540949829234,0.993120533087825,0.9997290590519948,0.9993513987363393,0.7433245342232002,0.9994875890501832,0.9995866553785818,0.9990332182624214,0.9841412455802073,0.9997763662703154,0.9913185304243046,0.9989132427424047,0.9997983627754613,0.9983117245600097,0.9983991978192235,0.9975739170398533,0.9972008489409906,0.9998955185484106
CIT,0.9983989757194933,0.9983091110953666,0.7956645924428323,0.9953843960169444,0.7777692342901882,0.9501639328579148,0.9964804055710401,0.999731175986335,0.9978578070362641,0.9949812609253376,0.9985015096313425,0.9904629632866983,0.9990282520903752,0.9979395093514709,1.0,0.9957590376419232,0.9725945807677697,0.9973536177136912,0.9876247406868115,0.9964125819089682,0.9961924953240953,0.9984515237290895,0.9974743262688878,0.9985294431638883,0.9971227161058942,0.999501103690959,0.9991013544494685,0.9988803887180571,0.9091944627942429,0.9990812056069683,0.9981545679957503,0.9881650005537287,0.9986177760454693,0.7994022259613369,0.9933185845378257,0.9995704896061782,0.9951054439114474,0.9986965889437304,0.9977276817244742,0.9997547665610259,0.9967314044202484,0.9315497751562496,0.99726341601708,0.8002616832173588,0.9949527876053833,0.997654289734482,0.6167235741420978,0.9915900213256444,0.9985119220051668,0.9985354000338598,0.9978097671171439,0.9989030118387979,0.9982225790045445,0.9975893296787557,0.9970269308699842,0.9965494664740007,0.7791835353381219,0.9984598012731261,0.9972983302521167,0.9991403244930576,0.9897362966534005,0.9980830546664567,0.9960810664889055,0.9959932035542809,0.9988261372402055,0.9972723263725065,0.9959386884079122,0.9988747914095429,0.99843978068366,0.9976277004391172
CMA,0.9972773017639113,0.9978194852435727,0.7556850126581776,0.9992879291209393,0.7332518429145434,0.9324539229273526,0.9892683281383293,0.9965639433056674,0.9936000631117671,0.9991253892752129,0.9990593779774589,0.9809601819376763,0.9976343170137064,0.9991772884793484,0.9957590376419232,1.0,0.9563869135100761,0.9948460567521636,0.9875686366572223,0.9993792442155919,0.9992703585282996,0.9976229503865058,0.9973257382008744,0.9989618536538742,0.9995120854777234,0.9972564354494402,0.9964281633505875,0.9977160879794309,0.8833375669828177,0.9969291959296974,0.9967236067565537,0.9800401009744469,0.9978317800513602,0.7575157568600991,0.9964071702697627,0.9968452539544825,0.9876669551364329,0.9991218155757371,0.9978401147065937,0.9967963592976679,0.9966229277870662,0.9072388859567735,0.999763443728911,0.7606452794888384,0.9995766967070399,0.9993091250418195,0.5858356080455538,0.9909239659462222,0.997138706945345,0.9981894217994801,0.9990342126386483,0.9972074549865921,0.997695720889434,0.9905951991828149,0.999255815236381,0.9981378645309358,0.7397147925253399,0.9989182975696749,0.9992275219281259,0.9982945145470293,0.9848119348954384,0.9983092628780839,0.9892469888785419,0.9970459986681592,0.9987420502848929,0.9989927463185428,0.9959892402591615,0.9969312325395685,0.9956264420327953,0.998848549724608
CNND,0.9603080089611665,0.9587160392055265,0.9074196449123081,0.9495034493632858,0.8822622943651828,0.9771966827412787,0.9872884205648031,0.9705528907215325,0.9829573220566302,0.9497761244371693,0.9661344105213453,0.9942627993698434,0.9632873662146112,0.9588688147872199,0.9725945807677697,0.9563869135100761,1.0,0.9764236143223788,0.9792278893995828,0.9533380807323213,0.9525979285086226,0.9686045318501434,0.9545627210134962,0.9679981004982925,0.9583909129092586,0.9678369242163963,0.9654807176551067,0.9626222825430686,0.9807585165063105,0.9623356177617206,0.9680718874148098,0.9786646537367616,0.9605428186055639,0.9127560139973433,0.9682649194643328,0.9723716442777973,0.9894028882831012,0.9646136195866465,0.9565928441006964,0.9687072043115441,0.9514200183287698,0.9902489458818877,0.9593618421375969,0.9150937106916887,0.9559789299857729,0.9592483335068035,0.7174895966564259,0.947584293589996,0.9595921593298588,0.9599477102003598,0.9668028596553823,0.9652247770869589,0.9574662162948038,0.9841527948057873,0.9545915452370403,0.9525891400666396,0.8948029874019913,0.9631869260106913,0.9579230306745656,0.969751701373827,0.9824740727579866,0.9587448530625835,0.9859037966668489,0.9503692906147191,0.9629348012378823,0.9680144704920943,0.9489395527264989,0.9754482335883985,0.9703479311347358,0.9560888267274978
COF,0.9961823993037997,0.9950997727988414,0.809992191283976,0.992690578602511,0.7912781117548323,0.9599483050962971,0.9957329544363457,0.9979724215156586,0.9985682333736449,0.9913243895769609,0.9978766767607629,0.9915512779770308,0.9964660040982014,0.9950377841263935,0.9973536177136912,0.9948460567521636,0.9764236143223788,1.0000000000000002,0.9944134467061988,0.9934170215993146,0.9928283020734845,0.9984045945843472,0.9933027823241816,0.9978311620399267,0.9963259683054312,0.9975616170849045,0.9963862435562535,0.9961903206560533,0.9171644166220623,0.9948111695308075,0.9984087729305672,0.9922269495381836,0.9953617150010982,0.8045378852798607,0.9975688023458135,0.9976495771617331,0.994648082201326,0.9968164406582798,0.9947333289767127,0.9965298712091779,0.9911280382727077,0.9382640578133544,0.9962401954792063,0.8078059537950546,0.9953983933661693,0.9947575539620546,0.6496090011187184,0.9862015777271299,0.9948278589567366,0.9946397637935218,0.9978098710253559,0.996946640007061,0.9945603840315064,0.9955192653778023,0.9944521625910842,0.9915907915632208,0.798150909377324,0.9973396589099957,0.9960404979371834,0.9973344186842092,0.99583302032107,0.9939116677273744,0.9961729367526765,0.9899400346953211,0.9959547687934989,0.9973183805254705,0.9897802192255424,0.9981987109970553,0.9982863617297313,0.994142157732952
DFS,0.9848534630990837,0.9827305794086645,0.8191762859650843,0.9824880385892957,0.7902700229878766,0.9698431372536707,0.9898754498157157,0.9880160785568188,0.9939979059030761,0.9820028956200139,0.990165175099015,0.9891113976240744,0.9848642308595114,0.984791236117722,0.9876247406868115,0.9875686366572223,0.9792278893995828,0.9944134467061988,0.9999999999999997,0.9831192438294085,0.9834131631638912,0.9900689605662082,0.979713968471205,0.9907053920055381,0.9872504834937623,0.9870969784323252,0.9839415518479472,0.985287365543637,0.9281434620784875,0.9831767423024484,0.9886216117245336,0.9918787590183475,0.9832111420041647,0.8169447828763131,0.9938755557913708,0.9883651045133313,0.9909333541648981,0.9886151620755879,0.9841176550492896,0.9861515087260949,0.9774246801349757,0.9455636069967556,0.9881085748439586,0.8228567770638117,0.9875251836913839,0.986226297104447,0.6909891771814061,0.9668918743698565,0.9815923542185919,0.9831690540639447,0.9908395048516816,0.9852666585908065,0.9824870658777454,0.9879679499506567,0.9843858170714472,0.9807084699755203,0.8232100478767066,0.9883826794785451,0.9856074835627421,0.9898929400971964,0.9975932699836773,0.98250232853333,0.9887891265016507,0.9766533408124837,0.9866245194169877,0.9926015096905582,0.9755786963534147,0.9918356832282621,0.9873910726649452,0.9830842456870575
EWBC,0.9982727576620604,0.9990797425704989,0.7500468252718169,0.9998303205562474,0.7305349915228415,0.9275223451016229,0.9886363590159941,0.9970899284126119,0.9923811827741448,0.9996033834663623,0.9986707513630473,0.9792401356450269,0.9986037119822964,0.999774108348796,0.9964125819089682,0.9993792442155919,0.9533380807323213,0.9934170215993146,0.9831192438294085,1.0,0.9998025754865889,0.9974320737027652,0.9990637656694848,0.9984146816137506,0.9993858329995252,0.9978822868362743,0.9976339972018307,0.9986972170729658,0.8778989480361268,0.9984021435885425,0.9967326179521291,0.978065520219686,0.998902538878777,0.7531249080464181,0.9938384046723325,0.9971604998243591,0.9866123857519161,0.9991274363653713,0.9988749993290187,0.9977377675874433,0.9987861045269854,0.9028507089832757,0.9994771745742176,0.7550504356540841,0.9987362348292937,0.999519199190229,0.5712215111692764,0.993120387987795,0.9986437608864819,0.9993174966794459,0.9982989385066694,0.9980423424621692,0.999069784333194,0.9906359312495764,0.9997891458110848,0.999461239906039,0.731335036578404,0.9989856391978188,0.9994169306652771,0.9980683715865455,0.9817105312016369,0.9994185721863164,0.98866690949349,0.9989791148062794,0.9992652068477983,0.9977235762803679,0.9984461402323145,0.9961627809957324,0.9958577281386325,0.9997709227316297
FCNCA,0.9979315934279301,0.9985986562975706,0.745436591261335,0.9997548763889175,0.7243534361200825,0.9288091017450805,0.9879412215931869,0.9965957259809021,0.9919204291329191,0.9998543291321578,0.9983386279382797,0.9784337942889227,0.9980576202510422,0.999541209446418,0.9961924953240953,0.9992703585282996,0.9525979285086226,0.9928283020734845,0.9834131631638912,0.9998025754865889,1.0,0.9966987615456676,0.9986051968364732,0.9981138738592797,0.9989911911896142,0.9973294062566616,0.9968544690241163,0.9982895661514873,0.8763343755273655,0.9982920636477094,0.9957246575589254,0.9786233665221151,0.9985712341833622,0.7510691166020355,0.9928711130434678,0.996569201257908,0.9861501683572474,0.9990173072023111,0.9988966263301304,0.9974249629865826,0.9986802186277263,0.9013844593499949,0.9993080395952765,0.7528859858435151,0.9981422907752981,0.999713526454657,0.5750088424906976,0.9919872881443157,0.9981150937059265,0.9991209923471733,0.9978078629480492,0.9972128709530704,0.9988722359850047,0.9899661230298976,0.9997429967630073,0.9996740599324276,0.730281603264984,0.9986338705153224,0.9988987316500051,0.9979888399180343,0.9817707706054842,0.999260237719868,0.9874210965676824,0.9989585594867267,0.9992069111015439,0.9976895500427067,0.9983458289683659,0.9959162584369055,0.9947250351429341,0.9996621566224826
FFIN,0.9988293558290489,0.998528536681376,0.7907306664664608,0.9968616725616661,0.7740081879376223,0.9472358186127701,0.9944713538715824,0.9993797773648482,0.9974758015129445,0.995513131847766,0.999524748578485,0.9880457362794254,0.9991205197668834,0.9983245657536802,0.9984515237290895,0.9976229503865058,0.9686045318501434,0.9984045945843472,0.9900689605662082,0.9974320737027652,0.9966987615456676,1.0000000000000002,0.9975125696148421,0.9992855121561912,0.9989131829182633,0.9994812888430956,0.998976786969403,0.9991486268891897,0.9030394153483567,0.9979221450974401,0.9997918903156897,0.987898192241847,0.9979744504825726,0.7863332007260965,0.9972490623571878,0.9991613196614682,0.9928741344508514,0.9989618275588386,0.9980391811110014,0.998731838179083,0.9960462660193116,0.9259060257848296,0.9986351356394526,0.7888826872373679,0.9979887695274398,0.9975962177759452,0.6155179960256205,0.9898028086765799,0.9981620127983706,0.9979753819600472,0.9993823029205875,0.9993674640651541,0.9980352642866218,0.9953088679168326,0.9978811464860381,0.9960976651452413,0.7737864844790906,0.9995162147125847,0.998652937535575,0.9987192727140094,0.9908912735548038,0.9974287884371661,0.9951396486347025,0.9949798081291297,0.9986539628385279,0.9982885659321412,0.9952498060323102,0.998310505314593,0.9993173237093533,0.9976955744776466
FHB,0.9992563391829272,0.9998495913293107,0.7575077630927574,0.998745944445539,0.742871019167031,0.929561719065747,0.9892459914288206,0.9980775889103876,0.9921528593371313,0.9979188772384261,0.9979401004890687,0.9795741514887856,0.9994420386918251,0.9993001194820722,0.9974743262688878,0.9973257382008744,0.9545627210134962,0.9933027823241816,0.979713968471205,0.9990637656694848,0.9986051968364732,0.9975125696148421,0.9999999999999999,0.9974411940063336,0.998542018703766,0.9987011903756653,0.9990566738489116,0.9994168276758914,0.8795590021349455,0.9993782883650117,0.997388355246889,0.9793683831975335,0.9994366513095577,0.7585987373282417,0.9914788474726508,0.9975994260169291,0.9867413016378705,0.9984338911266105,0.999281262009856,0.998582651366905,0.9996901531666137,0.9052237353925925,0.9982588289403631,0.7593016430946048,0.996861263014679,0.9984262881384536,0.5735300574273313,0.9945951433520209,0.999797041050248,0.9995682150383227,0.997130840539247,0.9989964155911951,0.9998109515549197,0.9915791153716134,0.9991791383485861,0.9990123195671144,0.7364923897547615,0.9987184493950941,0.998914850049241,0.997412388228463,0.9811030220497874,0.9993581984682175,0.9896428839414912,0.9990756866308342,0.9990125526134634,0.9957068713363934,0.9994506406400524,0.9954649694277713,0.9970429464180983,0.9995252902427653
FITB,0.998164130935985,0.9983660783836834,0.7829830171389627,0.9977527930739357,0.7617711861044715,0.9441598879028842,0.9947302052239718,0.9989331760902419,0.997601468131973,0.9974456978526953,0.9999134387285349,0.988341716612621,0.998844153313984,0.9991388440921815,0.9985294431638883,0.9989618536538742,0.9679981004982925,0.9978311620399267,0.9907053920055381,0.9984146816137506,0.9981138738592797,0.9992855121561912,0.9974411940063336,1.0000000000000002,0.9992250715121354,0.9991176490452734,0.998297456513823,0.9987817655021516,0.9019815474038168,0.9981479075014993,0.9986320859378414,0.9856318478915549,0.9985427796736482,0.7846339726944934,0.9973277088404273,0.9992515847728382,0.9934522727399949,0.9997786440340286,0.9979494973811069,0.9988494752795087,0.9963928003918449,0.9243038124980029,0.9994438461445018,0.7872434795545703,0.9986064754724532,0.9990757033494153,0.6070273874764333,0.9911246078123078,0.9980243244096781,0.9986750312573821,0.9998424047618125,0.9987820415484883,0.9980727230221255,0.9955844353670873,0.9985667044155437,0.997396795745837,0.7664283025735094,0.9995529291089348,0.9990415061421805,0.9997610993230355,0.9897016659160169,0.9985160410370242,0.994661229982415,0.9963498072023553,0.9993760323790167,0.9996618872035504,0.9955482381406577,0.999330250384269,0.998166556136788,0.9985529752177452
FMAO,0.9989038142529387,0.999064253612157,0.7635246167342356,0.9992980486612941,0.7449453107036742,0.9364799092062905,0.9903903719376681,0.998124240578216,0.9945074098513688,0.9984057839592082,0.9995707027331188,0.9820412242472389,0.9990043235539078,0.9994870572187035,0.9971227161058942,0.9995120854777234,0.9583909129092586,0.9963259683054312,0.9872504834937623,0.9993858329995252,0.9989911911896142,0.9989131829182633,0.998542018703766,0.9992250715121354,0.9999999999999998,0.9986866122678335,0.9981944356868998,0.9990174935973466,0.8858106368518402,0.9980532547215999,0.9985077627261076,0.9829083152999825,0.9987709200266593,0.7615717664773508,0.9965869865367065,0.9978977653897699,0.9884366912880732,0.9994065138463173,0.9989093451611181,0.9979529481358015,0.9975535435170008,0.9102350160337519,0.9998816029362952,0.7642635023874964,0.9995284032317371,0.99910709233927,0.5938049100331277,0.9920084903720069,0.9985409795303776,0.9988294252611394,0.9993280424894463,0.9987715138300867,0.9988376209526859,0.9917658788852163,0.9995976141076306,0.9981162458905517,0.7468424722770183,0.9997470886599281,0.9998508399460141,0.9985244003560465,0.9865193417954072,0.9986402835078502,0.990861995812279,0.9971966080695652,0.9991929142084803,0.9985738846162767,0.9969227541522105,0.9972486888778718,0.9976603676432975,0.9992364759238289
FMBH,0.9993976929227787,0.9993917457298279,0.787054186919389,0.9971583532563313,0.7708455786711711,0.9449766245752047,0.9948188201555455,0.9999166358921054,0.997064361085672,0.9962122574850727,0.9993258739874915,0.9878497948583987,0.9998376524451612,0.9989317015767514,0.999501103690959,0.9972564354494402,0.9678369242163963,0.9975616170849045,0.9870969784323252,0.9978822868362743,0.9973294062566616,0.9994812888430956,0.9987011903756653,0.9991176490452734,0.9986866122678335,1.0,0.9998013399978307,0.999718204061091,0.9011945609024932,0.9992936103256626,0.9993685772599857,0.9866222212236399,0.9992265980417997,0.7865049820654335,0.9950250874273464,0.9996430035737618,0.9930174533174733,0.9992536507361939,0.9987116425052024,0.9997291637319735,0.9976867336942847,0.9245126963577942,0.9985121865354966,0.787933118125213,0.9970824603911029,0.9982401146502821,0.6068283950837211,0.9925941979978193,0.999367944552991,0.9991345191628955,0.9988146204103913,0.9998437670892732,0.9991020517718876,0.9960955714150284,0.9983321425287599,0.9973477792462914,0.7685223906176513,0.9995002514164572,0.998809172841843,0.9991227478833073,0.9887818048116055,0.9986775372752374,0.9951337567275609,0.9968118552579621,0.9993184619827388,0.9977477453752371,0.9969989997709652,0.9984853244736681,0.9993105125678993,0.9986150284603845
FNB,0.9993000999994076,0.9995234757983672,0.7847349693833497,0.9968551377319612,0.7705995668880794,0.940777813578443,0.993906832414385,0.9996137807258944,0.9958443261827953,0.9957172150443893,0.998603036142938,0.9863834095941403,0.9998330334126302,0.9986653084332563,0.9991013544494685,0.9964281633505875,0.9654807176551067,0.9963862435562535,0.9839415518479472,0.9976339972018307,0.9968544690241163,0.998976786969403,0.9990566738489116,0.998297456513823,0.9981944356868998,0.9998013399978307,0.9999999999999998,0.9996178869623383,0.8977834905902101,0.9992651459588775,0.9991125347954247,0.9844131454330901,0.9992224644629958,0.7833590318549476,0.9936576279285366,0.9992807270687675,0.9917338685600238,0.9986006372630032,0.9984651272230207,0.9995183625414974,0.9980501222696799,0.9216307787644371,0.9978219513192621,0.7843211761649166,0.9964160925573159,0.9975850836681819,0.596792999096393,0.9938010012401027,0.9996398369582415,0.9990720375232762,0.9980082598595631,0.9999058999246219,0.9991335998053926,0.9954970412517674,0.9979776039125305,0.9971762846626961,0.7627952606951723,0.9990014743216826,0.998540542275842,0.9983271295968613,0.9862660131222708,0.9985978610222865,0.994557709233834,0.9970799268583579,0.9988718587949846,0.9964675662916342,0.9974807795324233,0.9974886059765491,0.9992343397826827,0.9984520306345233
GBCI,0.9997804559317857,0.999807913773033,0.774444830569432,0.9982529977442007,0.7586765368412383,0.940528064509656,0.9925681477610586,0.9994405589696486,0.9954055765065681,0.9972794865490247,0.9991573403515558,0.9844781149779289,0.9998858792116053,0.9993442681534378,0.9988803887180571,0.9977160879794309,0.9626222825430686,0.9961903206560533,0.985287365543637,0.9986972170729658,0.9982895661514873,0.9991486268891897,0.9994168276758914,0.9987817655021516,0.9990174935973466,0.999718204061091,0.9996178869623383,1.0000000000000002,0.8922290914631058,0.9996154789945081,0.9988686049341646,0.9851135451319143,0.9993126021362474,0.7742873341426475,0.993995638954732,0.998972087089688,0.9906352047307553,0.9992938625230636,0.9995321287563681,0.9995029712112644,0.9987882150630535,0.9165909054714149,0.9988214815033254,0.7755675124183713,0.9973552700183782,0.9986833046853121,0.5977266888791373,0.992219698772019,0.9996311254686832,0.9994856722817157,0.9985161785166102,0.999641078481775,0.9997162376712059,0.9942405315335745,0.9991016288887031,0.998419692244127,0.7572811388830474,0.9996117854553217,0.9990313575823051,0.9987109913032174,0.9867828319585538,0.9990668578701731,0.992779204611649,0.9978231310378066,0.9995625968728565,0.9973821473084985,0.9983191583989631,0.9974204612627611,0.9984626407917923,0.9992375447432356
GS,0.8880524050913581,0.8860583156814102,0.9644339157828015,0.8714663331265078,0.9351711540788953,0.9517921520854336,0.9391669742074494,0.905706806773531,0.9291987283233432,0.8725085826037513,0.8985084863083138,0.95657856260519,0.8935924060332582,0.8865705222812214,0.9091944627942429,0.8833375669828177,0.9807585165063105,0.9171644166220623,0.9281434620784875,0.8778989480361268,0.8763343755273655,0.9030394153483567,0.8795590021349455,0.9019815474038168,0.8858106368518402,0.9011945609024932,0.8977834905902101,0.8922290914631058,0.9999999999999999,0.891777032797541,0.9025522748105811,0.9255575204795852,0.8892462010136949,0.9719689884647369,0.9063137769038321,0.9096252964862503,0.9437822572055228,0.895770937396996,0.8817279171396231,0.9027336443765138,0.8744779394582832,0.9980650108032549,0.8873403972195996,0.9749439658064218,0.8834285358503112,0.8870198785009957,0.7514691688091394,0.8743675561596107,0.8877265089506355,0.8882024188553855,0.9004472552024918,0.8973995416224526,0.8835819270131987,0.9329102375146172,0.8790886736437001,0.876411386602235,0.9477802334011343,0.8932265699675604,0.8852506125103663,0.904727095800927,0.9320116260619691,0.8866167419223514,0.9374129394775618,0.8736963695455275,0.8927847645777881,0.902672362682991,0.8707951195836124,0.9152276799221445,0.9068052178527655,0.881785070877291
HBAN,0.9992604515442567,0.9995510245513308,0.7713145896133525,0.9977795616196338,0.7545179817318828,0.9388720082183585,0.9925801738545913,0.9990692695933214,0.9947477222301087,0.9974189723578714,0.9983861942096374,0.9843252557281467,0.9995468024630798,0.9991736486310197,0.9990812056069683,0.9969291959296974,0.9623356177617206,0.9948111695308075,0.9831767423024484,0.9984021435885425,0.9982920636477094,0.9979221450974401,0.9993782883650117,0.9981479075014993,0.9980532547215999,0.9992936103256626,0.9992651459588775,0.9996154789945081,0.891777032797541,1.0000000000000004,0.9974969005908854,0.9836324034760797,0.9994851018722887,0.7760542312188775,0.9915826834410504,0.9987165569916197,0.9907342844292046,0.9990145176884371,0.999275543669084,0.9996459797413185,0.999256822177443,0.9160959264406406,0.9981136733574137,0.7764993009402538,0.9958859526989186,0.9987760761341882,0.5916311456350509,0.9930726382081222,0.9996031870338898,0.9997117282141085,0.99749866754332,0.9990338610843127,0.9997079214250645,0.9945279487967019,0.9987499107311072,0.9989073141965356,0.7541733040368869,0.9988531969979109,0.9982873078133845,0.998637123296825,0.984867502385134,0.9994332626706015,0.9921950581590611,0.9986286851847734,0.999536991090764,0.99670159483955,0.9988666701954678,0.9972077842282747,0.9973503825571544,0.9992755514597621
