Ticker,ABCB,ABTX,AJX,ARI,AXP,BAC,BBT,BK,BOKF,C,CFG,CFR,CIT,CMA,CNND,COF,DFS,EWBC,FCNCA,FFIN,FHB,FITB,FMAO,FMBH,FNB,GBCI,GS,HBAN,HBHC,HOMB,HTH,IBKR,IBOC,ISBC,JPM,KEY,LARK,MBWM,MCBC,MS,MTB,NAVI,NKSH,NTRS,OPY,PACW,PBCT,PGC,PNC,PNFP,RF,SCHW,SFBC,SIVB,SLFC,SRCE,STBA,STT,SYF,TFSL,TSC,UMBF,USB,WAL,WFC,WSBC,ZION
ABCB,1.0000000000000002,0.9997232346160527,0.8849000503925586,0.8148275765831449,0.9219784944492024,0.986527156715635,0.9963040289827795,0.987046857980796,0.9854521544553353,0.9792938545504638,0.9988223618019577,0.9944079127309248,0.9979776069985505,0.9979868699175428,0.9770857693317995,0.9909071791501657,0.992833077391189,0.9990389809728605,0.9947040899706625,0.9869069217297257,0.9951455259650024,0.9904137958133037,0.998734395451023,0.9982418083470966,0.9985956740721759,0.994553002266741,0.9166727823417377,0.9972239232752664,0.9975274758542791,0.9989884164963023,0.9931009026302313,0.8843400888852649,0.9933040164778449,0.9981020474718402,0.983235686259437,0.9919000865134094,0.9959441275141558,0.9991304411364511,0.9990820130696614,0.9002693335911827,0.9989176286173095,0.8906025644325656,0.9890234794845707,0.9907972409808601,0.8040737189018292,0.9956279720113153,0.9994062046109069,0.999208813925604,0.9974796682551562,0.9993796002397765,0.9988336843788926,0.9456742620528847,0.9988530404266952,0.9855915536807061,0.8894267998426846,0.9991875698443896,0.9994343923516401,0.9889405738016314,0.9934022772939989,0.9937818322827084,0.998334619990176,0.9930562814348993,0.9952733122562231,0.9987334886483399,0.9906104046806934,0.9983844692645426,0.9981052489108704
ABTX,0.9997232346160527,1.0000000000000002,0.8870059021331728,0.8214409125501027,0.9245311876346153,0.9888132349815799,0.9973727145834221,0.9891309892507975,0.9878584081328792,0.981954478021698,0.9995302223719513,0.9960019892669779,0.9985502498069592,0.9986719408634345,0.9778303170576942,0.9923297871421695,0.9921665602923215,0.9994401144605247,0.9960661433919502,0.9889708162397546,0.9966190149104318,0.9924219280035013,0.9991992182178508,0.9990241549176638,0.9993555086954931,0.9959687061086567,0.9211440052550676,0.9982979425757198,0.998640763219749,0.9992485501368943,0.9919874776928149,0.8880953361730454,0.9944677279263167,0.9988644659783072,0.9857448614467914,0.9937418303620456,0.996909885806654,0.9992732454045608,0.9994215650338791,0.9051735111282616,0.9984805560026219,0.8916420970774013,0.9910064155719319,0.9927439722212303,0.7988750462489205,0.9972956443679094,0.9999073235328371,0.9996058023631808,0.9983365858872222,0.9998225370576318,0.9994627280834523,0.9507353851815881,0.9982874957025365,0.9880255414309742,0.8883320959434572,0.9995468980789823,0.9994562552284589,0.9911007735424119,0.9922093475632929,0.9939260081493833,0.998575478801605,0.9947604761290496,0.9964475688395107,0.9992366692245247,0.9925761481977692,0.998946119564916,0.9989577163070525
AJX,0.8849000503925586,0.8870059021331728,0.9999999999999999,0.9502614220363951,0.9227838043590701,0.9244979838906947,0.9059408799974431,0.9171943894007561,0.8988008288996058,0.934930801190754,0.8927792710571605,0.8890949289191881,0.9015950158799881,0.8855413631243867,0.9523475323302578,0.9113064394212549,0.9074025170719611,0.8785927322428702,0.878877158477054,0.89704394889158,0.8856696609319786,0.8988275863022851,0.8863530559414672,0.8982137518507124,0.8985812116310592,0.8961599094890798,0.9651394118751353,0.8921575763770616,0.8886804051741297,0.8993621708935995,0.917138846093694,0.9803054225798274,0.9024928135269055,0.9023595661252033,0.9232953627876871,0.8952625639501692,0.8836331292475353,0.8957201334191187,0.8757009970333844,0.9576404489703617,0.8781156740590556,0.9672141956712054,0.8848133547927032,0.8830672518713967,0.8991438691729524,0.8806910447694366,0.8868404409170066,0.8857309019266494,0.8971645264047756,0.8945361051748171,0.8870605806231425,0.901152614139844,0.8713854932855359,0.8747067563385147,0.981490221365052,0.8905904558977988,0.8843688534140797,0.9005363025266796,0.9152774647332935,0.9193447244482368,0.8732109980743371,0.8907429191960046,0.897327827904827,0.8757476139296767,0.9091250246869935,0.9036938055441183,0.8812249683989097
ARI,0.8148275765831449,0.8214409125501027,0.9502614220363951,1.0000000000000002,0.940960988144802,0.8875381707393811,0.857060399712963,0.8838937177216384,0.8759269190435722,0.9019908989281941,0.8348152817999179,0.847955833082349,0.8358375781681595,0.8233086801387455,0.8816694357600773,0.8735884358673397,0.8269653164505637,0.8135524544931305,0.8353283658515225,0.8732272476737415,0.8452278804980831,0.8652532247295939,0.8262266869111037,0.8424836264313104,0.8409629679608699,0.856234740185973,0.9587689912119909,0.8416084846013032,0.8370147639672687,0.8355329058912069,0.8491234566833624,0.9445272115174813,0.8532339171908897,0.840500969846246,0.8915653627230774,0.8594188701550005,0.8397604509252442,0.8244686694392419,0.8117399501584842,0.9816957091255084,0.798384687967018,0.8699310598182504,0.8542632134499961,0.849456920343785,0.8436457342465575,0.8248210763914744,0.8245790966959552,0.8177390287967613,0.8398824430033927,0.8307579057206486,0.8307737883869573,0.923542733970214,0.7906160653225923,0.8535234602631105,0.9011391562394034,0.8288686686834759,0.8119379857242048,0.8688853911475565,0.8350580307443944,0.8359317148770233,0.7997454522568643,0.8531562885282468,0.8458928716840572,0.8161964918408697,0.8699603361066611,0.8428187577944969,0.8259359982766831
AXP,0.9219784944492024,0.9245311876346153,0.9227838043590701,0.940960988144802,0.9999999999999999,0.9643664185909515,0.9486284586296462,0.9667080011075874,0.9647031166956741,0.9705992153394208,0.93457248467834,0.9471862595109372,0.9330570624259759,0.9303671596368962,0.9484881346052191,0.9620040665789583,0.9325030342128454,0.9228879269925752,0.9424224970466074,0.9615023711785987,0.9432738773446177,0.9576840844821315,0.9312238934287832,0.9396532291607474,0.93576166515181,0.9506524706592502,0.9784433635783438,0.9409401234376265,0.9379479151258426,0.9318548953211405,0.9485464287367749,0.9385479262942973,0.9469846426141956,0.9362689271622389,0.9686725119990943,0.9548643814177546,0.9445358545419853,0.9256134668399968,0.9209673925765738,0.9795089432450037,0.9112966440374597,0.8820840492249261,0.9516150198707246,0.9516486359297602,0.8977489061143753,0.9202931283407702,0.9268703038926344,0.9231400074744222,0.9391375290647211,0.928874509109999,0.9336769999601577,0.9817356041265408,0.9065857998660085,0.9544325848627822,0.9185064769613355,0.9325451202465488,0.9182202765124522,0.9606939428054114,0.9355224212721841,0.9213275111142663,0.911119530138936,0.9515633918537278,0.9462039903324531,0.9244520297694377,0.9588981915508596,0.9347842831754399,0.9326002754212017
BAC,0.986527156715635,0.9888132349815799,0.9244979838906947,0.8875381707393811,0.9643664185909515,0.9999999999999999,0.996399000509443,0.9993984836104928,0.996515441926073,0.9990721671530208,0.9926109250144892,0.9952786039762693,0.9926128507571711,0.9911695470387916,0.9890201339232536,0.9974322511989981,0.9871101508303961,0.9882482857122862,0.9930728161374599,0.9946883699353374,0.993452036164424,0.9972348186724682,0.9903949609370228,0.9942141217572731,0.993107314949655,0.9957913829883327,0.9674386894680832,0.9943931562015094,0.9935111118103249,0.990792453626201,0.9890667412923059,0.9362194673351899,0.9940102842013498,0.9941757097676733,0.9997128900851245,0.9968081969114375,0.993043922066419,0.9898644711810773,0.9871996625966728,0.9518738302546748,0.9829011137001187,0.9187271909520951,0.99285477775818,0.9949223543259538,0.8330817128905336,0.9879454041558337,0.9898650757375119,0.9891604532188255,0.9940999354915835,0.9907105343059279,0.9915313044039012,0.9816884227357309,0.9806855681187262,0.9924250237258219,0.9190521222963427,0.9912219850461306,0.9862522067945805,0.9979989951115119,0.9863425075213359,0.9876639860581251,0.9844463682073809,0.996022221685256,0.9958311891482756,0.9881978408410125,0.9989929313263388,0.9921341778059516,0.991453903332566
BBT,0.9963040289827795,0.9973727145834221,0.9059408799974431,0.857060399712963,0.9486284586296462,0.996399000509443,1.0,0.9968987321052732,0.9955901486033878,0.992044639385985,0.9990079900051212,0.99872917382259,0.9977148051001106,0.9973978211980266,0.983596665899527,0.9983013029925812,0.9914585270989705,0.9966054322201673,0.9976766178236768,0.9959170195873648,0.9985643140534677,0.9979186955353215,0.9979864010489856,0.9995487183387662,0.9991992413719682,0.9993293899440858,0.9441745153307569,0.9992427815827521,0.9989624583689393,0.9982268900827105,0.9938732374725023,0.9095949041865331,0.9974409948367859,0.9988287229910259,0.9946742550082149,0.9983630653561598,0.9985706149981823,0.9968429352600976,0.9961523407074759,0.9320521171381831,0.9932461625781415,0.9007088679160482,0.9957060182689622,0.9968450228998806,0.8205857289714495,0.995145513677681,0.997827377710089,0.996738414708473,0.9989223868359381,0.9982136041220856,0.9986882177119276,0.9694071584062195,0.992093904804249,0.993713129331548,0.9030209819129964,0.9984376057493067,0.9956283531272188,0.9973328272527948,0.9917949809273757,0.991931405300571,0.9936269506227626,0.9984790599000765,0.9986740223280258,0.9967342205712902,0.9981964032671142,0.9986831435848663,0.9981180155705272
BK,0.987046857980796,0.9891309892507975,0.9171943894007561,0.8838937177216384,0.9667080011075874,0.9993984836104928,0.9968987321052732,1.0,0.9984999280657123,0.9979419829075036,0.9929999803521176,0.9966428888398979,0.9916716489511676,0.9919539377514134,0.9852002724907092,0.9988758646640232,0.9869706856020354,0.9890839636970131,0.99483226900022,0.9972367096184613,0.9948628074049125,0.9987449414736664,0.9916853245071423,0.9946291851528072,0.9932429989691753,0.997089490195784,0.9638404366452105,0.9948032787339538,0.9941188820450716,0.9913578712497338,0.9894503042333596,0.9274747756629297,0.9958136108007484,0.9938365973052006,0.9993634810946476,0.9982398553946397,0.9947985055125622,0.9892210792335175,0.9875573069863277,0.9516323925236242,0.9833055939624029,0.9072443366638664,0.995735888420725,0.9966636014034004,0.8339988206719419,0.9876311362444634,0.9901408664324483,0.9889626406248132,0.9948538104026362,0.9909208216019841,0.9922734599310019,0.9834387855882814,0.9810348344815515,0.9948454935520109,0.9119035691616791,0.9920720901148262,0.9866645240079749,0.9991312172775346,0.986011467599383,0.985104452697146,0.9840498642128568,0.9973939875256482,0.9967608177470099,0.9888060572794571,0.9994158093193085,0.9923918705109194,0.9923973945479617
BOKF,0.9854521544553353,0.9878584081328792,0.8988008288996058,0.8759269190435722,0.9647031166956741,0.996515441926073,0.9955901486033878,0.9984999280657123,0.9999999999999999,0.9938435652610237,0.9919289192192482,0.9974612720243368,0.9883787516131903,0.9909404015699467,0.9744968432672003,0.998218692417514,0.9812812883375602,0.9884977802622427,0.9961728064146829,0.9993783899775144,0.9962670302876432,0.9993611967481746,0.9912956187482695,0.9933012178572248,0.9917916774237824,0.997567726061285,0.9543477203255238,0.9942150132193163,0.9939142974758289,0.9895556736437724,0.9843631366497854,0.9093935252182094,0.995283986138299,0.9912200557508983,0.9967861275175464,0.9989052005685664,0.9958767119222073,0.9860377304441559,0.9870020290663201,0.9475437177177777,0.9810867523564273,0.8833046653977238,0.9984253746961171,0.9982966563966007,0.815880217576094,0.9877586777716696,0.9891393324283768,0.9870723733721939,0.9935381813762815,0.9892953379566916,0.9918920465770391,0.9862636944050596,0.9791263385726137,0.998272329780362,0.8899200800672166,0.990961401858968,0.9849884067959656,0.9993375120215916,0.9798016357447241,0.9780275758241883,0.9823333320694468,0.9982195680987362,0.9956721574912449,0.9887742493909397,0.9981367229843454,0.9904976374601472,0.9924692521904653
C,0.9792938545504638,0.981954478021698,0.934930801190754,0.9019908989281941,0.9705992153394208,0.9990721671530208,0.992044639385985,0.9979419829075036,0.9938435652610237,1.0000000000000002,0.9867262573033754,0.9904247142655088,0.9875742709425527,0.9853229325492054,0.9904223019873606,0.9946172118041078,0.9835174193903189,0.9812878941234053,0.9875286760628181,0.9911323946164915,0.9877317411663392,0.9938732624079658,0.9840422181235967,0.9889326591015839,0.9874709676391608,0.9911049458887814,0.9772711298503892,0.9890132459427453,0.9878308491360869,0.9848825093673104,0.9854739732624053,0.9487206802723522,0.9899798330519224,0.989295977026229,0.9994005385869196,0.9929528942532244,0.9872842913084656,0.9839410369997561,0.9797582744753331,0.9605137664823316,0.9754262720990386,0.9279370129036177,0.9883357809485865,0.9905300564978751,0.8439417012309495,0.9811192167925572,0.9831621325058832,0.9826333192429785,0.9891231202869835,0.9844851218350389,0.9851779417970947,0.983996388251258,0.9725433637560709,0.9880051191891173,0.9290388697986824,0.9851213095752305,0.979191813445579,0.9951881691260576,0.9825773778659808,0.9837283738652529,0.9769023470755612,0.9916193334791485,0.991691709781575,0.9808847550099872,0.996526809450198,0.9866240365424013,0.9851235420730504
CFG,0.9988223618019577,0.9995302223719513,0.8927792710571605,0.8348152817999179,0.93457248467834,0.9926109250144892,0.9990079900051212,0.9929999803521176,0.9919289192192482,0.9867262573033754,1.0,0.9980675536483513,0.9988733064761087,0.998992902956033,0.9802014065843955,0.9952958961634816,0.992223996232179,0.9990881217947931,0.9978006590220442,0.9925066203662638,0.9982858751984838,0.9955590912403204,0.9993430783392502,0.9998549809397773,0.9998453630236481,0.9980752878157441,0.9307315362225405,0.9995289428150007,0.9996483216037354,0.9991733070772887,0.9926824588906944,0.8965301156639603,0.996177231355613,0.9994726908008839,0.9901856127281604,0.9965632929046639,0.9984377445473842,0.9988547470144141,0.9989364109697718,0.9155227350668795,0.9969462019013424,0.8946002552541433,0.9938241975659241,0.9955925659000259,0.8048915118444668,0.9973973831790839,0.9997404375853106,0.9992110120895003,0.9992376165616105,0.9996846041162983,0.9998772057797634,0.9595446165011042,0.9964172172419864,0.9916615967882697,0.8925757856687901,0.9996989986092092,0.9984702427697749,0.9946187760640339,0.9920568484848667,0.9933171670614782,0.9974977351344653,0.9972572209700025,0.9981872857197267,0.9990881684643068,0.9957261562032648,0.9991940132639046,0.9995311616946598
CFR,0.9944079127309248,0.9960019892669779,0.8890949289191881,0.847955833082349,0.9471862595109372,0.9952786039762693,0.99872917382259,0.9966428888398979,0.9974612720243368,0.9904247142655088,0.9980675536483513,0.9999999999999999,0.9954548686828675,0.9975419333960324,0.9766330397849483,0.997730542948563,0.9881239716555571,0.9965795843643419,0.999674253845188,0.9973304945113071,0.999515915027896,0.9991811476548191,0.9976432176962605,0.9984373525283111,0.9976337261684443,0.9995985234900697,0.9394258031306789,0.999011148341335,0.9990902773061859,0.9960406647036534,0.9889138625198188,0.8982426223727837,0.9972698005947989,0.9971834795680743,0.9941905023410645,0.9996428407729075,0.9994543141190086,0.9945100370303369,0.9958068144384347,0.9270555579137204,0.9917332179840324,0.8850901802046979,0.9982540836200741,0.9994019266125624,0.8025700345688573,0.9952507620104504,0.9967795035241338,0.9956799898290707,0.9983872906226708,0.9964845207688395,0.9981621141108767,0.9730961012493237,0.9907323587822986,0.9975313375176523,0.8853659700932177,0.9974904036813762,0.9941708810023058,0.9986645546782674,0.9866314606786248,0.9867430480408489,0.993020434602238,0.9998628276482178,0.9989532236233625,0.9967360482640589,0.9983603978569453,0.9963437461409715,0.998651466720866
CIT,0.9979776069985505,0.9985502498069592,0.9015950158799881,0.8358375781681595,0.9330570624259759,0.9926128507571711,0.9977148051001106,0.9916716489511676,0.9883787516131903,0.9875742709425527,0.9988733064761087,0.9954548686828675,0.9999999999999999,0.9978865404031304,0.9860270889394249,0.9932090064715842,0.9943257792686447,0.9976119584782024,0.9949202290487962,0.987980795737161,0.9951786134803867,0.9928326646500968,0.9973701036871208,0.9987382963831163,0.9988418973511871,0.995390286641078,0.9349720602806262,0.9982161832026593,0.9981788394080697,0.9979770413696045,0.9938299076038741,0.9076414445702071,0.9936311603811379,0.9994517400559421,0.9899450318429099,0.9939489484267786,0.9955196692611391,0.9994547443900668,0.9977517474755745,0.9137437064491001,0.9967020468634049,0.9108992227050219,0.9891522963474192,0.9925679275893173,0.8137209056820196,0.9964255800341483,0.9986850956189968,0.9990787763223719,0.997956234900837,0.9987465128788026,0.9982682022851864,0.9549198255300962,0.9961381346500231,0.987206948474104,0.9053289866662463,0.9983555641290183,0.9978081548431719,0.9924206287956063,0.9943211793807974,0.9966154804557378,0.9975272302759769,0.9946750885661956,0.9968977595829612,0.997412173375871,0.9947099242929598,0.9982376066276004,0.9977276225668169
CMA,0.9979868699175428,0.9986719408634345,0.8855413631243867,0.8233086801387455,0.9303671596368962,0.9911695470387916,0.9973978211980266,0.9919539377514134,0.9909404015699467,0.9853229325492054,0.998992902956033,0.9975419333960324,0.9978865404031304,1.0,0.9791329954977305,0.9942524725149872,0.994294249121303,0.9995438289623128,0.9979362721762363,0.9909622064346776,0.9967195119264833,0.9950338647509746,0.9994851114695738,0.9987882130430537,0.9983270030669964,0.9965011504407372,0.9277821373639225,0.9981784108402497,0.9988403819276991,0.9982664945449549,0.9911585686749924,0.8917437600440103,0.9969336110240201,0.9988588124614136,0.9889888055994224,0.9959467911202888,0.9973839605166714,0.9981574416581177,0.998123789059249,0.9089130871620565,0.997932910729894,0.89247519109035,0.9939930545729964,0.9954137341680824,0.8011516883272084,0.9963225463932642,0.9986863782991211,0.9989410364273091,0.9994744595299618,0.9986805436977866,0.9987433671793979,0.9563625924863267,0.9971069151905428,0.990845287137888,0.8884637101085453,0.9994279431207399,0.9987226850876567,0.993944467145585,0.9921098913789312,0.9928137428311347,0.9975944192538675,0.9965172208054371,0.9988204120451176,0.9980665902687723,0.995203051874914,0.9978536132391694,0.9993173747009494
CNND,0.9770857693317995,0.9778303170576942,0.9523475323302578,0.8816694357600773,0.9484881346052191,0.9890201339232536,0.983596665899527,0.9852002724907092,0.9744968432672003,0.9904223019873606,0.9802014065843955,0.9766330397849483,0.9860270889394249,0.9791329954977305,1.0,0.9824039282079567,0.9886399614026201,0.9755675446708142,0.9735458748156267,0.9715800021607794,0.9734538270874792,0.9782683609146544,0.9769779579931193,0.9822063771547704,0.9815414776929527,0.9779524546837395,0.968785517762553,0.9798981898633289,0.9783905310517588,0.9810660962680157,0.9883932243003372,0.9600478885070907,0.9798481058617527,0.9855737913301866,0.9874836224100966,0.9779529079610001,0.9744381540783521,0.9837103192007349,0.9742090722227781,0.9390481249444137,0.9758379282826377,0.963166210623238,0.969138484677199,0.9735441505651342,0.869422732364572,0.9721152333849102,0.9777748964933973,0.979612780298998,0.9822525806920811,0.9802839674734463,0.9774498018639077,0.9514834497097655,0.9730352430713236,0.9655933562821934,0.9601201712857691,0.9795680664632788,0.9771117699513406,0.9796513847076108,0.9894542627750722,0.9915675689120078,0.9748787349508504,0.9769892142161918,0.9827406400015594,0.9735311146156085,0.9847871623108271,0.9821641488666923,0.9760943959579191
COF,0.9909071791501657,0.9923297871421695,0.9113064394212549,0.8735884358673397,0.9620040665789583,0.9974322511989981,0.9983013029925812,0.9988758646640232,0.998218692417514,0.9946172118041078,0.9952958961634816,0.997730542948563,0.9932090064715842,0.9942524725149872,0.9824039282079567,1.0,0.9894477527232429,0.9920908412818522,0.9962308705736569,0.9982366254369983,0.9966120973255914,0.9989981436701826,0.9949369564118751,0.9965633721566731,0.9954817702986135,0.9983648348967672,0.9540470874819069,0.9961255948744474,0.9959893258963965,0.9947177302721375,0.9921768449403953,0.9149403359780593,0.998121300403006,0.995237158548805,0.996749264167752,0.9986754946284374,0.9967685987905828,0.9914048595559274,0.990289747207726,0.9459372782655102,0.9873556199188156,0.8979370384960138,0.9973987435132741,0.996856772757065,0.8352878580642792,0.990117031813248,0.9929411785286831,0.9913292755782147,0.9968285132244997,0.9938354989842847,0.9948593402614856,0.9780425913859782,0.9852553466203143,0.9946851806993419,0.9068621886159774,0.9949956301229327,0.9905649974269796,0.9984753748840944,0.9892555945954239,0.9863113071957094,0.9865677812770076,0.9979894202609806,0.9977853049360208,0.9913977061764757,0.9988200320968074,0.995402092670178,0.9945953693774764
DFS,0.992833077391189,0.9921665602923215,0.9074025170719611,0.8269653164505637,0.9325030342128454,0.9871101508303961,0.9914585270989705,0.9869706856020354,0.9812812883375602,0.9835174193903189,0.992223996232179,0.9881239716555571,0.9943257792686447,0.994294249121303,0.9886399614026201,0.9894477527232429,0.9999999999999999,0.9925204665362081,0.9880159227279831,0.9806083856807224,0.9855976893966721,0.9866178946987856,0.9930554437350322,0.9926793035496687,0.9918215824883134,0.9875608804908419,0.9353138061235678,0.9901443530790618,0.9906053781253452,0.9937648501834817,0.9953451069950682,0.9100089994001016,0.9923023805937092,0.9944658193917104,0.9847942840992814,0.9871818562218053,0.9879650716870226,0.9945089129105021,0.9896472998979728,0.9094558013175355,0.9944025455767794,0.9203694053070197,0.9832000207654641,0.9847574737619331,0.8454487318470513,0.9852294721072059,0.991337525737204,0.993029888771918,0.9943575959884621,0.992838934628772,0.9909278602785146,0.9428023242248617,0.9924918579775042,0.9768934386361537,0.9221926533769198,0.9938563875903965,0.9939206506391501,0.9857094742077391,0.998656511365289,0.9951683217298526,0.9906229017236866,0.9870903743513425,0.9936922624084845,0.9887527218852372,0.9894517188375256,0.9930070768886186,0.9908434904404755
EWBC,0.9990389809728605,0.9994401144605247,0.8785927322428702,0.8135524544931305,0.9228879269925752,0.9882482857122862,0.9966054322201673,0.9890839636970131,0.9884977802622427,0.9812878941234053,0.9990881217947931,0.9965795843643419,0.9976119584782024,0.9995438289623128,0.9755675446708142,0.9920908412818522,0.9925204665362081,0.9999999999999998,0.9972258951465374,0.9892024591117411,0.9965695500056176,0.9930435717646268,0.9995021091729724,0.9985294783633464,0.9984428665258693,0.9957540112253354,0.9189362181406306,0.997979442705316,0.9986003634764025,0.9984450422769564,0.9901713198631786,0.8829181402151624,0.9951770398133568,0.9984098491448318,0.9855675100720481,0.994320325448732,0.9971569025018304,0.9985276335492277,0.999269916698402,0.9009830444579263,0.9987688394751749,0.886026221144181,0.9923532584348465,0.9939606892467086,0.792065795000736,0.9967864127441011,0.9993657538182068,0.9994285714308084,0.9986556977481889,0.999098510759311,0.9991050787488633,0.9510754910383252,0.9984631062159122,0.9894035906726053,0.8814366110399873,0.9994768191413573,0.999345034367218,0.9916924446232823,0.9910125900808328,0.9922886344208537,0.9987317640641606,0.9953030163975615,0.9972850113055091,0.9991288578821608,0.9928178607788165,0.9978177809791583,0.9993915255345472
FCNCA,0.9947040899706625,0.9960661433919502,0.878877158477054,0.8353283658515225,0.9424224970466074,0.9930728161374599,0.9976766178236768,0.99483226900022,0.9961728064146829,0.9875286760628181,0.9978006590220442,0.999674253845188,0.9949202290487962,0.9979362721762363,0.9735458748156267,0.9962308705736569,0.9880159227279831,0.9972258951465374,1.0000000000000004,0.9960071104529584,0.9991217198074693,0.9982384971502183,0.9978143482770193,0.9979189071110552,0.9969755374352585,0.9988113177000227,0.9326577686391446,0.9986755932257197,0.998895422848315,0.995488865452472,0.9879162707093682,0.8898269141588145,0.9964850246606958,0.9966321252334727,0.9919800057005561,0.9989412042914505,0.9994642494990729,0.9943979255275147,0.9964265163932092,0.9184742290034432,0.9926482569649201,0.8784030840959617,0.997797288127389,0.9992916473117736,0.7962951106668813,0.9949249005667979,0.9967866412261374,0.995969610334206,0.9980795311149155,0.9961484057813076,0.9981247002396263,0.9694936418820557,0.9919137101257763,0.9973533604886852,0.8778972154182803,0.9975111779338256,0.994518105737715,0.9976428367357905,0.9859086580248031,0.9854896346203222,0.9939507102315274,0.9994130483352995,0.9986761884647044,0.9972648067093617,0.9971027513429919,0.9954250806807129,0.9989894868860949
FFIN,0.9869069217297257,0.9889708162397546,0.89704394889158,0.8732272476737415,0.9615023711785987,0.9946883699353374,0.9959170195873648,0.9972367096184613,0.9993783899775144,0.9911323946164915,0.9925066203662638,0.9973304945113071,0.987980795737161,0.9909622064346776,0.9715800021607794,0.9982366254369983,0.9806083856807224,0.9892024591117411,0.9960071104529584,0.9999999999999996,0.9969122551654722,0.998820485094423,0.9923523760167966,0.9937636324875444,0.9925824632095821,0.9979775976507997,0.9482408851674818,0.994220359723411,0.9940237683067834,0.9910422968023398,0.9850029115670971,0.9016477003480264,0.995947171660661,0.9911551978000274,0.9945026306048114,0.9984148288996569,0.9964186329049184,0.9863104994097558,0.9877286742621512,0.9462200582893706,0.982116044582563,0.8761218755471136,0.9989164385968979,0.9974586080847885,0.8148078184639611,0.9881134598735497,0.9900240704416371,0.9872998839491844,0.9937615544604574,0.9903898311075555,0.9926737093918151,0.9834059232355123,0.9802721287192625,0.9975667969397906,0.8860613302745007,0.9918190121310038,0.9861457248196439,0.9981535308360723,0.9800879263035173,0.9776712399399698,0.982492202601016,0.9978036891276297,0.9950880146614417,0.9895526025958339,0.9968016546169796,0.9917803415396297,0.99276206614803
FHB,0.9951455259650024,0.9966190149104318,0.8856696609319786,0.8452278804980831,0.9432738773446177,0.993452036164424,0.9985643140534677,0.9948628074049125,0.9962670302876432,0.9877317411663392,0.9982858751984838,0.999515915027896,0.9951786134803867,0.9967195119264833,0.9734538270874792,0.9966120973255914,0.9855976893966721,0.9965695500056176,0.9991217198074693,0.9969122551654722,0.9999999999999998,0.9980373346933773,0.9975526513423879,0.9984250201417595,0.9980480125524354,0.9995990733868395,0.933584027774234,0.9991135055830948,0.9990952076845289,0.996331571599507,0.9881306708974491,0.8920460686894528,0.9959221587736284,0.9967463681337382,0.9919355358537135,0.9987353342275872,0.9996055340015234,0.994543837078659,0.9965957730758109,0.9241467833623143,0.9916566244636136,0.8790332260983105,0.9974107828476738,0.9984742985811984,0.7960556773341028,0.9960392604891558,0.9974103564880761,0.9957752733816586,0.9975971363837303,0.9969215755061741,0.9986412754478217,0.9708477491508852,0.9910881493427501,0.99697319289555,0.8799132133896542,0.9974464127408948,0.9943372616749077,0.9972890479919949,0.9851985087635425,0.9858591690649384,0.9933576520637833,0.9992507681451837,0.997514084561372,0.9975871844089961,0.9967379562967124,0.996664756917636,0.99864407317398
FITB,0.9904137958133037,0.9924219280035013,0.8988275863022851,0.8652532247295939,0.9576840844821315,0.9972348186724682,0.9979186955353215,0.9987449414736664,0.9993611967481746,0.9938732624079658,0.9955590912403204,0.9991811476548191,0.9928326646500968,0.9950338647509746,0.9782683609146544,0.9989981436701826,0.9866178946987856,0.9930435717646268,0.9982384971502183,0.998820485094423,0.9980373346933773,0.9999999999999996,0.9950985348754781,0.9965339672860398,0.9953247043789047,0.999004689093908,0.9502753717077568,0.997036749903063,0.996952842880276,0.9936168667713493,0.9879896498484442,0.9083547410281664,0.9974664186043044,0.9951169646474776,0.9968463674843848,0.9998777459766478,0.9978586996750691,0.991076413591461,0.9915715585385231,0.9399995078082775,0.9871893325945009,0.8893465610909961,0.9988357151352927,0.9991862413763012,0.8141634376430774,0.9918557267014555,0.9933829900725722,0.9919648228745276,0.9968766353190962,0.9935487416887302,0.9953945298559638,0.9803777700415114,0.9854731503478982,0.9978793135936622,0.8927382499291362,0.9948949220281046,0.9903127275856729,0.9997324054308809,0.9849658109626243,0.9841101633352741,0.9880805819710671,0.9994775351008697,0.9982936430748277,0.9928401133023326,0.9993043841161531,0.9942818644668122,0.9959333597145487
FMAO,0.998734395451023,0.9991992182178508,0.8863530559414672,0.8262266869111037,0.9312238934287832,0.9903949609370228,0.9979864010489856,0.9916853245071423,0.9912956187482695,0.9840422181235967,0.9993430783392502,0.9976432176962605,0.9973701036871208,0.9994851114695738,0.9769779579931193,0.9949369564118751,0.9930554437350322,0.9995021091729724,0.9978143482770193,0.9923523760167966,0.9975526513423879,0.9950985348754781,1.0,0.9991593251753315,0.998947203923451,0.9972770136800692,0.925162723814295,0.9982920554450874,0.998912541908962,0.9992570747482384,0.9920113416831411,0.8875104964453437,0.9974563209310499,0.998587186786704,0.98796064640067,0.9959804483891966,0.9980617052311735,0.9979199156923363,0.9982690756372113,0.9114502077121144,0.9977933308996988,0.8867376391173073,0.9947654038832993,0.9950745880205523,0.8037420681748534,0.9963574917257293,0.9991253817818158,0.9985939642925108,0.999428150938127,0.9992937372015683,0.9992935935476204,0.9564056869218405,0.997025978660101,0.9909322715280316,0.8868109645898914,0.9998402457300384,0.9989742933816954,0.9935800800671997,0.9920509616155506,0.991882165993784,0.9968798224172145,0.9965433307105602,0.9982545708078704,0.9983803513184736,0.9945744994581098,0.9988363316065019,0.9993104360003687
FMBH,0.9982418083470966,0.9990241549176638,0.8982137518507124,0.8424836264313104,0.9396532291607474,0.9942141217572731,0.9995487183387662,0.9946291851528072,0.9933012178572248,0.9889326591015839,0.9998549809397773,0.9984373525283111,0.9987382963831163,0.9987882130430537,0.9822063771547704,0.9965633721566731,0.9926793035496687,0.9985294783633464,0.9979189071110552,0.9937636324875444,0.9984250201417595,0.9965339672860398,0.9991593251753315,1.0000000000000002,0.9998333974338361,0.9986429441660706,0.936006427410982,0.9995654530435152,0.9995437109516008,0.9991588581174424,0.9936598807253342,0.9019229269961805,0.9969856180399905,0.9995951529299056,0.9920428089480894,0.9973289012113468,0.9986228214815075,0.9985285340721471,0.9981734023017766,0.9213766943698606,0.9960867005880623,0.8981670355632065,0.9945983003135405,0.996149414051259,0.8118462308210199,0.9965534859152483,0.999271400947835,0.9986447621802784,0.9994705251754805,0.9994282299167282,0.9996198024892542,0.9628010386670868,0.995311867810046,0.9923512014195344,0.8976364500540592,0.9995545662872207,0.9978034154439274,0.9957422419531984,0.9926083745077877,0.9934374578692998,0.996423277876631,0.9978184352643267,0.9986911513832604,0.9984397981423259,0.9968193468684142,0.9992526592307537,0.9992312656751622
FNB,0.9985956740721759,0.9993555086954931,0.8985812116310592,0.8409629679608699,0.93576166515181,0.993107314949655,0.9991992413719682,0.9932429989691753,0.9917916774237824,0.9874709676391608,0.9998453630236481,0.9976337261684443,0.9988418973511871,0.9983270030669964,0.9815414776929527,0.9954817702986135,0.9918215824883134,0.9984428665258693,0.9969755374352585,0.9925824632095821,0.9980480125524354,0.9953247043789047,0.998947203923451,0.9998333974338361,0.9999999999999999,0.998037358562822,0.9331952859520404,0.9992797542393087,0.9992928212843215,0.9993644209927572,0.993091268315021,0.9003063061222777,0.9960983890883176,0.9994757912645267,0.9905517971243845,0.9962309555984135,0.9979602831337113,0.9987701919473047,0.9983998887164497,0.9193685266735451,0.9963102930553892,0.8981642628722265,0.993345091127389,0.9948502371648883,0.8080460259043545,0.9972094676937299,0.9995412168838085,0.9988089827226405,0.9989913101814832,0.9997190903867842,0.9995957148673092,0.9601188336919303,0.995699367002926,0.9908603036658178,0.8966264453175765,0.9994120683023107,0.9981154549022885,0.9943760101124468,0.9922235481841248,0.9939944752063062,0.9967669081883399,0.996840163636703,0.9977108436670187,0.9985660583866235,0.9956556657006214,0.999545776575239,0.9989212282403128
GBCI,0.994553002266741,0.9959687061086567,0.8961599094890798,0.856234740185973,0.9506524706592502,0.9957913829883327,0.9993293899440858,0.997089490195784,0.997567726061285,0.9911049458887814,0.9980752878157441,0.9995985234900697,0.995390286641078,0.9965011504407372,0.9779524546837395,0.9983648348967672,0.9875608804908419,0.9957540112253354,0.9988113177000227,0.9979775976507997,0.9995990733868395,0.999004689093908,0.9972770136800692,0.9986429441660706,0.998037358562822,1.0,0.9419758902916653,0.9989954130359466,0.9987406829112185,0.9965292260898739,0.9906249007925774,0.9020843055719618,0.9970831540535168,0.9971494136500293,0.994565060289087,0.9994039039171847,0.9994474111039742,0.994478526554211,0.9953859956832655,0.9324064713758824,0.9908893013698836,0.887822794518276,0.997783568159367,0.9986250058055121,0.8107304028196752,0.9944498440216974,0.9967155133070335,0.9951245598663615,0.9980194442190905,0.9966776599353996,0.9981590620812049,0.9741006324605853,0.9898774300454036,0.9968955318907248,0.8911635816279075,0.9973478079759984,0.9936642501412951,0.9984642816800156,0.9874130681915423,0.987107141585574,0.9919617196326168,0.9995717322131642,0.9982762816235046,0.9964173961632423,0.9982016332341996,0.996948634553569,0.9980042636548915
GS,0.9166727823417377,0.9211440052550676,0.9651394118751353,0.9587689912119909,0.9784433635783438,0.9674386894680832,0.9441745153307569,0.9638404366452105,0.9543477203255238,0.9772711298503892,0.9307315362225405,0.9394258031306789,0.9349720602806262,0.9277821373639225,0.968785517762553,0.9540470874819069,0.9353138061235678,0.9189362181406306,0.9326577686391446,0.9482408851674818,0.933584027774234,0.9502753717077568,0.925162723814295,0.936006427410982,0.9331952859520404,0.9419758902916653,1.0000000000000002,0.9357291982781993,0.932618713753575,0.9289569395527029,0.9410669109987291,0.9850507383402167,0.9422521223750936,0.9376106851679525,0.9706383623891778,0.9469339023355393,0.9324888707114494,0.9271004424931872,0.9160234387773031,0.9833246917676038,0.9099096622713383,0.9447543859120331,0.9392146654139608,0.9415814600906625,0.8763249953841801,0.9203928705196294,0.9232408181323314,0.9225783739879206,0.936636539369732,0.9269028153592554,0.9271324537905432,0.9716577346078705,0.9040500578100734,0.9399120260330106,0.9527552610031356,0.9276130758768544,0.9163589335061733,0.9542431868297099,0.9353110971882465,0.9359536596391178,0.911488915824365,0.9430041228367486,0.9428459053133978,0.9180709264458033,0.9567577759967569,0.9328935030167,0.9264030984442445
HBAN,0.9972239232752664,0.9982979425757198,0.8921575763770616,0.8416084846013032,0.9409401234376265,0.9943931562015094,0.9992427815827521,0.9948032787339538,0.9942150132193163,0.9890132459427453,0.9995289428150007,0.999011148341335,0.9982161832026593,0.9981784108402497,0.9798981898633289,0.9961255948744474,0.9901443530790618,0.997979442705316,0.9986755932257197,0.994220359723411,0.9991135055830948,0.997036749903063,0.9982920554450874,0.9995654530435152,0.9992797542393087,0.9989954130359466,0.9357291982781993,1.0000000000000002,0.9997780597838185,0.9976803625505286,0.9916343068472123,0.9003044718160009,0.9955674827160735,0.9989035998739885,0.9925471654139795,0.9979810679368133,0.9991828259378943,0.9976400770119747,0.9982689029629437,0.9201674187445302,0.9945705077498587,0.8935250229371287,0.9948838870175124,0.9974537367004562,0.8043123262592258,0.99676151218935,0.9988886326689796,0.9982061820195399,0.998665971331469,0.9984916946653851,0.999544266421437,0.9659211808606214,0.9940887489677385,0.9944864668424164,0.891477084957488,0.9987418831190077,0.9964553223844581,0.9966247704401279,0.9898675279817877,0.9910686242858631,0.9962809508690306,0.9986483283327977,0.9983856415001647,0.9987456182434116,0.9971232440195217,0.9979357549159508,0.9994011570910345
HBHC,0.9975274758542791,0.998640763219749,0.8886804051741297,0.8370147639672687,0.9379479151258426,0.9935111118103249,0.9989624583689393,0.9941188820450716,0.9939142974758289,0.9878308491360869,0.9996483216037354,0.9990902773061859,0.9981788394080697,0.9988403819276991,0.9783905310517588,0.9959893258963965,0.9906053781253452,0.9986003634764025,0.998895422848315,0.9940237683067834,0.9990952076845289,0.996952842880276,0.998912541908962,0.9995437109516008,0.9992928212843215,0.9987406829112185,0.932618713753575,0.9997780597838185,1.0,0.9980141617815846,0.9908348515668404,0.895711988494523,0.9962578004521224,0.9988704098325292,0.9915303808433984,0.9978708376654413,0.9990820165173825,0.9976366682320466,0.9984293509758428,0.9175635797317997,0.9954221843850732,0.8901544182384693,0.9954138711935292,0.99738789114972,0.8004282436029034,0.997707116763395,0.9991256397523378,0.9985069218841327,0.9990422366914238,0.9987555696890601,0.9996601849906226,0.964209880496486,0.9948762551248969,0.9942250605115899,0.8876001929002634,0.999094378431902,0.997303765559943,0.9962478913767081,0.9898106381416104,0.9909706456238865,0.996669778560674,0.9985110380216281,0.9986047877512544,0.9988240285025607,0.9968190264871959,0.9982266859753732,0.9997154362341734
HOMB,0.9989884164963023,0.9992485501368943,0.8993621708935995,0.8355329058912069,0.9318548953211405,0.990792453626201,0.9982268900827105,0.9913578712497338,0.9895556736437724,0.9848825093673104,0.9991733070772887,0.9960406647036534,0.9979770413696045,0.9982664945449549,0.9810660962680157,0.9947177302721375,0.9937648501834817,0.9984450422769564,0.995488865452472,0.9910422968023398,0.996331571599507,0.9936168667713493,0.9992570747482384,0.9991588581174424,0.9993644209927572,0.9965292260898739,0.9289569395527029,0.9976803625505286,0.9980141617815846,1.0000000000000002,0.9941227644139888,0.896032877342522,0.9968022730813537,0.9989063362949185,0.9878975465120843,0.9944240933027263,0.9966088165778442,0.9985426400290193,0.9975191913486421,0.9164911359309428,0.9974927611171418,0.8973463272672536,0.992388839884048,0.9925085777786883,0.8137594707999809,0.9956860133925108,0.9989951177154099,0.9982956994112594,0.998903043183468,0.9997068705133613,0.9988011669571241,0.9543308828638197,0.9965942000211637,0.9876928829234111,0.8985960726412472,0.9995140206425452,0.9988994924278837,0.9920429766366191,0.9942109127749245,0.9946364030759582,0.9961305926194965,0.9948766998845731,0.9970808510068802,0.9974705550975033,0.9937961146765206,0.9997939724116967,0.9979788593856187
HTH,0.9931009026302313,0.9919874776928149,0.917138846093694,0.8491234566833624,0.9485464287367749,0.9890667412923059,0.9938732374725023,0.9894503042333596,0.9843631366497854,0.9854739732624053,0.9926824588906944,0.9889138625198188,0.9938299076038741,0.9911585686749924,0.9883932243003372,0.9921768449403953,0.9953451069950682,0.9901713198631786,0.9879162707093682,0.9850029115670971,0.9881306708974491,0.9879896498484442,0.9920113416831411,0.9936598807253342,0.993091268315021,0.9906249007925774,0.9410669109987291,0.9916343068472123,0.9908348515668404,0.9941227644139888,0.9999999999999999,0.9151075549240757,0.9909531954397884,0.9938275827390666,0.9868622813485516,0.9886144724516374,0.9904995066782842,0.993672063120908,0.989476576894169,0.9242544767098487,0.9906062754027362,0.916860400736819,0.9838974735250872,0.985677521187056,0.8673265482665404,0.9834295262054665,0.9915069726237087,0.9913612299166373,0.9930061562692076,0.9928622822383832,0.9919735711199597,0.951210539575633,0.98921746013012,0.9796307727669025,0.9292533351143129,0.9934496537267601,0.9913163785655923,0.9875030450787278,0.9981296138046875,0.9922429882090766,0.9876016899606644,0.9886916264641994,0.9921425584511554,0.9892466510970013,0.9901472006889042,0.9938324651042306,0.9902269850931426
