Ticker,ABCB,ABTX,AJX,ARI,AXP,BAC,BBT,BK,BOKF,C,CFG,CFR,CIT,CMA,CNND,COF,DFS,EWBC,FCNCA,FFIN,FHB,FITB,FMAO,FMBH,FNB,GBCI,GS,HBAN,HBHC,HOMB,HTH,IBKR,IBOC,ISBC,JPM,KEY,LARK,MBWM,MCBC,MS,MTB,NAVI,NKSH,NTRS,OPY,PACW,PBCT,PGC,PNC,PNFP,RF,SCHW,SFBC,SIVB,SLFC,SRCE,STBA,STT,SYF,TFSL,TSC,UMBF,USB,WAL,WFC,WSBC,ZION
ABCB,0.9999999999999999,0.9996672434243564,0.9878094206358539,0.909633237120928,0.9377883590442853,0.9905224273391275,0.9965394899092846,0.9886078859074837,0.9831458917053901,0.987724052748795,0.9986784132537883,0.9931330529222552,0.9988073847413119,0.9975408999754372,0.9986107283000688,0.9909390198218105,0.9955238920282257,0.9988692224709116,0.9934197984489959,0.9842436088427229,0.9939474842833957,0.988981554077061,0.9984237572972428,0.9982589697700334,0.9986687950867856,0.993527041360077,0.9688928502523932,0.9967508687193596,0.9970042788232496,0.9991071804252809,0.9961316494684007,0.9871858120305304,0.9925253471324677,0.9987720700149986,0.9878270124209756,0.9904637124235449,0.9942885803149547,0.9995791687860984,0.9989846189785997,0.9470594143868277,0.9986575046375373,0.9942387867877099,0.9863159317153759,0.9885921326183066,0.8977112488277563,0.9945751182400884,0.9992588538957082,0.9991026812450325,0.997209385986982,0.9994124402429958,0.9985499558471885,0.9436528258810061,0.9988070357460991,0.9820122416955025,0.9930451916654253,0.9990498064502494,0.9993137582457512,0.9877855485690252,0.9968812089988294,0.9986031194779332,0.9979744708162254,0.9915882247417072,0.9948831770748509,0.9985911181205515,0.9930072417812977,0.9987249920269538,0.9976646472142455
ABTX,0.9996672434243564,1.0000000000000004,0.9887004718644662,0.9156373363394394,0.9400986490363987,0.9928786996634851,0.9977101392618913,0.9908388730439758,0.9859736273328696,0.9903578536204368,0.9995035181173978,0.9950780314011225,0.9993456494927961,0.9983640914718823,0.9987727666201602,0.9924869094567879,0.995416434229317,0.9994199253203909,0.9951741166434538,0.9867293161992243,0.9958127088695882,0.9913325138794726,0.9990164849843199,0.9991347978540926,0.9995081886388673,0.9952165605173017,0.9728575513831735,0.9980215218507825,0.9983419863696366,0.999350439129611,0.9945294443634848,0.9899034521035833,0.993843605443943,0.9995545434124571,0.9903637560011036,0.9926420351595175,0.9956981247253459,0.9996417368195465,0.9994714200779854,0.9520260078945405,0.9981359988249403,0.9938954072075686,0.9888133691872094,0.9910073854760486,0.8906538672988519,0.996643221451719,0.9998816788668294,0.9995464097259453,0.9981918086304162,0.9998990754421216,0.9993336063631363,0.9493137592415292,0.9983292238199939,0.98511362961018,0.9904258263527913,0.9994675444392095,0.9993292187357731,0.9902671641357237,0.9952139468404269,0.9984178198609417,0.998303224872772,0.9936450232632551,0.9962084396918081,0.9992964784117558,0.9948705929443714,0.9992655767446433,0.9987558345018752
AJX,0.9878094206358539,0.9887004718644662,1.0000000000000002,0.9502847129416194,0.9503097851309598,0.9861736656750237,0.99166473617528,0.9865404927432766,0.9849075173850204,0.9840274539307349,0.989484580591624,0.9877134524361504,0.9846793260282919,0.9850734293377078,0.9833335159878596,0.9907888102539606,0.980671802764189,0.9860880540026663,0.9854815073352199,0.98961434707869,0.990357260654912,0.9870301213501502,0.9901201818897972,0.9901361732822354,0.9910651137763029,0.9906903930966799,0.9727419423538265,0.9876792756075189,0.9880422710654103,0.9924460170329611,0.9856192176311942,0.9803117708413783,0.9910303799686713,0.9874952098304889,0.9835124406141762,0.9868809014615524,0.9887513134914324,0.9845611980828922,0.9848214696521685,0.9587688789711959,0.9820409870908535,0.9672567006576275,0.9883315348599329,0.9826451239809585,0.8992375960578847,0.9858127779493218,0.9885636355343562,0.9840184841851741,0.9889397039379322,0.9904405481228694,0.9895394000857807,0.9571824940643384,0.980608932445183,0.9800073392345877,0.9816258495966406,0.9895089071851294,0.9867573997161658,0.9840215884831804,0.982020880230813,0.9823381380377889,0.9789116453152167,0.9863887131426663,0.9859835061838687,0.9860907306065019,0.9860843945277599,0.9933196096446897,0.9869643225146401
ARI,0.909633237120928,0.9156373363394394,0.9502847129416194,1.0000000000000004,0.9691586979485918,0.9467622682864438,0.9382166294272276,0.9507833132138115,0.9598769557246312,0.9493731896396626,0.925271537227608,0.9420275924105196,0.9129179001551069,0.9158592658735867,0.9104224781856746,0.9498522903125844,0.9085389601510431,0.9131240187487857,0.9366948388351206,0.9633938874600075,0.9451747465593155,0.9501920462979452,0.9229913759592904,0.9287435501720067,0.9275269018307413,0.9465952653005183,0.9663572780052078,0.9317490955579992,0.9305863627234746,0.9220525161854106,0.9126196631479786,0.9445416182131601,0.9369813334373338,0.9198333184325436,0.9485804522936732,0.9473805160636335,0.941686622569777,0.9062794693724417,0.9129196234822691,0.9777283957155294,0.8929125893062672,0.8699287883942463,0.9542353411040141,0.9452858459919475,0.843922273039126,0.9232205066327739,0.919208847274464,0.9084710842904634,0.926709591285648,0.9198482920066166,0.9267805616580502,0.9809803489519838,0.8913910170848323,0.9563121138851186,0.9014630539560291,0.9209639553458276,0.9059409832401991,0.9494563265363704,0.8978917659732707,0.8932281555082077,0.89655626668919,0.944792558651937,0.9294885422655735,0.9190716263758351,0.9385761884364151,0.9263502760409632,0.9250615907313766
AXP,0.9377883590442853,0.9400986490363987,0.9503097851309598,0.9691586979485918,1.0,0.9680364984705881,0.9597998182608937,0.9733281697390296,0.9783791027663036,0.9712898545620474,0.9491032297279226,0.9645728183020831,0.94138020092168,0.945911816459634,0.9452742261088761,0.9721034947289354,0.9497592587952794,0.941278734813366,0.9634195018429768,0.9776928336385268,0.9630924616463316,0.9713793713034093,0.9487502861955166,0.9525574965830944,0.9483852853633623,0.9662873064684994,0.9846498842498907,0.9558754481048564,0.954397410958549,0.9441295005146186,0.9528779454591662,0.9666004196658904,0.9592457862544308,0.9457745675560186,0.9717145090295205,0.9698423162385839,0.9660510924773176,0.9354747590253809,0.939986992369722,0.9900950741404664,0.9263161427694884,0.9085351841732188,0.9721798688756104,0.9704292250868924,0.9245816901954684,0.9372393753718425,0.9427961997657176,0.9370964941362361,0.9529066825279545,0.9421714303833311,0.9509454503215611,0.98579488761487,0.9248284681368381,0.9768854058572382,0.9459889297966076,0.9478471723821542,0.9333175654139148,0.9726963391847683,0.9403158417403525,0.9211919762460332,0.9271960061374188,0.9681155917326992,0.95864314604487,0.9445912827814692,0.9643938729042039,0.9459238756123846,0.9515539777428388
BAC,0.9905224273391275,0.9928786996634851,0.9861736656750237,0.9467622682864438,0.9680364984705881,0.9999999999999999,0.9981461834801919,0.9995886018174606,0.9984547587951806,0.9997815562597027,0.996079025675711,0.9997628432069355,0.9933370488797217,0.995199806856903,0.993844823024452,0.9983555111573454,0.9923640252048282,0.9939451928097092,0.9994714724711805,0.9975646964049699,0.9991976967210158,0.9996675046477891,0.9952959864158852,0.9968490730469644,0.9956434703132457,0.9992869171699934,0.9933711657288548,0.9979395411577954,0.9978565634048759,0.9930313448916415,0.9877306048469885,0.9986679606748086,0.9958905895977187,0.9955017870223366,0.9997633969593066,0.999891320196681,0.9992131004277773,0.9912033711704868,0.9932261000122279,0.9811764869157299,0.9866451958045115,0.9800368419720434,0.9982063798639315,0.9997376103352694,0.8888544847901313,0.9928609690212373,0.9941461959036162,0.9925217727313912,0.9969083168420237,0.9936161916614411,0.9963051233035182,0.9793290238440614,0.9864562718878849,0.9984788610454449,0.9806186964114183,0.9949909853162046,0.990072993314366,0.9997204226494352,0.9853361921135386,0.9859506840964156,0.9890874301328261,0.9999232527046457,0.9981320885612703,0.9947648233992094,0.999537758654239,0.9938613695619533,0.9972215183642255
BBT,0.9965394899092846,0.9977101392618913,0.99166473617528,0.9382166294272276,0.9597998182608937,0.9981461834801919,1.0000000000000002,0.9973690726947229,0.9947119863421781,0.9967937984521507,0.9992401826474134,0.9990756644372141,0.9972529252004839,0.9975663475550919,0.9972058973089385,0.9981207766583599,0.9949822663718756,0.9975134690768143,0.9987167847636342,0.9952363756717811,0.9994870774310081,0.9975321359564258,0.9986696379499862,0.9995987426389039,0.9992067170577451,0.9994631994281853,0.9856327531805275,0.9994512632438434,0.9994499623305405,0.9980430503364517,0.9939353917339664,0.9956748996337553,0.9969510509304017,0.998598343607742,0.9967839607153802,0.998173729557089,0.9994821095200748,0.9962519927056639,0.9972135046478675,0.9701197614383276,0.9929894060440263,0.9860060184375914,0.9958734607460893,0.9969133348700283,0.8983563858002397,0.995471533363542,0.9982659712414076,0.9966718931111583,0.998941169697926,0.9982105944541423,0.9993894307299581,0.9677087527266797,0.9928170020870887,0.9937567663770506,0.9886557995597621,0.9987220378896142,0.9956898236122119,0.9968256556474275,0.9921587791018457,0.992591830701375,0.9937326434084244,0.9985420997899219,0.9984505098126627,0.998093340196457,0.9987016322837,0.9985099356540292,0.9991265192798955
BK,0.9886078859074837,0.9908388730439758,0.9865404927432766,0.9507833132138115,0.9733281697390296,0.9995886018174606,0.9973690726947229,0.9999999999999999,0.9993727812910792,0.9997191802843894,0.9944611070350433,0.999219886794489,0.9909653268129373,0.9938535024152652,0.9922888856503082,0.9990794194400673,0.991957283724554,0.9921568248317103,0.9988942060434892,0.9987639590366783,0.9983447387984885,0.9999258223355377,0.9943189367091135,0.9955636697616204,0.9940038986181275,0.9989089947597586,0.9950351874224825,0.9964247443099089,0.9963684616675447,0.9918292414020636,0.9878170231146985,0.9976150916421281,0.9964542276011156,0.9937394195777568,0.9997034742607268,0.9998498432092037,0.9987741062928583,0.9887863650004538,0.990751304781579,0.9841574187884412,0.984467532691236,0.975912753235848,0.9991718605688985,0.9995427396996012,0.897179838831095,0.9898968163823021,0.9920526178062935,0.9900612549454971,0.9960896332622055,0.9918220304558322,0.9947539248229922,0.9817231890678788,0.9838234740909237,0.998732004990546,0.9810294650209123,0.9937695545468949,0.9880809106527294,0.9998214870962194,0.9847164522874754,0.9830554144201838,0.9858536474050104,0.9995573412820994,0.9976574527220767,0.9925364277930153,0.9990501918253732,0.9925781461989484,0.9957161862458184
BOKF,0.9831458917053901,0.9859736273328696,0.9849075173850204,0.9598769557246312,0.9783791027663036,0.9984547587951806,0.9947119863421781,0.9993727812910792,1.0,0.9991393797799228,0.9905623298239675,0.9974366804031221,0.986079262001693,0.9895891444357386,0.9873585096618057,0.9980653932830537,0.9873970098829143,0.9873901943975968,0.9967212282261247,0.9993765552460261,0.9965408334517883,0.9992439218219562,0.9903543668305416,0.9920098929478948,0.990203507173331,0.9972729962040221,0.9976112838852638,0.9932790662264448,0.9931918106500468,0.9875104230328927,0.9828703819138255,0.9965089927148689,0.99433707907057,0.989475091061607,0.9990467139439669,0.9987830416399601,0.9967238422534301,0.9832073344621245,0.9857718429955062,0.9894642627232585,0.9779497790240675,0.9679709038679276,0.9990753891423712,0.998578732555059,0.8941882676201355,0.9862250070874022,0.9875369961789079,0.984803498137011,0.9926574863159225,0.9873164940647128,0.9909645730130894,0.9875010898092367,0.9771286625982185,0.9992084986803162,0.9753760965391165,0.9895305829506099,0.9825516951351603,0.9992319417528795,0.9787301602264629,0.9764655890127085,0.9797020578897726,0.9981528963136329,0.9948113503947081,0.9881026588947912,0.9970836045255576,0.9886167688518932,0.9920487195414092
C,0.987724052748795,0.9903578536204368,0.9840274539307349,0.9493731896396626,0.9712898545620474,0.9997815562597027,0.9967937984521507,0.9997191802843894,0.9991393797799228,1.0,0.9941471813952207,0.9991986021930821,0.9910460545346582,0.9936542806347357,0.9919359627493447,0.9980923997183431,0.991167079497013,0.991889515508774,0.9989352661642785,0.9978930116266088,0.998213485181512,0.999749358857093,0.9935303208171095,0.9951101538874715,0.9935554692279794,0.998472615012143,0.995376865040915,0.9964683884209544,0.9964198854334347,0.9907110630936158,0.9855048497630484,0.9985351315667478,0.9952471443342272,0.9935520714318403,0.9999727346367017,0.9997630297261395,0.9983798157297801,0.9885275769439622,0.9907828518819715,0.9844239370419741,0.9837742692968962,0.9766853231722071,0.9985506077942697,0.9998673128530375,0.8884672257407165,0.9907455737374233,0.9917992512034759,0.9900973666557344,0.9955645095479903,0.9912281569087655,0.9944021721038961,0.9825040079227518,0.9834145833427052,0.9992084709755531,0.9780915444130972,0.9930442196964403,0.9874396759184545,0.9999474195085927,0.9829050899721437,0.98273185681291,0.986305473650089,0.9995896663381677,0.9973920072650875,0.9925578887128381,0.9990821472994688,0.9916156344791287,0.9956840685154137
CFG,0.9986784132537883,0.9995035181173978,0.989484580591624,0.925271537227608,0.9491032297279226,0.996079025675711,0.9992401826474134,0.9944611070350433,0.9905623298239675,0.9941471813952207,0.9999999999999999,0.997633826901056,0.9992181122161498,0.998794806774679,0.9988269572895568,0.9954228134930119,0.9959746175811329,0.9992680782272377,0.9976143066433885,0.9908948326987231,0.9980798700226019,0.9948337050513223,0.999346210268542,0.9999042133242919,0.9998760607186775,0.9976574466368924,0.9795223361537174,0.9994254038768823,0.9996068557784723,0.999040816810811,0.9943047775537279,0.9936363650144722,0.9955880368508517,0.9998189493628914,0.9941546726634083,0.995881251606345,0.9980100296043062,0.9987947602401039,0.9992099155254608,0.9609845320151975,0.996424948615771,0.9915380178158067,0.9925087080366489,0.9946070250549404,0.8922488614740919,0.9970322879188022,0.999765794129414,0.9990499775204353,0.9991387043055323,0.999613892526167,0.9999579099945866,0.9584876063252519,0.9965344231550719,0.9899457259428657,0.9894966423148212,0.9996439983496891,0.998230613211121,0.9940605716661085,0.9941494694440693,0.9964361979411195,0.9972273565153404,0.996633910284588,0.9979994277547583,0.9994890728223975,0.9974341486937595,0.9992307426499102,0.9996998533571639
CFR,0.9931330529222552,0.9950780314011225,0.9877134524361504,0.9420275924105196,0.9645728183020831,0.9997628432069355,0.9990756644372141,0.999219886794489,0.9974366804031221,0.9991986021930821,0.997633826901056,1.0,0.9952540084367292,0.9969661929514391,0.9958239532568605,0.9986171356823609,0.9943929832084951,0.996002928205042,0.9998182412674825,0.9968714203654,0.9995107946415428,0.9993726308964582,0.9971571558578467,0.9982539453144594,0.9972427457429737,0.9995774770672032,0.9909384302521842,0.9988154041087235,0.9988837554118762,0.9952743046212136,0.9902372588751053,0.9978668231335299,0.997048486518499,0.9972142345109871,0.9991760573089826,0.999725409720237,0.9996199750889734,0.9936099691715097,0.995139072366516,0.9771869492277593,0.9898466355929151,0.9832884272435348,0.9979113665613718,0.9992690397493292,0.8917961734159559,0.9941984530237081,0.9960389734765246,0.994671692141546,0.9983546018360444,0.9957061049425203,0.9977666367980043,0.9749773360607833,0.9895854189343091,0.9971142259912841,0.983829539928064,0.996904620423068,0.9928240969696311,0.9991554109572761,0.9885025958041942,0.9891304824503299,0.9915156127563015,0.9998590839212911,0.9990551739045408,0.9963744250810804,0.9998329171325953,0.9958674706256798,0.9984904081421114
CIT,0.9988073847413119,0.9993456494927961,0.9846793260282919,0.9129179001551069,0.94138020092168,0.9933370488797217,0.9972529252004839,0.9909653268129373,0.986079262001693,0.9910460545346582,0.9992181122161498,0.9952540084367292,1.0,0.9983393142254376,0.9990050587153056,0.9919872329986398,0.9957546625125396,0.9990378316755614,0.995623499265831,0.9857392552841847,0.995599839008505,0.9914520646441787,0.9981459251151036,0.9986882774691542,0.9988327059709547,0.9947952984946664,0.9739157961247976,0.9983345372479072,0.998665750698906,0.9978155571925712,0.9936038680922032,0.9912826106235221,0.9923963977975336,0.9993118669477498,0.9911092166713469,0.9929173427060379,0.9956645103080343,0.9994165605665618,0.999487080638323,0.9532205278221308,0.9974722907132757,0.9948827110814061,0.9881046334441017,0.9919145655185533,0.8888517726054508,0.9973899895105771,0.9995447211590898,0.9996621509600536,0.9976699393391651,0.998969650712824,0.9990979029404929,0.9505079448037395,0.9980062266480583,0.9860728499569759,0.9890091885775492,0.9987839169810568,0.9985670216468748,0.9909083244127822,0.994623797028788,0.9977017783644947,0.9987917773959324,0.9940580955501856,0.9963361945397899,0.9992462981449678,0.9954525727092469,0.9979423194701067,0.9989092132671216
CMA,0.9975408999754372,0.9983640914718823,0.9850734293377078,0.9158592658735867,0.945911816459634,0.995199806856903,0.9975663475550919,0.9938535024152652,0.9895891444357386,0.9936542806347357,0.998794806774679,0.9969661929514391,0.9983393142254376,1.0000000000000004,0.9993173318441333,0.9945741952298911,0.9983540276404892,0.9996342248738922,0.9975918447194229,0.9891046004294358,0.9959925168525245,0.9943937717645065,0.9994090104689306,0.9987429362782348,0.9981447381525168,0.9958068351089172,0.9788544620588325,0.9978191468607073,0.9985727954615758,0.9980530943443293,0.993160075071263,0.9919595263193411,0.996722046444607,0.999363542475875,0.9936248466538286,0.9952530884117157,0.9965610690776675,0.9981418601628196,0.9979521338190652,0.9590112803818527,0.997506121232213,0.992804451733784,0.9925805067742434,0.9943266521230113,0.8914040687881686,0.9954891790992649,0.998383777511767,0.9986982121118864,0.9995239995186473,0.9984334538694734,0.9984631583830146,0.9555215300488201,0.9970706594324498,0.9887242456621602,0.9885903711403488,0.9993004429021904,0.9984394263611189,0.9935399772618909,0.9947843988199714,0.9966314341714061,0.9971516301986053,0.9957645934887873,0.9989749935989276,0.9979485185830944,0.9974177799689153,0.9977824949841415,0.9992668971428196
CNND,0.9986107283000688,0.9987727666201602,0.9833335159878596,0.9104224781856746,0.9452742261088761,0.993844823024452,0.9972058973089385,0.9922888856503082,0.9873585096618057,0.9919359627493447,0.9988269572895568,0.9958239532568605,0.9990050587153056,0.9993173318441333,1.0,0.9931126168421752,0.998285975236256,0.9994951180662555,0.9966957316257665,0.9868898333937696,0.9952489795387324,0.9925295618626433,0.9988266218306412,0.998661330718123,0.9981473822782838,0.9950780849002046,0.97583945500777,0.9979617493770404,0.9982356458355262,0.9978257893332024,0.9955277225122691,0.9913047855252176,0.994300984505103,0.999335376235121,0.992134830748396,0.9938233078683745,0.9962964530124266,0.9991119608403793,0.998919436320008,0.9553229431588829,0.9980643726682378,0.9945881076697896,0.9897497764624668,0.9930443728114217,0.8978085115826564,0.9942777047824987,0.9987323382093921,0.9992720244568977,0.9986202351917522,0.9984595059227485,0.9987080378862793,0.9514478492519186,0.9981179131680074,0.987094005129477,0.9915209366664872,0.9992418115034745,0.9984403226870461,0.992031377292648,0.9964631775885184,0.997173018488281,0.9981409458568351,0.9947616512703377,0.9978605677604995,0.9987452173145626,0.9962503906965169,0.9973833434772336,0.9990822233127917
COF,0.9909390198218105,0.9924869094567879,0.9907888102539606,0.9498522903125844,0.9721034947289354,0.9983555111573454,0.9981207766583599,0.9990794194400673,0.9980653932830537,0.9980923997183431,0.9954228134930119,0.9986171356823609,0.9919872329986398,0.9945741952298911,0.9931126168421752,0.9999999999999999,0.993567356382102,0.993157997696397,0.9980656554150132,0.9985050562393606,0.9981141660494252,0.9991137492655006,0.9959305286809648,0.9964530180024334,0.9952061701663724,0.9988481600492692,0.9917433767254376,0.9963080742120223,0.996639008393475,0.994314944887717,0.9913215334444039,0.9947556520548182,0.9980543042918308,0.9944652500581871,0.9979832388540302,0.9989914648011777,0.998607490699414,0.9900903455823659,0.9912769426094618,0.979792931932171,0.9868748677865726,0.9763306922934554,0.9989096739309054,0.9977568578910703,0.9082483198305785,0.9904612684942548,0.9932352843167154,0.9909051306566213,0.9970056618211776,0.9935595766782312,0.9956543832555638,0.9766937848200332,0.9858086198835739,0.9960533503725649,0.9861328302160356,0.9953164289321681,0.990492634358808,0.9982737430166554,0.9887000065318872,0.9851909355896207,0.9862682561589662,0.9985764470174343,0.997698189141423,0.992831013853446,0.9984723810152346,0.9949093385226003,0.9959027808617091
DFS,0.9955238920282257,0.995416434229317,0.980671802764189,0.9085389601510431,0.9497592587952794,0.9923640252048282,0.9949822663718756,0.991957283724554,0.9873970098829143,0.991167079497013,0.9959746175811329,0.9943929832084951,0.9957546625125396,0.9983540276404892,0.998285975236256,0.993567356382102,1.0000000000000002,0.9973624929465251,0.9955996280954411,0.9866711861896652,0.9924760674557319,0.9922242821504395,0.9975399089579612,0.996107440221647,0.9947933188151608,0.9929926004031432,0.9767978681336932,0.9948757798378778,0.9957481999542268,0.9956424303297615,0.9950975814568155,0.9884142034876859,0.995554136742961,0.9966552795591359,0.9913111630207411,0.9930414283716625,0.994452606797917,0.9955865922757801,0.9947794616256769,0.9568517244910341,0.9961856481224086,0.9902436463127123,0.9905464424079625,0.992145310739864,0.9092223473680321,0.9898148401172502,0.9951302118200035,0.9959052287816238,0.9977118414050442,0.9953744804756842,0.9957414193726488,0.9514737824169459,0.9952096075856404,0.9859807015255412,0.9925377098191606,0.9974265275758456,0.9963222629903159,0.9913358227855693,0.9972285570338593,0.9936670760201517,0.9939721325293861,0.9933558863332694,0.9977582689374155,0.9946900334239015,0.9954689954262363,0.9948494443024728,0.9967520487147056
EWBC,0.9988692224709116,0.9994199253203909,0.9860880540026663,0.9131240187487857,0.941278734813366,0.9939451928097092,0.9975134690768143,0.9921568248317103,0.9873901943975968,0.991889515508774,0.9992680782272377,0.996002928205042,0.9990378316755614,0.9996342248738922,0.9994951180662555,0.993157997696397,0.9973624929465251,1.0000000000000004,0.9965094476434475,0.9874010128445256,0.9957269291103731,0.9926895439420825,0.9994299057841993,0.9990251917935655,0.9988724507399094,0.9953224859085043,0.9753461559745262,0.9979698006244979,0.9984995789394087,0.998820273865553,0.9937641262125176,0.9909374692868358,0.9953232656816478,0.9997702323019481,0.9919017793055305,0.9938226973865891,0.99602898048691,0.9993330925932358,0.9990880086659526,0.9545058075554372,0.9984852186659898,0.9944792179146983,0.9904695286121135,0.9926391041102145,0.8891230358564234,0.9959788970731324,0.9993149558701945,0.9995666480529641,0.9990925536276952,0.9993533131187827,0.9989711103611572,0.9513432161179816,0.9983671205312222,0.986681760380575,0.9894857378823088,0.9996051509753663,0.9992761584796672,0.991762425976352,0.9952881010016622,0.9981629592032111,0.998415265910467,0.994624435405166,0.9978451259842858,0.9989233942816607,0.9961568548541091,0.9985070952969682,0.9992478161861282
FCNCA,0.9934197984489959,0.9951741166434538,0.9854815073352199,0.9366948388351206,0.9634195018429768,0.9994714724711805,0.9987167847636342,0.9988942060434892,0.9967212282261247,0.9989352661642785,0.9976143066433885,0.9998182412674825,0.995623499265831,0.9975918447194229,0.9966957316257665,0.9980656554150132,0.9955996280954411,0.9965094476434475,0.9999999999999999,0.9957505880113411,0.9989176307922034,0.998995070238481,0.9972972377748796,0.9981897918735839,0.9969802182437321,0.9990471788293449,0.9901802146373918,0.9987763038057399,0.9988309348811613,0.9950850687654736,0.9908373704577056,0.9977626724634463,0.9968371770022271,0.9974723192949884,0.9989937914467123,0.9994580404748027,0.9994301603752349,0.9941487970058228,0.9955133657748463,0.9757046101076571,0.9907971094707549,0.9850060296213887,0.9972772708808809,0.999262309857938,0.8930319153725129,0.9936539164401299,0.9960653195938548,0.9952139801629253,0.9985450810167831,0.995630814955591,0.997720437891278,0.9730516840402756,0.9905564320273618,0.9966759360346045,0.9845897004078749,0.997110219974178,0.9932146570486267,0.9989383202931759,0.9895175606559912,0.9897774971538548,0.9924043118242232,0.9996741286713098,0.9994638948064758,0.9965857462160177,0.9998937345991239,0.9954623994149788,0.998738116069085
FFIN,0.9842436088427229,0.9867293161992243,0.98961434707869,0.9633938874600075,0.9776928336385268,0.9975646964049699,0.9952363756717811,0.9987639590366783,0.9993765552460261,0.9978930116266088,0.9908948326987231,0.9968714203654,0.9857392552841847,0.9891046004294358,0.9868898333937696,0.9985050562393606,0.9866711861896652,0.9874010128445256,0.9957505880113411,0.9999999999999996,0.9966715815440628,0.9986322912085142,0.9909905517020856,0.9924146824205996,0.9909880993838789,0.9975457307630308,0.9956989860441395,0.9929735610962872,0.992865961796165,0.989093687562949,0.9844401528568378,0.9947028392861408,0.9951502163120493,0.9895102431978003,0.9977350702351494,0.9980828300677155,0.9966069960894639,0.9834369716795908,0.9857318236376928,0.9874828922218362,0.9784242312661843,0.9666093681418702,0.9990793225363256,0.9970763041453219,0.8990078171574616,0.9858824993339205,0.988004858263346,0.9845966831087541,0.9927636128335928,0.9883025796424642,0.9913115858808618,0.9855332682020579,0.9773556368815275,0.99761903379762,0.9776522693150863,0.9901084382248527,0.9833071802546175,0.9980505285118498,0.9797475627420537,0.9770789542023042,0.979034633322964,0.9973612076413323,0.9940957788395997,0.9880985132213498,0.996123602887169,0.990145186773131,0.9916633539591797
FHB,0.9939474842833957,0.9958127088695882,0.990357260654912,0.9451747465593155,0.9630924616463316,0.9991976967210158,0.9994870774310081,0.9983447387984885,0.9965408334517883,0.998213485181512,0.9980798700226019,0.9995107946415428,0.995599839008505,0.9959925168525245,0.9952489795387324,0.9981141660494252,0.9924760674557319,0.9957269291103731,0.9989176307922034,0.9966715815440628,1.0000000000000002,0.998475886181426,0.996944685104417,0.99859998578198,0.9980976785520161,0.9998453861417385,0.9891790175367654,0.999163442028431,0.9989807353589715,0.995935003933416,0.9905195542352283,0.9974861736411698,0.9958803283947264,0.9972938802765201,0.9981831162770054,0.9989853350138411,0.9995998907931327,0.9940834908195726,0.9957967089833464,0.9755065331855386,0.9895653968211835,0.9829851992411761,0.9967673897306772,0.9981615151166745,0.8903069803613038,0.9950572710686243,0.9967930039212533,0.9948736010841308,0.9977477076271811,0.9964428463706444,0.9983193135944617,0.9739344643409567,0.9896273516279125,0.9962164608006772,0.9841366818569476,0.996930565814607,0.9929565181352983,0.9981601289519517,0.9880456720817389,0.9895483252769884,0.9916955659985415,0.9993188462775909,0.9977710439876644,0.9970761680281023,0.9988962715749649,0.9967305405158455,0.9983104085295105
FITB,0.988981554077061,0.9913325138794726,0.9870301213501502,0.9501920462979452,0.9713793713034093,0.9996675046477891,0.9975321359564258,0.9999258223355377,0.9992439218219562,0.999749358857093,0.9948337050513223,0.9993726308964582,0.9914520646441787,0.9943937717645065,0.9925295618626433,0.9991137492655006,0.9922242821504395,0.9926895439420825,0.998995070238481,0.9986322912085142,0.998475886181426,1.0000000000000002,0.9947793078154874,0.9958471512166208,0.9943916991761214,0.9989171902829325,0.9946359746056896,0.9965824871990216,0.9967159795506577,0.9923331389737537,0.9873950904304648,0.9974895334999625,0.9969456121733333,0.994166942575077,0.9996599279153668,0.9998931390791262,0.9986896790830977,0.9892305650078864,0.9910847285326302,0.983327774154896,0.9851648556043888,0.9766557788429211,0.9993558195691764,0.9994890911565766,0.8942326252758139,0.9909748179165068,0.9925124546092468,0.9905777110558492,0.9965048719763409,0.9923456730296217,0.9950309723622555,0.9810447380643736,0.9844577849726796,0.9984680481545433,0.9805767276077287,0.9941500072900349,0.9888264000732183,0.9997527853448693,0.9848366176144655,0.983902927492875,0.9864667497951806,0.9995617661162627,0.9979411457248707,0.9927911671151758,0.9992356623191018,0.9931214786259074,0.9960397769349798
FMAO,0.9984237572972428,0.9990164849843199,0.9901201818897972,0.9229913759592904,0.9487502861955166,0.9952959864158852,0.9986696379499862,0.9943189367091135,0.9903543668305416,0.9935303208171095,0.999346210268542,0.9971571558578467,0.9981459251151036,0.9994090104689306,0.9988266218306412,0.9959305286809648,0.9975399089579612,0.9994299057841993,0.9972972377748796,0.9909905517020856,0.996944685104417,0.9947793078154874,1.0,0.9994337820057247,0.9991397542233542,0.9969230576700612,0.9789506141671096,0.9980981046985129,0.99872687620089,0.9994807271280213,0.9949771942950345,0.9914122941169207,0.9976749580228231,0.9994361278536966,0.9934545587406157,0.995522523255455,0.997271558093997,0.9981487190631453,0.997935791084478,0.9599076005323606,0.9972461080377575,0.9906000744518338,0.9934680772172338,0.9939131583961985,0.8979979879675359,0.9954515096456936,0.9989149566618513,0.9983472560199421,0.9997333411738658,0.9993329331329899,0.9991232223782762,0.9565374226622598,0.9966532723526607,0.9886720429032478,0.990846283932497,0.9998753094272042,0.9987342951127396,0.9935157692136487,0.9954993184744844,0.9964990963733051,0.9961298514369735,0.9959231334871498,0.9985937655625085,0.9981162268593119,0.9972042173926124,0.999318701836432,0.9991564350309818
FMBH,0.9982589697700334,0.9991347978540926,0.9901361732822354,0.9287435501720067,0.9525574965830944,0.9968490730469644,0.9995987426389039,0.9955636697616204,0.9920098929478948,0.9951101538874715,0.9999042133242919,0.9982539453144594,0.9986882774691542,0.9987429362782348,0.998661330718123,0.9964530180024334,0.996107440221647,0.9990251917935655,0.9981897918735839,0.9924146824205996,0.99859998578198,0.9958471512166208,0.9994337820057247,0.9999999999999998,0.9998036345586382,0.9983670391725749,0.9815425601067188,0.9995210893546109,0.999662477243392,0.9989791674423134,0.9945984951069449,0.9942247989758004,0.9963932247693613,0.9996668941604231,0.9951271601634711,0.9967579359205495,0.9986560590228651,0.9982401390131329,0.9987710769915401,0.9638453727314231,0.9957265284949851,0.9901378403904509,0.9938125127377586,0.9955158122439184,0.8950748649018613,0.9963844890229001,0.9994352622421888,0.9985216582025793,0.9993777083714347,0.9993572899992893,0.9999115748322684,0.9612360986995544,0.9957117015173892,0.9912458592745184,0.989703935849003,0.999622952234906,0.9977025526797156,0.9951018006800012,0.9939368625995586,0.9955190153287786,0.9963311544624195,0.9973956351605179,0.998446029475884,0.9992237438332645,0.9980055860106241,0.9991587441245713,0.9997190157596282
FNB,0.9986687950867856,0.9995081886388673,0.9910651137763029,0.9275269018307413,0.9483852853633623,0.9956434703132457,0.9992067170577451,0.9940038986181275,0.990203507173331,0.9935554692279794,0.9998760607186775,0.9972427457429737,0.9988327059709547,0.9981447381525168,0.9981473822782838,0.9952061701663724,0.9947933188151608,0.9988724507399094,0.9969802182437321,0.9909880993838789,0.9980976785520161,0.9943916991761214,0.9991397542233542,0.9998036345586382,0.9999999999999998,0.9976298464455703,0.9787848262789884,0.9991596875044406,0.9993108337042904,0.9992358452978916,0.9940352716974605,0.9929552224802624,0.9953367535593648,0.9995470445266074,0.9935231704907795,0.9954176803561621,0.9977538270698061,0.9985454798863559,0.9989995097776279,0.9604064410866647,0.9959648007194655,0.9906228534073608,0.9922311967589607,0.9938953935672223,0.8914206752456088,0.9970828158167323,0.9997377219095334,0.9986865585381465,0.9987578330635613,0.9996998642646071,0.9998492082973168,0.9581868959064224,0.9961066679195171,0.9893592253483067,0.9891731320465597,0.999431423584778,0.998039005261695,0.993476026061646,0.9934877951526654,0.9962668713037592,0.9966972741231218,0.9961867709338661,0.997266559625334,0.9993288077526435,0.9968033848520387,0.9994982274531508,0.9992875945006319
GBCI,0.993527041360077,0.9952165605173017,0.9906903930966799,0.9465952653005183,0.9662873064684994,0.9992869171699934,0.9994631994281853,0.9989089947597586,0.9972729962040221,0.998472615012143,0.9976574466368924,0.9995774770672032,0.9947952984946664,0.9958068351089172,0.9950780849002046,0.9988481600492692,0.9929926004031432,0.9953224859085043,0.9990471788293449,0.9975457307630308,0.9998453861417385,0.9989171902829325,0.9969230576700612,0.9983670391725749,0.9976298464455703,1.0,0.9902229789942589,0.998774248578918,0.9985633825438226,0.9957744072188491,0.991428211721784,0.9972415166685247,0.9965855959527573,0.9968462984951418,0.998478520389733,0.9993013010013577,0.9998047545750373,0.9933818092357434,0.9950172494246187,0.9771001836437224,0.9890848307084676,0.9815331149732094,0.997546739914869,0.9984197387589857,0.8963875701843791,0.9935339338684004,0.9961241326248628,0.9940978625748618,0.9977962496159717,0.9959422780885497,0.9979441681732589,0.9750615127683139,0.988900683475739,0.9966199346442478,0.9853526371744208,0.9968098200445592,0.9924240294746345,0.9985420628955463,0.9885712777851687,0.9885827348905432,0.9905533174249781,0.999485730070985,0.9980124249279585,0.9964014068380662,0.9990175907585391,0.996440180873037,0.9979747189050413
GS,0.9688928502523932,0.9728575513831735,0.9727419423538265,0.9663572780052078,0.9846498842498907,0.9933711657288548,0.9856327531805275,0.9950351874224825,0.9976112838852638,0.995376865040915,0.9795223361537174,0.9909384302521842,0.9739157961247976,0.9788544620588325,0.97583945500777,0.9917433767254376,0.9767978681336932,0.9753461559745262,0.9901802146373918,0.9956989860441395,0.9891790175367654,0.9946359746056896,0.9789506141671096,0.9815425601067188,0.9787848262789884,0.9902229789942589,1.0000000000000004,0.9842922695083159,0.9838918782505597,0.9744476897989199,0.9697851526355289,0.9928241662299888,0.9857373464832456,0.9782045765481057,0.9953238161307628,0.9936705309293945,0.9895433863853311,0.9696502424530198,0.9735126861627847,0.9965979698893518,0.9625897182080371,0.952238430512761,0.9947157290180608,0.9945777417800388,0.8834015433953868,0.9750587784545048,0.9752605821775567,0.9720963762694664,0.9827067757904818,0.974531092608954,0.9801587079095171,0.9951328842537178,0.9617258989513948,0.9977629883554243,0.9604864438927653,0.9778061147947602,0.9682001039475234,0.9954807665670434,0.9640594076390349,0.9605765507945913,0.9660822675688325,0.9926112735959589,0.9868380726756529,0.9767381419396675,0.9906654845365602,0.9760374337423776,0.9822502243267456
HBAN,0.9967508687193596,0.9980215218507825,0.9876792756075189,0.9317490955579992,0.9558754481048564,0.9979395411577954,0.9994512632438434,0.9964247443099089,0.9932790662264448,0.9964683884209544,0.9994254038768823,0.9988154041087235,0.9983345372479072,0.9978191468607073,0.9979617493770404,0.9963080742120223,0.9948757798378778,0.9979698006244979,0.9987763038057399,0.9929735610962872,0.999163442028431,0.9965824871990216,0.9980981046985129,0.9995210893546109,0.9991596875044406,0.998774248578918,0.9842922695083159,0.9999999999999999,0.9997901734687719,0.9971946418209003,0.9928671121919367,0.9966953601968097,0.9947978421572188,0.999054165140605,0.9965705428317606,0.997586589037048,0.9991559315186254,0.9972705263402196,0.9984703036825557,0.9678440324008883,0.9935450246507253,0.9892305325712152,0.9938783942921228,0.996933540707212,0.8905982534910084,0.9963099600633216,0.9987523315191064,0.9978339516141878,0.998499712007465,0.9981497796512312,0.9995891602205018,0.965752911658832,0.9939421623037344,0.9935294964394755,0.9871597724796005,0.9984854555172206,0.9957879574009412,0.9964093878969006,0.9916362272840079,0.993543700271773,0.9957924144782836,0.9983419102416666,0.9981933285951465,0.9991603749338515,0.9985468085062824,0.9976548507612062,0.9996056639502783
HBHC,0.9970042788232496,0.9983419863696366,0.9880422710654103,0.9305863627234746,0.954397410958549,0.9978565634048759,0.9994499623305405,0.9963684616675447,0.9931918106500468,0.9964198854334347,0.9996068557784723,0.9988837554118762,0.998665750698906,0.9985727954615758,0.9982356458355262,0.996639008393475,0.9957481999542268,0.9984995789394087,0.9988309348811613,0.992865961796165,0.9989807353589715,0.9967159795506577,0.99872687620089,0.999662477243392,0.9993108337042904,0.9985633825438226,0.9838918782505597,0.9997901734687719,0.9999999999999997,0.997741882818604,0.9927146069638784,0.9958323983144004,0.9958809468751371,0.9993454870103344,0.9964102176773741,0.9975952286626055,0.9988880502282601,0.9974881178704939,0.998380611632488,0.9669224098035795,0.994419093016206,0.9896611090289323,0.994374098971816,0.9967918495442125,0.8901925481006496,0.997207076113365,0.9989570312299233,0.9981557745927615,0.9990931811261982,0.9985247734607215,0.9996246425590393,0.9646754495103153,0.9945755874196603,0.9929786050500468,0.9871765694706334,0.998902633041833,0.99668998953422,0.9962981139910213,0.9922763383261407,0.9943283878121361,0.9960261604125392,0.9982206256430816,0.9986878209481872,0.998949418267208,0.9987883392792121,0.998181855238415,0.9997914172629806
HOMB,0.9991071804252809,0.999350439129611,0.9924460170329611,0.9220525161854106,0.9441295005146186,0.9930313448916415,0.9980430503364517,0.9918292414020636,0.9875104230328927,0.9907110630936158,0.999040816810811,0.9952743046212136,0.9978155571925712,0.9980530943443293,0.9978257893332024,0.994314944887717,0.9956424303297615,0.998820273865553,0.9950850687654736,0.989093687562949,0.995935003933416,0.9923331389737537,0.9994807271280213,0.9989791674423134,0.9992358452978916,0.9957744072188491,0.9744476897989199,0.9971946418209003,0.997741882818604,1.0,0.9953017849622323,0.9887731498389842,0.9961934554169298,0.9988814594568212,0.9906048485303417,0.9932263742090044,0.9958828842546948,0.9982758891661541,0.9978485103827505,0.9546142543197514,0.9973769488327539,0.9902813614636312,0.9910113775711981,0.9909865135139246,0.8981175986845323,0.9952148250567484,0.9990285410907855,0.9980548897461717,0.9985952409199739,0.9996760359002598,0.9988373381424592,0.9515098468994845,0.9968860096265756,0.9853870485251794,0.9917871274930332,0.9995309377800159,0.9989851693610378,0.9906933679380143,0.9956331620359807,0.9971292534698948,0.995873975769088,0.9937756342091632,0.9965154995494518,0.9979025036877035,0.9949651157787849,0.999848232380881,0.9980837059194582
HTH,0.9961316494684007,0.9945294443634848,0.9856192176311942,0.9126196631479786,0.9528779454591662,0.9877306048469885,0.9939353917339664,0.9878170231146985,0.9828703819138255,0.9855048497630484,0.9943047775537279,0.9902372588751053,0.9936038680922032,0.993160075071263,0.9955277225122691,0.9913215334444039,0.9950975814568155,0.9937641262125176,0.9908373704577056,0.9844401528568378,0.9905195542352283,0.9873950904304648,0.9949771942950345,0.9945984951069449,0.9940352716974605,0.991428211721784,0.9697851526355289,0.9928671121919367,0.9927146069638784,0.9953017849622323,0.9999999999999998,0.9834696330588761,0.9908774368954056,0.9938753179520401,0.9859180583625299,0.9886455613869928,0.9928074176354281,0.9942211465946047,0.993384358715,0.9506921377097424,0.9935212369851462,0.9854540041657222,0.985228856434619,0.9866372116141845,0.9321228822939482,0.9851635123352835,0.993930971256142,0.993197124986349,0.9938629076369839,0.9943583872146501,0.9946529044427899,0.9449026581078167,0.9930621181331978,0.9806889471482059,0.9987049023241064,0.9956517436058998,0.9939479778408303,0.9863077881263913,0.9981503288296362,0.9912631292744849,0.9904473863027695,0.9894190463572946,0.9923788357202922,0.993384899841861,0.9904905032997665,0.9945248377982151,0.993394452663406
