Ticker,ABCB,ABTX,AJX,ALTA,ARI,AXP,BAC,BBT,BK,BOH,BOKF,C,CFG,CFR,CIT,CMA,CNND,COF,DFS,EWBC,FCNCA,FFIN,FHB,FITB,FMAO,FMBH,FNB,GBCI,GS,HBAN,HOMB,HTH,HWC,IBKR,IBOC,ISBC,JPM,KEY,LARK,MBWM,MCBC,MS,MTB,NAVI,NKSH,NTRS,OPY,PACW,PBCT,PGC,PNC,PNFP,PROV,RF,SCHW,SFBC,SIVB,SLFC,SRCE,STBA,STT,SYF,TCBI,TFSL,TSC,UMBF,UMPQ,USB,WAL,WFC,WSBC,ZION
ABCB,0.9999999999999999,0.9993139843526289,0.9947842809978673,0.9926591744891582,0.8832009030890191,0.9623196302970869,0.9677405788782604,0.9970970026731201,0.930554437421291,0.9942201795502857,0.9903509546653682,0.9637179686249985,0.9994413578161276,0.9829762905380506,0.998636740786343,0.9959483477921747,0.9985269174485731,0.9954880745622732,0.9941827180852196,0.9989121695767992,0.9980276849657115,0.994028003707012,0.9966882469129144,0.9937780139795511,0.9991573201363644,0.9993829372848723,0.9994438692731549,0.997363756224478,0.9197265995002811,0.9990856768795376,0.999064313741827,0.9828192869255266,0.9982428834403977,0.9837934933920529,0.9900480954921912,0.9973852936706467,0.9616047287641918,0.9967425340448627,0.9972648586208676,0.9994438249841613,0.9925469794467576,0.8987493452110749,0.9988860235132446,0.9926514617558113,0.9918344842364966,0.9489495136579482,0.8256053140041764,0.9973863322715705,0.9992620446282198,0.9989744685561308,0.9916664771910884,0.9995273273364098,0.9952711933281286,0.995985492162393,0.9060108042894526,0.9992630111525677,0.9728220770694098,0.9872126689953066,0.9993169909351696,0.9978587725490733,0.9217453869592275,0.9962686869443756,0.9975015507184232,0.992643071768502,0.9963650040415174,0.9903013982837311,0.9984930229550248,0.992969586591555,0.9988311861686379,0.9860680741576057,0.9990702449334359,0.9986589268059305
ABTX,0.9993139843526289,1.0,0.9946675400712173,0.989893853299462,0.8713886837833672,0.9523562930881124,0.9621322927504901,0.9950755080361625,0.9219351023368039,0.9923786979145371,0.9869358440077298,0.957686467537981,0.9990067741577648,0.9789321673548819,0.997496072642297,0.9943918290909874,0.9991024706539677,0.9923246188880488,0.9923428465495676,0.9988835267943178,0.9969720627609789,0.9961489889788803,0.9952095995399112,0.9912544230651438,0.9988439714584214,0.9994119014867109,0.999367174037454,0.995443073032545,0.9102224047631974,0.9982925323969444,0.9978031680915357,0.9757469721560539,0.9974137464245673,0.9802071996843496,0.9870737616656106,0.9991259131965706,0.9552606388083321,0.99493702683002,0.9949091620870019,0.9998608673025381,0.9900650392543073,0.8878397436030669,0.9983185394971055,0.9957508780010123,0.9892333946027903,0.9415604122082575,0.8080927681277967,0.9959311579463158,0.999386225479031,0.9998479636028691,0.9887099824309032,0.9991989291419752,0.9962404956076248,0.9938414399596747,0.8963875852539516,0.998688307415336,0.9675801685043558,0.9842248691179675,0.999586676402902,0.9991822739323282,0.9125816142053745,0.994214164730988,0.9968596291003329,0.9958210063161557,0.9987115872397999,0.9870611137659469,0.9989716003283595,0.9903362991599113,0.998694434565107,0.9823895591297737,0.9983447866700039,0.9978949127877275
AJX,0.9947842809978673,0.9946675400712173,1.0000000000000002,0.9826092440146293,0.875435715456292,0.9476210420961616,0.9530233597679345,0.9896473770387388,0.9123701758512061,0.983204366957776,0.980096884966745,0.9482805887398392,0.9933954338612131,0.9707242219704847,0.9907421728588396,0.987276759552535,0.9923194942302098,0.9880954479926255,0.9875246379381957,0.9920688554617563,0.9892710876757403,0.9929850174801235,0.9887281996897161,0.9845180330797797,0.993714489420849,0.9929082972251213,0.9942153008503828,0.9894919065031111,0.8995394021936037,0.9919752732006613,0.9942691152564819,0.9717200281770855,0.9901692721714923,0.9716516562926215,0.9824770109698538,0.9934722562679603,0.9453534141111183,0.987973612606436,0.988433223955017,0.9932701162277806,0.9820265576095609,0.8778267624531467,0.9923400877684209,0.9873405874502602,0.9836843047682989,0.9309204730655045,0.8145574387790121,0.9894710393375122,0.993524282908342,0.9928466937666238,0.9821981580719491,0.9947643541151081,0.9904687189387229,0.9869544290685565,0.8863249298929099,0.9919166651970929,0.9577650584821192,0.9838152681525468,0.9948487958731523,0.9942267847655186,0.9018652367352715,0.9909802155099208,0.9886055847270885,0.9911360237909923,0.9913268381763247,0.978793643248548,0.99242196692583,0.9829667040424688,0.9914878800011673,0.9741630442208794,0.9948820505192374,0.9908178516135897
ALTA,0.9926591744891582,0.989893853299462,0.9826092440146293,0.9999999999999999,0.9237575341850756,0.9757676954348308,0.9904867686120573,0.9986160338065125,0.9668691801282107,0.999496586347809,0.9997553330170448,0.9884717247521758,0.9950878161214296,0.9977441550059507,0.9968626075655981,0.9984809725970618,0.9876318160324232,0.9982838353856431,0.9882275148695241,0.9946998132495503,0.997625274611537,0.9756138061408555,0.9983110743527891,0.9998545752351755,0.9939427645529785,0.99394199280688,0.9937752981114039,0.9985445786970812,0.9592872831075677,0.995781318599813,0.996171971384052,0.9908935355917444,0.9972101121352801,0.9968561485239649,0.9981628197102872,0.984050608900626,0.9871094244786088,0.9990729296735258,0.9984868222322784,0.9913455315489405,0.9987778457055951,0.9431387783992885,0.9953297025944018,0.9748749471325453,0.9992522637871213,0.9793287537394149,0.8247969765644766,0.9978817144359964,0.9935565761357313,0.9903685602982644,0.9997794492100671,0.9943952782569766,0.9871404791198725,0.9989475114376966,0.9486275137286556,0.995541566750749,0.9929094556032287,0.969195129112787,0.9901685304167794,0.9864994553129317,0.9606190605296231,0.9872398393096358,0.9974762681158555,0.9740206392604622,0.9829266120300315,0.9996278726512241,0.9877127146436742,0.9995030593366848,0.9938738597267995,0.9988065522446893,0.9953829661471035,0.996925674644414
ARI,0.8832009030890191,0.8713886837833672,0.875435715456292,0.9237575341850756,1.0000000000000002,0.9375397564538052,0.9620932003131728,0.9134730280638134,0.9799403163540432,0.91229768997981,0.9300740848153886,0.9635899819282577,0.8911762647721574,0.9446910073314203,0.9002759676921621,0.9025492073923923,0.8585700212817214,0.9127252939735054,0.8664846849664588,0.8838285697481417,0.8973107102940948,0.8298264249719731,0.9129527105860643,0.9189262305042322,0.8817392083646556,0.8851717853820507,0.8880040385116906,0.9117488496958192,0.9795834535387649,0.8967002532719638,0.8974254717401615,0.9340029859172191,0.9000172016866882,0.9452165224238158,0.9185233755494648,0.8505519522662713,0.9653411410305417,0.9085702614353834,0.9115507249850446,0.8751424532366056,0.9270792564805534,0.9845760500421711,0.8863257033692983,0.824077302864003,0.9194073839001945,0.9711903577430109,0.7785257544017917,0.9100783641752098,0.8864020683633592,0.8702024987555267,0.9241514431254553,0.8892281858733145,0.85492556834227,0.9171032304607589,0.9861446632955209,0.8882919515046334,0.9571716706838531,0.8405263108205653,0.8694001844060404,0.8568127926408085,0.980464973335296,0.8687599750352322,0.9002377690980822,0.8248347016824911,0.8483659379833104,0.9310408884635585,0.8718831690455612,0.9155674252132131,0.889777028867276,0.9366696120087878,0.8952730295155589,0.8960637495131941
AXP,0.9623196302970869,0.9523562930881124,0.9476210420961616,0.9757676954348308,0.9375397564538052,0.9999999999999998,0.9778177082595334,0.9728290736384734,0.9677833742746885,0.971208494176415,0.9789094923536694,0.9776574083427747,0.9621380756807693,0.9784739566045552,0.9681189964833813,0.9692583006360384,0.9526586621303998,0.9787737126914079,0.9651496617736088,0.9587866142357946,0.9669142560571902,0.9327722942736383,0.9687400729334819,0.9749860370187086,0.9605162971922574,0.9589644598983393,0.9589817102202539,0.97157717298733,0.9645213665861353,0.9647243791160575,0.9661573570831801,0.9955411535275006,0.9658324830033668,0.9752613116806984,0.9741824570194084,0.9419811198497032,0.9777426811329014,0.9716848878877445,0.9747739148181709,0.9551370543908138,0.9734443407832726,0.9557154187696307,0.9628513550566544,0.9271268381740311,0.9734976442145391,0.975383161577439,0.9174107168302256,0.9686728434594758,0.958058461732421,0.9519363120159652,0.9760781966035671,0.9603814054022609,0.9478754386783511,0.9734125962610007,0.9531118545131794,0.9633750749002051,0.97878412438982,0.9588065170156481,0.9549951134780285,0.946452223825232,0.9644896339465953,0.9675419111244158,0.9643941078786895,0.9256263544736125,0.9376293031160864,0.9780416743231916,0.952470957292709,0.9753284837926356,0.9588178470756978,0.9792414391439399,0.963310839727562,0.9648586721978356
BAC,0.9677405788782604,0.9621322927504901,0.9530233597679345,0.9904867686120573,0.9620932003131728,0.9778177082595334,0.9999999999999999,0.9838964177263773,0.9925272924161479,0.9870030355007694,0.9926561980643774,0.9997971951560841,0.9732337135928943,0.9974668342901178,0.9783639396859658,0.9820164098236854,0.9571103747750815,0.9836143243006973,0.9609465958193797,0.9714877453715434,0.9789857279573331,0.9364310478033516,0.9838535333253394,0.9885230810547848,0.9695102875358262,0.9707012369898512,0.9707354685180799,0.9833288321790118,0.9883893540158218,0.9757791464895389,0.9754649978731668,0.985571761801163,0.9790025028382076,0.9962570200065697,0.9873244799415635,0.9509662852393814,0.9996257704881037,0.983832510001547,0.9834371433370518,0.965106766451635,0.9901206568375777,0.979305640325403,0.9726649224686533,0.9363673540507633,0.9883667459808221,0.9975842318212864,0.8155054323022264,0.9823087043751761,0.9704170243087609,0.9630982593306654,0.9905114822300102,0.9714788923261163,0.956750963783169,0.986091020245564,0.983065410768111,0.9734734822098695,0.9996082204192926,0.9334264739407407,0.9617746716570872,0.9550840510011404,0.9893969830528403,0.9590252596128,0.979978337488198,0.9344705094818514,0.9500836971611115,0.9931945649773505,0.9603488130352613,0.987817681910909,0.9720763319073001,0.9955447620078794,0.9740901515462761,0.9773833514323401
BBT,0.9970970026731201,0.9950755080361625,0.9896473770387388,0.9986160338065125,0.9134730280638134,0.9728290736384734,0.9838964177263773,1.0000000000000002,0.9552779810633261,0.9986174914834065,0.997653421260577,0.9809244967718033,0.9984844581172019,0.9939174649128191,0.9994158146581481,0.9983739547033014,0.9927482551229567,0.9985381819055876,0.9904219539894241,0.9974138883166067,0.9989586339636312,0.983525560801646,0.9997155354523309,0.99886526581844,0.9970545987267148,0.9976632603046953,0.9978041407242321,0.9998929032517193,0.9461685580144533,0.998950371424672,0.9987977410033758,0.9898339700987009,0.9993288671758429,0.994238624901252,0.9958501738071739,0.9903147977830187,0.9792859527297404,0.9995585524216025,0.9997423171445802,0.9959577204747971,0.9985373126571843,0.9286808977887716,0.997751583730896,0.9823888129904663,0.9974688489155945,0.9697088750341669,0.8266626720333309,0.999704284693172,0.9976053279749378,0.9950616535451369,0.9979038226250211,0.9980444973620024,0.9904101517653279,0.9997946903055208,0.9351642841385467,0.9982406477870241,0.9872446394789725,0.9770644199313067,0.9948549393229643,0.9919610614120411,0.948026837944487,0.991535546859827,0.9990530457028902,0.9821311059996276,0.9893626002425508,0.99775159412916,0.9938728264888435,0.9979569341965179,0.9975836230512781,0.9955563021922264,0.9986035217833652,0.9990280913497765
BK,0.930554437421291,0.9219351023368039,0.9123701758512061,0.9668691801282107,0.9799403163540432,0.9677833742746885,0.9925272924161479,0.9552779810633261,1.0,0.9605694478593696,0.9714326800015634,0.9943011151683048,0.9382050185584577,0.9815134095160843,0.9461688274227142,0.9529341719033206,0.9154233060120262,0.9567312946021012,0.9249241012422631,0.9357028430275884,0.9472692763460021,0.887480864557699,0.9548130910366489,0.9635891824153144,0.9332598683511909,0.9342862054062611,0.9344261912996767,0.954204460691845,0.9994042145991323,0.9420524538811651,0.942281431037944,0.9676476469678706,0.9469670158476725,0.9788806653622358,0.9641862792776422,0.906422686361021,0.9950947863961347,0.9551912654154434,0.9547191423575933,0.9261375799852761,0.9658703241452599,0.9965657942925433,0.9379154052782418,0.8867941804698547,0.9644315537418134,0.9983596054542945,0.8061950023869725,0.952331372106251,0.9338784799657994,0.9232090989810664,0.9675937325354934,0.9357168502776041,0.9163780896303807,0.9587436238212406,0.997646253273946,0.9387343287410854,0.9894450595858185,0.8902044125268933,0.9219271495532807,0.9124592589044911,0.9996670920522532,0.9214482235047642,0.9484360047250662,0.884420881004718,0.904961075764261,0.9718591816599776,0.9196383865786079,0.9630874728763742,0.936329150030641,0.9774040616750398,0.9399735253615575,0.9445163938740527
BOH,0.9942201795502857,0.9923786979145371,0.983204366957776,0.999496586347809,0.91229768997981,0.971208494176415,0.9870030355007694,0.9986174914834065,0.9605694478593696,0.9999999999999999,0.9986798931512861,0.984713181535902,0.996520858620478,0.9958196165594374,0.9978427655716842,0.9992614369793952,0.9907563815793949,0.9978157773502151,0.9900179757449091,0.996697529994374,0.9988807519665107,0.979695809989063,0.9986046143996935,0.9995800418277557,0.9957348828245325,0.995850486007268,0.995370348356673,0.9987292159392173,0.9525202983163913,0.9969652544135578,0.9968750969896122,0.9879654918936807,0.9983470776691915,0.9950954021552751,0.9974091543243632,0.9876327776747154,0.9831834266555313,0.9995328693173842,0.9986171558879124,0.9937720768744049,0.9982818285958684,0.9349261257441877,0.9969705618794302,0.9800637557202974,0.9987385314023479,0.9745133016844651,0.8179462557661961,0.9983160101771232,0.9953490783086828,0.9931535356864749,0.9990847047072705,0.9957969504541102,0.9903188949431262,0.9989159710453182,0.9409737003892165,0.9972049810790803,0.9899952061984878,0.9708161981765445,0.9925568593210716,0.9896497742385515,0.9539738145825044,0.9887084096812331,0.9987660220406994,0.9787259834794148,0.9869374616577201,0.9987304225713649,0.9902185733054376,0.9993951450225272,0.995623980778893,0.9974101457738452,0.9962897738884788,0.9982450378431423
BOKF,0.9903509546653682,0.9869358440077298,0.980096884966745,0.9997553330170448,0.9300740848153886,0.9789094923536694,0.9926561980643774,0.997653421260577,0.9714326800015634,0.9986798931512861,0.9999999999999999,0.99099534592224,0.9930021846884931,0.9986304361902986,0.9952503014504082,0.9974457543637335,0.9845580465559128,0.9979422986124908,0.9866249997712233,0.9924229397309395,0.9960404014317171,0.9713898652478156,0.9970680793720396,0.9994922302149781,0.9918159851934485,0.9915557961086499,0.991439270813653,0.9973955540991984,0.9643952581453226,0.9938401724882738,0.9945458550261238,0.9923391702565599,0.9955428851825597,0.9972937985737218,0.9983327238868033,0.9803642172185892,0.9897263844321506,0.9980661674654449,0.9974692876130133,0.988526499075636,0.9981852464646009,0.9492450510800448,0.9934058869047508,0.9701059968779571,0.9991415553057772,0.9828218686207757,0.8304551918277722,0.9964992911253385,0.9911511111851206,0.987375860612768,0.9997439904808084,0.9922273262317077,0.9844260086820898,0.9980580932886449,0.9540730329145636,0.9935108449884905,0.9945609613490071,0.9667224148410904,0.9874431240476018,0.9832945691939304,0.9655737069162297,0.9854743552171604,0.9957807644600214,0.9694272747183954,0.97892670003105,0.999679339709344,0.9845005535071117,0.9992225047768262,0.991396949916919,0.9994935651102188,0.9936013332581431,0.9951225722038956
C,0.9637179686249985,0.957686467537981,0.9482805887398392,0.9884717247521758,0.9635899819282577,0.9776574083427747,0.9997971951560841,0.9809244967718033,0.9943011151683048,0.984713181535902,0.99099534592224,1.0000000000000002,0.9694554698348798,0.9962707504769097,0.9749127787740175,0.9796113846637787,0.9528447298519741,0.9813798533065966,0.9582942421021068,0.9679163843047494,0.9759516916358777,0.9311831556361492,0.9806898094863669,0.9864361366363948,0.9659824307125253,0.9667469124629031,0.9666829175893422,0.9802904183286332,0.9907777412594009,0.9720351052661639,0.9721053163286736,0.9842224727499679,0.9756388069613727,0.9944341641973197,0.9859316767930749,0.9461348520575813,0.9998959541508241,0.9811697944543468,0.9805093786850798,0.9608280367857063,0.9874751220071564,0.9822664211708365,0.969359236501955,0.9309183744826645,0.9866405259725334,0.9985834089227563,0.8166393423654672,0.9790125065308122,0.9663354793920103,0.9587656099702385,0.9887466440428657,0.9676325461298042,0.9532633933278805,0.9832149814102077,0.9854023868201376,0.9699766144926447,0.9989996285883223,0.9290938259240484,0.9576734596147591,0.950676838755313,0.991539331247739,0.9556788878699938,0.9767227087512911,0.9289722329542052,0.9450033543142108,0.991307663556799,0.955430107503271,0.9859960840491945,0.9679694767055959,0.9942601849900068,0.9704911688404144,0.9740301704080141
CFG,0.9994413578161276,0.9990067741577648,0.9933954338612131,0.9950878161214296,0.8911762647721574,0.9621380756807693,0.9732337135928943,0.9984844581172019,0.9382050185584577,0.996520858620478,0.9930021846884931,0.9694554698348798,1.0000000000000002,0.9869749588074874,0.9995756021007335,0.9974744723364508,0.9974323331467927,0.9962321347047711,0.9925509714123057,0.9995138033005347,0.9991405385843442,0.9916178429978268,0.9984973287428929,0.9959425068932423,0.99926439628627,0.9998808724697138,0.9998910046385723,0.998648122829199,0.9276463848243189,0.9998050245886355,0.9994194113882872,0.9828660694844886,0.9995525478692264,0.9878241085108054,0.9922818346805116,0.9964062715521698,0.9673688410242648,0.9982697894249861,0.9982452114806073,0.9993397345742828,0.9951429028986742,0.9073921886117089,0.9993078243131488,0.9910346754352274,0.9942229833630071,0.9555140300991314,0.8155816115794159,0.9988667015096987,0.999834679336252,0.9989665435226519,0.9941153474371781,0.9998945151038707,0.9949178833394823,0.9977443618497931,0.9151112603628604,0.9997257284675645,0.977723851416089,0.9816199494409202,0.9986459350741265,0.9971834641824613,0.9297945652320206,0.9939707006773674,0.9991716698648648,0.990918935338927,0.9958168501210619,0.9931358325722346,0.9978438640001183,0.9950375586209222,0.9994472130357351,0.989610310745251,0.9996581713981687,0.9996703718098542
CFR,0.9829762905380506,0.9789321673548819,0.9707242219704847,0.9977441550059507,0.9446910073314203,0.9784739566045552,0.9974668342901178,0.9939174649128191,0.9815134095160843,0.9958196165594374,0.9986304361902986,0.9962707504769097,0.9869749588074874,0.9999999999999999,0.9903621628313523,0.9928026959694382,0.9751790867492153,0.9933751376654336,0.9769504198115343,0.9858690513816168,0.9909742240687899,0.958982079205259,0.9938244165882706,0.9966971388188703,0.9844581184969392,0.9851770717094264,0.9851314141582833,0.9936023582531683,0.9754932867901139,0.988585831985432,0.9885107733517094,0.9902958872555416,0.990874811168254,0.9990900120070738,0.9951004692703519,0.9704783622039784,0.9954737363181043,0.9940591223221541,0.9935670168441114,0.9811117541940527,0.9970997446982817,0.9627358948187852,0.9866943500964183,0.9586836841874117,0.9962589687356838,0.9904156892381307,0.8204127625121986,0.9928418281310599,0.9848783425394064,0.9796502718737385,0.9975967544497684,0.9857578994018408,0.9746567105088954,0.9951773280951558,0.9675755819384134,0.9872448715487285,0.9985345227823826,0.9536894300520926,0.9787810279109743,0.9736949549212813,0.9767411722516267,0.975603594156388,0.991496155641918,0.9573319747480277,0.9695681593714992,0.9988961929101084,0.9770090164143838,0.9960988761018358,0.9858579204360932,0.9995724645379357,0.9875178309989814,0.989895910183435
CIT,0.998636740786343,0.997496072642297,0.9907421728588396,0.9968626075655981,0.9002759676921621,0.9681189964833813,0.9783639396859658,0.9994158146581481,0.9461688274227142,0.9978427655716842,0.9952503014504082,0.9749127787740175,0.9995756021007335,0.9903621628313523,0.9999999999999999,0.9979744445262707,0.9957923136021366,0.997291725103085,0.9915854981535006,0.9987551810256452,0.9993961421226117,0.9879444827023691,0.9993467851311296,0.9973866353864913,0.9983275611924973,0.999244296139839,0.9991733496740276,0.9994559260064294,0.9363333434768497,0.9998320894748768,0.9990311876471132,0.9866363251296466,0.9998619885600386,0.9911643397649604,0.9934957813786479,0.9939056823247027,0.9731083795368477,0.9991021465808488,0.9993179082444136,0.9982309818375541,0.9971565549236796,0.9173680944533348,0.9987371848236828,0.9877087378639375,0.9954790437289189,0.9623786403522243,0.8225665193800651,0.9995869469060291,0.9991552020522956,0.9976253155740579,0.9958209745588195,0.9991246523672573,0.9927939098984957,0.9990778423632921,0.924455053935779,0.9993736238534249,0.9824749717407427,0.9799594337724766,0.9970647310737816,0.9949362909001196,0.938426674744855,0.9930652587690418,0.999558086505858,0.9870715157770275,0.9933662343503283,0.9956111884379368,0.9967178428015083,0.9964783671139508,0.9990689592842024,0.9926032095700961,0.9991336073840573,0.9997038622603478
CMA,0.9959483477921747,0.9943918290909874,0.987276759552535,0.9984809725970618,0.9025492073923923,0.9692583006360384,0.9820164098236854,0.9983739547033014,0.9529341719033206,0.9992614369793952,0.9974457543637335,0.9796113846637787,0.9974744723364508,0.9928026959694382,0.9979744445262707,0.9999999999999999,0.9935952575068164,0.998650458121883,0.9941010867580433,0.9981120460754127,0.9993845852221571,0.9846205925015179,0.9978460163351498,0.9991706274496202,0.9979022518879623,0.9968698115884199,0.9964344187864551,0.9984166100984618,0.9443344617826528,0.9972348595677095,0.9983026010591954,0.986915717087976,0.998411109646131,0.9912877234422739,0.9981056537496216,0.9907759812099294,0.9776700158609002,0.9995724314926534,0.998280656054129,0.9952814152858592,0.9960513063513132,0.9253693725437552,0.9987099206540099,0.9836173347191213,0.9988652794261337,0.9680247042073941,0.8231009038610436,0.9977195913482595,0.996301781358289,0.9948836915918958,0.9984632347796458,0.9971912996459837,0.9943674794053039,0.997934069959617,0.9311913710282967,0.9983620831480516,0.9851939604449605,0.9759633577667379,0.9952914329891204,0.9929664679515385,0.9456168572082501,0.9924645990680768,0.9985721294695561,0.9832707270915788,0.9894099148410486,0.9967402100617,0.9912310670285406,0.9993111637969151,0.9957997543695986,0.9952679678573024,0.9976879869289647,0.998742980546777
CNND,0.9985269174485731,0.9991024706539677,0.9923194942302098,0.9876318160324232,0.8585700212817214,0.9526586621303998,0.9571103747750815,0.9927482551229567,0.9154233060120262,0.9907563815793949,0.9845580465559128,0.9528447298519741,0.9974323331467927,0.9751790867492153,0.9957923136021366,0.9935952575068164,1.0,0.9914559803150695,0.9951910629438606,0.9980908730675447,0.9959721018475755,0.9973467234222868,0.9923432021939705,0.9893870120944435,0.9984732048034465,0.9980561899632547,0.9975578348476944,0.9931955877212424,0.9040036140221932,0.9963945956295843,0.9963488527992124,0.9749965498616819,0.9955685781822122,0.9754647252743677,0.9857872422688772,0.9992376511143627,0.9503250886814072,0.993416429249122,0.993159870119767,0.9990160078346011,0.9865568486816144,0.8804973768119377,0.9978850119130439,0.9969143931219042,0.9874625817905817,0.936294279078112,0.8188882288748367,0.993289969781238,0.9976309544799953,0.9991730973718511,0.986655366326634,0.9976020717394297,0.9977266662600112,0.9912673758624886,0.8879779979833455,0.9979225402304774,0.9629574495176966,0.9879249889406198,0.9995539108654443,0.9993565218100992,0.9059838023679048,0.9962887607314062,0.994971166938974,0.9965475242400056,0.998383789592008,0.9842918071599468,0.9976350950365542,0.9891808460219401,0.9967107499721999,0.9795575257902626,0.9965172691350379,0.9964920615471993
COF,0.9954880745622732,0.9923246188880488,0.9880954479926255,0.9982838353856431,0.9127252939735054,0.9787737126914079,0.9836143243006973,0.9985381819055876,0.9567312946021012,0.9978157773502151,0.9979422986124908,0.9813798533065966,0.9962321347047711,0.9933751376654336,0.997291725103085,0.998650458121883,0.9914559803150695,1.0,0.9942413868638106,0.9958253759290838,0.9978717088478268,0.9817903907865746,0.9971546698249939,0.9988888240512388,0.996374246358502,0.995027887564379,0.9949928096481592,0.9982765021954475,0.9485787797223795,0.9963120735194803,0.9979865787787731,0.9930906247276833,0.9970841841522051,0.9916841865013843,0.9981009424116613,0.9876370667466319,0.9796576725345851,0.9988638967006408,0.9986363472913685,0.9932082443795985,0.9958830681133019,0.9311771304678098,0.9971601193297784,0.9787552501544107,0.998475167377625,0.9707354830142212,0.8464780564003634,0.9971482916153083,0.9945565217088626,0.9921999183674449,0.9984143289647892,0.9959858471598773,0.9910778068364351,0.9978935439502677,0.9356468460244357,0.9968358719439422,0.9864891987812076,0.9803238893241171,0.9936166578382203,0.9902456557858443,0.9496572828413737,0.994053430887135,0.9966283254772754,0.979023434604975,0.985359616807248,0.9969338286061461,0.9896862218836542,0.9988638329360611,0.9940111171215161,0.9956397176378589,0.9970089046413382,0.9972206442699829
DFS,0.9941827180852196,0.9923428465495676,0.9875246379381957,0.9882275148695241,0.8664846849664588,0.9651496617736088,0.9609465958193797,0.9904219539894241,0.9249241012422631,0.9900179757449091,0.9866249997712233,0.9582942421021068,0.9925509714123057,0.9769504198115343,0.9915854981535006,0.9941010867580433,0.9951910629438606,0.9942413868638106,0.9999999999999998,0.9942023137190347,0.9936507933747031,0.9904468669120141,0.9881920315302348,0.9902955122277486,0.9959470082993925,0.9922553961729158,0.9915155823624765,0.9905326661429912,0.9157232400605314,0.9910986241221615,0.9942605269993674,0.9819942887337949,0.9913120757440258,0.9736569747752878,0.9908241931314646,0.9917254103015984,0.955785179234295,0.9923823531111918,0.9913281184914141,0.9924726120614256,0.9831621095848828,0.8934382541614518,0.9958029676488094,0.9867342889972694,0.9902871010408858,0.9437779593085769,0.8518229195818494,0.988944757473494,0.9911425149276586,0.9922760669600338,0.9887874898808375,0.9929379949166841,0.9965894068162978,0.9884710164774841,0.8972560139422041,0.9944561971120562,0.9654701192227848,0.9898927050141986,0.9953423224710521,0.9938726361670681,0.9162635724711735,0.9985947174919678,0.9905326175116685,0.9872048437675466,0.9885752060528256,0.9844773634669677,0.9882771632127018,0.9915834261304997,0.9895065487775727,0.9818711208263092,0.9929636178240561,0.9927733010063622
EWBC,0.9989121695767992,0.9988835267943178,0.9920688554617563,0.9946998132495503,0.8838285697481417,0.9587866142357946,0.9714877453715434,0.9974138883166067,0.9357028430275884,0.996697529994374,0.9924229397309395,0.9679163843047494,0.9995138033005347,0.9858690513816168,0.9987551810256452,0.9981120460754127,0.9980908730675447,0.9958253759290838,0.9942023137190347,1.0000000000000002,0.9993308571458086,0.9926334505373863,0.997451407430803,0.995752183963713,0.9996874066391268,0.9995970856234299,0.9992818661470911,0.9977688306801679,0.9253273814585097,0.9989625852221753,0.9990710546472399,0.9804148780638008,0.9990464908376637,0.9859588252979115,0.9928862076345641,0.9970354702893381,0.9657004152414589,0.9980840605712682,0.9973314030101256,0.9992302844541504,0.9937135031932186,0.9040801623335272,0.9997684555016493,0.9924166775262717,0.9945007542854453,0.9535951450624659,0.8105719673794656,0.9977962940853128,0.9992765937276974,0.9991413230616528,0.9940018513409856,0.9994972057451591,0.997010760118676,0.9966041743646327,0.9116726767853969,0.9998278151482418,0.9760687119011949,0.980956951632219,0.9989933882233843,0.9978985905693155,0.9271973207090732,0.9941821292547824,0.9989449324655685,0.9920660751734145,0.9963761334616632,0.9922599798345099,0.9968614563756525,0.9953609105096163,0.9987933329602765,0.9888853331577171,0.9990770641540593,0.99954194579444
FCNCA,0.9980276849657115,0.9969720627609789,0.9892710876757403,0.997625274611537,0.8973107102940948,0.9669142560571902,0.9789857279573331,0.9989586339636312,0.9472692763460021,0.9988807519665107,0.9960404014317171,0.9759516916358777,0.9991405385843442,0.9909742240687899,0.9993961421226117,0.9993845852221571,0.9959721018475755,0.9978717088478268,0.9936507933747031,0.9993308571458086,0.9999999999999999,0.9879684971221746,0.9988208834441188,0.9982618982436593,0.9988585682004625,0.9988562047248168,0.9984852955248742,0.9991767453047294,0.9379443028251473,0.9990907420745219,0.9990806909285526,0.9857937818697917,0.9996172986580132,0.990728779809817,0.9955715382894025,0.9937903292874987,0.9740822395778305,0.9996106695483297,0.9990286494554543,0.9977970630941401,0.9966029978929581,0.9184046074048974,0.9994255766257819,0.9878249408943918,0.997049283732447,0.9635022771490332,0.8196633663464544,0.9989528054218962,0.9984494447737262,0.9973914244937176,0.9970140553391137,0.9987837094273235,0.9947749543874624,0.9986045802231823,0.925068541276671,0.9996166957837515,0.9829435146017521,0.9788968563892334,0.9971692413662294,0.9951317471463417,0.9396202989334609,0.9933730619180221,0.9996343418336532,0.9870036604888212,0.9930081298401905,0.9959807766574509,0.9951096440970238,0.9979506728046358,0.9983182979697337,0.9934204510230122,0.9987741659063375,0.9998460164871175
FFIN,0.994028003707012,0.9961489889788803,0.9929850174801235,0.9756138061408555,0.8298264249719731,0.9327722942736383,0.9364310478033516,0.983525560801646,0.887480864557699,0.979695809989063,0.9713898652478156,0.9311831556361492,0.9916178429978268,0.958982079205259,0.9879444827023691,0.9846205925015179,0.9973467234222868,0.9817903907865746,0.9904468669120141,0.9926334505373863,0.9879684971221746,1.0000000000000002,0.983158075923239,0.9782129075029256,0.9936660976230869,0.9927263555298083,0.9925631797819495,0.9841813758696887,0.8741166241367192,0.9895630972464409,0.9903489247722074,0.9598496031099886,0.9876994285598386,0.959719779009759,0.9747513488207953,0.9986752967788759,0.9280079493140986,0.9839845455402704,0.9836247409893586,0.994992704970373,0.9743802421203379,0.8477385739027414,0.9920436200500192,0.9983639290595376,0.9764287201267046,0.9111296620547491,0.8019234734889624,0.9845386866222129,0.9925175245942908,0.9955973131992337,0.9746560608494554,0.9926327420209641,0.9953704901579686,0.98094872108662,0.8566375554510206,0.99169624114193,0.9433362120024761,0.9873217649503333,0.9966650695810308,0.9980141005762261,0.8763456267431313,0.9922782409312924,0.9866725764241511,0.9994332626244219,0.9976271952960639,0.9706492411324881,0.9942481346033144,0.9778137946141023,0.9908113883402658,0.9643816758578895,0.9909514390493762,0.9892154337707999
FHB,0.9966882469129144,0.9952095995399112,0.9887281996897161,0.9983110743527891,0.9129527105860643,0.9687400729334819,0.9838535333253394,0.9997155354523309,0.9548130910366489,0.9986046143996935,0.9970680793720396,0.9806898094863669,0.9984973287428929,0.9938244165882706,0.9993467851311296,0.9978460163351498,0.9923432021939705,0.9971546698249939,0.9881920315302348,0.997451407430803,0.9988208834441188,0.983158075923239,0.9999999999999998,0.9983646372031812,0.9965545646881315,0.9978650610641159,0.9979841872580824,0.999782856165438,0.9454925315031014,0.9990988646869613,0.9982863137475022,0.9871749195042222,0.9994726187535998,0.9948131580432478,0.9946339688721445,0.990469996345685,0.9791177449667136,0.9992311904582986,0.9993770593271962,0.9961680889859935,0.9989867851368381,0.9278765202733638,0.997301066395525,0.9830680642646036,0.9967115970110959,0.9693415097320673,0.8144587435647783,0.9999399832519639,0.9978863926629178,0.9953628335256283,0.9973320886205996,0.997976265375928,0.989604823370038,0.9997895805011713,0.9352045380581931,0.9980671738020307,0.9873747115701501,0.9739672956261884,0.994427262774605,0.9917362918162036,0.9475639850931132,0.9893226071472939,0.9994179300488059,0.9823936795712774,0.9901184870946435,0.9976119806700834,0.9944055895647503,0.9972177398980305,0.9982174598981741,0.9951280676491525,0.9982838399733597,0.9990694115624688
FITB,0.9937780139795511,0.9912544230651438,0.9845180330797797,0.9998545752351755,0.9189262305042322,0.9749860370187086,0.9885230810547848,0.99886526581844,0.9635891824153144,0.9995800418277557,0.9994922302149781,0.9864361366363948,0.9959425068932423,0.9966971388188703,0.9973866353864913,0.9991706274496202,0.9893870120944435,0.9988888240512388,0.9902955122277486,0.995752183963713,0.9982618982436593,0.9782129075029256,0.9983646372031812,0.9999999999999998,0.9953022717577891,0.9948744333927728,0.9946811231883901,0.998721416667403,0.9557076554748709,0.9963307873951073,0.9970695069010018,0.9905005007652765,0.9977175225363154,0.9954926022366092,0.998682991841132,0.9859566843804668,0.9848597965623997,0.9994646359789514,0.9986513142388059,0.9924944324215795,0.998145850615199,0.9388887229925321,0.9965043183254304,0.9770585343197948,0.9995752698860897,0.9766478849289238,0.8268044519624322,0.9980005055581367,0.9944652539947105,0.9916654611454415,0.9997693445720961,0.9953920836650003,0.9894147013542731,0.9988899599206015,0.9443450219772499,0.9964768914825903,0.9910217549524577,0.9715315846141499,0.99179416472359,0.988490545449033,0.9570231087310879,0.9891971212152404,0.9978829783098934,0.9765998975171448,0.9846240435119312,0.9990746192310564,0.9886426103568317,0.999789579782766,0.9943779296967641,0.9982239169322076,0.996367308066427,0.997568660934289
FMAO,0.9991573201363644,0.9988439714584214,0.993714489420849,0.9939427645529785,0.8817392083646556,0.9605162971922574,0.9695102875358262,0.9970545987267148,0.9332598683511909,0.9957348828245325,0.9918159851934485,0.9659824307125253,0.99926439628627,0.9844581184969392,0.9983275611924973,0.9979022518879623,0.9984732048034465,0.996374246358502,0.9959470082993925,0.9996874066391268,0.9988585682004625,0.9936660976230869,0.9965545646881315,0.9953022717577891,0.9999999999999998,0.9992070388948905,0.9989965005217428,0.9972087270643448,0.9227660151708976,0.9984426837980663,0.9992764788908807,0.9814080184092412,0.9984204651210571,0.9839885980013467,0.9931479329197679,0.9972197203654106,0.9635810175298211,0.9976649168585382,0.9969027521083633,0.9989444444132791,0.9922543546500929,0.9013402276878736,0.99988722763281,0.9922154637385971,0.9943358260209729,0.9513293864930835,0.8200168714860072,0.9969765299059348,0.9988837126127337,0.9988361597400995,0.9935098495585802,0.9994392092752613,0.9978581296982139,0.9958132292742242,0.9083848386048403,0.999621618360002,0.9739813056794814,0.9839156159988097,0.9994538934534163,0.9984065983648462,0.9245165611435844,0.996097183147858,0.9980301500184963,0.992588265805833,0.9959671552525962,0.9911503071237344,0.9963380826463267,0.9950626571579653,0.9978723826252541,0.9879242675943944,0.9992444743499921,0.9990286875773426
FMBH,0.9993829372848723,0.9994119014867109,0.9929082972251213,0.99394199280688,0.8851717853820507,0.9589644598983393,0.9707012369898512,0.9976632603046953,0.9342862054062611,0.995850486007268,0.9915557961086499,0.9667469124629031,0.9998808724697138,0.9851770717094264,0.999244296139839,0.9968698115884199,0.9980561899632547,0.995027887564379,0.9922553961729158,0.9995970856234299,0.9988562047248168,0.9927263555298083,0.9978650610641159,0.9948744333927728,0.9992070388948905,1.0,0.9998845378254368,0.997929187600462,0.9234678072188598,0.9996058727503757,0.9988909795777745,0.9805465249439425,0.9992784270159083,0.986237121556458,0.9908383071251459,0.9973086174377342,0.9646025663574982,0.9975939331334952,0.9974858208851065,0.9997190702216203,0.9941618782072051,0.9025732382513953,0.9991707831775637,0.9927444595299094,0.9929669330464427,0.9522997429467356,0.8109887890161483,0.9983091574372773,0.9999256904672309,0.9995032725482359,0.992822706636689,0.9997521284342488,0.9953821732093094,0.9969326290466877,0.9106417079049538,0.9996614617656558,0.9754999838272258,0.9814677458776301,0.9989175121854031,0.9978063429089917,0.9257135873190725,0.9936403944293145,0.9989684743441813,0.9923622074716145,0.9969855994057458,0.9918455494179513,0.9983884783423982,0.9939870287180164,0.9995711634380028,0.9880060727397997,0.9992548944366557,0.9994642017271246
FNB,0.9994438692731549,0.999367174037454,0.9942153008503828,0.9937752981114039,0.8880040385116906,0.9589817102202539,0.9707354685180799,0.9978041407242321,0.9344261912996767,0.995370348356673,0.991439270813653,0.9666829175893422,0.9998910046385723,0.9851314141582833,0.9991733496740276,0.9964344187864551,0.9975578348476944,0.9949928096481592,0.9915155823624765,0.9992818661470911,0.9984852955248742,0.9925631797819495,0.9979841872580824,0.9946811231883901,0.9989965005217428,0.9998845378254368,1.0000000000000002,0.9980148938205614,0.923425187958288,0.9996362430737539,0.999064947944327,0.980746391291302,0.9991366816672109,0.9864072157837477,0.9906393003366495,0.9970443677897951,0.9645273183351772,0.9973749522760897,0.9974640328373718,0.9995424077144903,0.9942409529223311,0.9028091659732606,0.9988712569660807,0.992055225177901,0.9927957241789832,0.9521686797128123,0.8109225547256967,0.9984204253370296,0.9999519206106812,0.9992272039451081,0.9926573386385346,0.9998768292647856,0.9946645978861683,0.9969747609291743,0.9110460354738001,0.9993888779939222,0.9754538418296813,0.9814812052247678,0.998752901486108,0.9975453582765016,0.9257483413493732,0.9933471872774738,0.9986989811389023,0.992081715500305,0.9966285856055432,0.9916965555925951,0.9984335429913147,0.9935745305665906,0.9995471440880352,0.9877841107411536,0.9994956372177598,0.9992568158907255
GBCI,0.997363756224478,0.995443073032545,0.9894919065031111,0.9985445786970812,0.9117488496958192,0.97157717298733,0.9833288321790118,0.9998929032517193,0.954204460691845,0.9987292159392173,0.9973955540991984,0.9802904183286332,0.998648122829199,0.9936023582531683,0.9994559260064294,0.9984166100984618,0.9931955877212424,0.9982765021954475,0.9905326661429912,0.9977688306801679,0.9991767453047294,0.9841813758696887,0.999782856165438,0.998721416667403,0.9972087270643448,0.997929187600462,0.9980148938205614,0.9999999999999999,0.945116145921021,0.9991516365051347,0.9989007078196265,0.9892004744109604,0.9994262275144846,0.9940884768732705,0.9954912473616704,0.9908667153741313,0.9787409466190846,0.9995749054359064,0.9998438772197271,0.9963838738751479,0.9986174277267528,0.9273516255288284,0.99791196897533,0.9834225670506773,0.9972215094336722,0.9689220144941445,0.8236687659928668,0.9998279587209461,0.9978017021931348,0.9954893662287226,0.9977606679741019,0.9982221557292922,0.9906294100265136,0.9997883667896125,0.9339839273605466,0.9984996883769878,0.9869437656072414,0.9774296481819666,0.9951520100414114,0.9922376887238441,0.9469250663052791,0.9914941923107503,0.9992385609686928,0.9828004435831893,0.9900558129840019,0.9976447929750588,0.994460616173991,0.9978332311211519,0.9980952607785802,0.9951307414637052,0.9985569872126936,0.9992550136496682
GS,0.9197265995002811,0.9102224047631974,0.8995394021936037,0.9592872831075677,0.9795834535387649,0.9645213665861353,0.9883893540158218,0.9461685580144533,0.9994042145991323,0.9525202983163913,0.9643952581453226,0.9907777412594009,0.9276463848243189,0.9754932867901139,0.9363333434768497,0.9443344617826528,0.9040036140221932,0.9485787797223795,0.9157232400605314,0.9253273814585097,0.9379443028251473,0.8741166241367192,0.9454925315031014,0.9557076554748709,0.9227660151708976,0.9234678072188598,0.923425187958288,0.945116145921021,0.9999999999999999,0.9317983022770372,0.9322587079761191,0.9620178198979908,0.9371676473923295,0.9721998733866875,0.9568799666333373,0.8939127770296851,0.9918864354980097,0.9464563539775229,0.9459489192315691,0.9148591620559866,0.9577552950287672,0.9984117806537225,0.9278534624335593,0.873512642288286,0.9567916457704492,0.9964436215729313,0.8059988050664025,0.9428643672605863,0.9228263830665109,0.9117153788940291,0.9602275866008916,0.9249280048385128,0.9053620409291611,0.9500003841904135,0.9983872409379347,0.9286269858806362,0.9848506240245081,0.8794263204778237,0.9105919740184404,0.900363554196718,0.9998645386688472,0.9114433751393777,0.9388171807591951,0.8705539017482113,0.8922136979016545,0.9647554194944281,0.9077887905312164,0.9555512274679208,0.925647840641385,0.9710041388871743,0.9294344541459153,0.9347056059374268
