Ticker,ABCB,ABTX,AJX,ARI,AXP,BAC,BBT,BK,BOH,BOKF,C,CFG,CFR,CIT,CMA,CNND,COF,DFS,EWBC,FCNCA,FFIN,FHB,FITB,FMAO,FMBH,FNB,GBCI,GS,HBAN,HBHC,HOMB,HTH,IBKR,IBOC,ISBC,JPM,KEY,LARK,MBWM,MCBC,MS,MTB,NAVI,NKSH,NTRS,OPY,PACW,PBCT,PGC,PNC,PNFP,RF,SCHW,SFBC,SIVB,SLFC,SRCE,STBA,STT,SYF,TCBI,TFSL,TSC,UMBF,USB,WAL,WFC,WSBC,ZION
ABCB,1.0,0.999657474682533,0.6486599327357596,0.6491577510676874,0.926517945009578,0.9819491676152219,0.9971635679576537,0.9916692489042767,0.9981259916971864,0.998245540679305,0.9521165952653389,0.9993204546443586,0.9989883730993161,0.995337573438322,0.9975904645922922,0.9602722429793747,0.9955657762718088,0.9779677228825457,0.9988070435301587,0.9988903943791135,0.9989767518836584,0.999382859176173,0.9971022619877237,0.9989010136444388,0.9987230081357517,0.9981195443301398,0.9991890173738697,0.8039671283102202,0.9988162263287491,0.9986406911058447,0.9986433492503521,0.9797585484647534,0.7673507247268219,0.9929299473861142,0.994437160316295,0.9786122618645894,0.9977077828718671,0.9998544209187974,0.9956841580240331,0.999016410020558,0.8980692691110879,0.9987214326391332,0.5681707712573668,0.9966987410030496,0.9987693108037561,0.6169381158308789,0.9907268299479134,0.9993886181578827,0.9992492209277969,0.9970098365775331,0.9989856625347281,0.9997910086665397,0.9797231661047644,0.9992663726363492,0.9990772069046048,0.6118992112270768,0.9993297532750129,0.9987730463605781,0.998356022426332,0.9807023432373333,0.9981595845884861,0.9904281112285344,0.9985426805627063,0.9986314906562889,0.9954478768984579,0.9989787839305898,0.9916605741232087,0.9980436045219394,0.9992982786405183
ABTX,0.999657474682533,0.9999999999999999,0.6443761401435318,0.644823022390349,0.9191015580527294,0.9814186805089737,0.996694066804818,0.9908604826257144,0.9987253364163218,0.998076271944329,0.9509450063986573,0.9994891988871503,0.9994035557885733,0.9952721961190368,0.9979127025074407,0.9585117536302702,0.9945141607432382,0.9755705007143136,0.9993178041847898,0.9991277470773151,0.9986404910118448,0.9998937174228771,0.9970561409307497,0.9990469080964907,0.9985799344825239,0.9982372898940461,0.9989694060925965,0.800692665169972,0.9988587423612192,0.9990473639953029,0.9984231342423263,0.9754345274283662,0.7648417217242369,0.9927356786586108,0.9943361739818859,0.9777923845003906,0.9976307675924543,0.9994616511139075,0.9954095587431334,0.9995367740573694,0.8954198133188135,0.9988006010382453,0.5641600298778304,0.9971574182080248,0.9988703613105953,0.5998910321737966,0.993339103077395,0.9998114003508374,0.9997474532643775,0.9970242277655497,0.9992153920163147,0.999907378996547,0.9794561074782906,0.9994414777631156,0.9995253291082743,0.6026299390198256,0.9991582023955478,0.999188129594901,0.9983370999994438,0.9772932293168237,0.9986893114147508,0.9907174638770154,0.9995551727415676,0.9986107451239418,0.9951885944720942,0.9994082075280026,0.9913690049088663,0.9980595534137592,0.9997053990613065
AJX,0.6486599327357596,0.6443761401435318,0.9999999999999999,0.9965721695162625,0.8267907399450896,0.7777350144034695,0.7032067446095216,0.7350123217050466,0.6321970267777693,0.6767366462886695,0.8440360381164621,0.6673301334564129,0.6567372788949268,0.7083117307259821,0.6443668962717478,0.7598981465431246,0.7007427132293456,0.7578856093986541,0.6385643502316819,0.6425399919260733,0.6671936570937529,0.6367070871994094,0.6892538460380428,0.644576651248481,0.6833028071744097,0.6874273448609268,0.6758001562769395,0.9718148503204936,0.6759421697755139,0.6656050367449116,0.6808444748400287,0.7529005792065682,0.8829989633112336,0.6876490175297438,0.7186006944089015,0.7877969836200144,0.686225106379878,0.641721703403792,0.7105770846896067,0.6283910213814515,0.8923343857042589,0.6488904201792284,0.9851790726471028,0.6316585771852109,0.6615826321253965,0.7485862418240283,0.6326904593073712,0.6541653856224533,0.6569387092900194,0.6842836894670997,0.6734867172907771,0.6489111090314756,0.7825358767366057,0.6335815558952066,0.6259011423484713,0.9778108561943069,0.6617885383786185,0.6500002105150634,0.6776551940223107,0.7573547905845552,0.6700722510900403,0.7060892800949732,0.6293978041188909,0.6757789344165045,0.6954084405083519,0.6310213889854577,0.731822106590466,0.6877821982907488,0.6460223083439718
ARI,0.6491577510676874,0.644823022390349,0.9965721695162625,1.0000000000000002,0.8228860902067743,0.7754118337233883,0.7028311820141815,0.7317060679505479,0.6296247002497691,0.6738440283681104,0.8397983677794177,0.667337829091353,0.6551830522618158,0.7080984347856989,0.6399441538985633,0.7577406908286148,0.6968860974544222,0.7485053364802728,0.6364983670425568,0.6402670777608206,0.6651649512126715,0.6378637103896037,0.6858127771400183,0.6417520712485228,0.6828969085450195,0.6880575162484927,0.6759237056548122,0.9646941791718313,0.6770181518158814,0.66514184701552,0.6793583857461146,0.7510535585285921,0.8847971106492216,0.6800227128117287,0.7172395705640482,0.7846533282147751,0.6837088161784377,0.6419889723960361,0.7105317127693502,0.6303791457893136,0.8887268737334562,0.6456595804490681,0.9800707031468842,0.6266143512310117,0.6591444792266328,0.7368656844871971,0.6328459165700465,0.655015397343894,0.6568597793148238,0.6803883823735881,0.6732767685492206,0.6496535757799772,0.7812330079201807,0.6320372080227448,0.6255222790889711,0.972446064174266,0.6598994338856198,0.6474951629591326,0.6752865254013111,0.7519153384841473,0.6693104184848985,0.7049026809929338,0.6302413273299816,0.6743868430488548,0.690398969542129,0.633372357866821,0.7281079888126819,0.686994228777082,0.645114388259682
AXP,0.926517945009578,0.9191015580527294,0.8267907399450896,0.8228860902067743,1.0000000000000002,0.9588716708480279,0.9439502243017801,0.9557281519392471,0.9118339497790859,0.9353661174935741,0.963461092108035,0.928148564986846,0.9221993216293685,0.9417083956154304,0.919437433350698,0.9594239226197148,0.9501886945774203,0.9678766212479102,0.9155059866727022,0.9190045066945804,0.9328893889659199,0.914414481646887,0.9369870967923416,0.9215920643926473,0.9355493166950676,0.9335733615268451,0.9332269759932866,0.9216804038658344,0.9304396064599392,0.9249384055649126,0.9359614782328132,0.9819019635066658,0.8759310003715308,0.9371141443983114,0.9429365009840124,0.9618220228914214,0.9356905480963909,0.9239439571702057,0.9418256068852865,0.9103266941020922,0.9644075220583869,0.9235914365387153,0.7562076126625313,0.9146920978314522,0.9266150142047618,0.853936432771134,0.8920729967879307,0.9211235888427495,0.9221259971983691,0.9349964423161468,0.9292575572388914,0.9225139225632637,0.9546843722646642,0.9172053328444165,0.911198183130555,0.8322842958537219,0.929763613415307,0.921508615595531,0.9345255912894136,0.9771875820462775,0.9239698650744764,0.9393072427145592,0.9075800150280008,0.931565677258545,0.9399782270382656,0.9112228093649206,0.9494268819745793,0.9364655325522,0.9187575899739362
BAC,0.9819491676152219,0.9814186805089737,0.7777350144034695,0.7754118337233883,0.9588716708480279,1.0000000000000002,0.9933581298301859,0.9970707437853057,0.9784154783781097,0.9886192813145709,0.9921115067275358,0.9868523956405523,0.9846960158263113,0.9937667797494919,0.9811069735937339,0.9750998879827814,0.9916964403206323,0.9918095516538465,0.9802000061925912,0.9810752497107147,0.9863370305134825,0.9792844263077412,0.9912280800287693,0.9815569076358039,0.9900561785751703,0.9906648203464437,0.9883169683366814,0.9005100900353616,0.9882082758229739,0.9864756061760902,0.9895215411772308,0.9873237854546156,0.8445744424257539,0.9882715790439702,0.9957733483675499,0.9997011617186242,0.9907407086850815,0.980117574116626,0.9942554069137144,0.9767058800010145,0.9567348088360808,0.9825427867694062,0.70967406312571,0.9774315993036362,0.9856286451989551,0.675671401324,0.974351066494571,0.983677788120367,0.984628219991597,0.9901032134660923,0.9882033941608988,0.9823683910750441,0.9994876205347818,0.9788179505606155,0.9767263518139201,0.736923865578503,0.9855506044366021,0.9831178118668915,0.9889927778057247,0.9913833855303423,0.9873657711715355,0.9891339500972588,0.977470372474138,0.9886484931514079,0.9916307958358627,0.9771351222168397,0.9972848505237172,0.9909385517266419,0.9821141272173772
BBT,0.9971635679576537,0.996694066804818,0.7032067446095216,0.7028311820141815,0.9439502243017801,0.9933581298301859,1.0,0.9980216074939092,0.9943794936769326,0.99858793073441,0.9721157788423641,0.998675381335356,0.9974843053446941,0.9991493585853383,0.9950527064299168,0.9704348096092272,0.9982539319799187,0.9874279199544407,0.995526730888439,0.9959568831547191,0.9981248263746402,0.9957017796580514,0.998908610946249,0.9961273569031904,0.9995804429573686,0.99949454389098,0.9991723040217363,0.8459496728983634,0.9989763839683837,0.9980994093746516,0.9992378435830912,0.9872630610772068,0.8019151276139955,0.9949599156302943,0.9992116751151716,0.9911862779988339,0.9991242729137926,0.9963205991641809,0.9994458398826587,0.9944751163822474,0.9254809223015363,0.9964016615618096,0.6272104900189436,0.9929920605239908,0.9977250787120686,0.6441198626052997,0.9885119292755622,0.9974820465521246,0.997710818209555,0.9983470724569575,0.9989707375639219,0.9972055852511357,0.9918300423251348,0.9953238447794175,0.99440036952639,0.664850591450478,0.9980505372098464,0.9967024706826598,0.9988350872504177,0.9891587182463585,0.9981069667884155,0.994144410748862,0.9944228382033635,0.9989015230103907,0.997987949498353,0.9946329454152725,0.9980875844324328,0.9994788252683598,0.9966871230273116
BK,0.9916692489042767,0.9908604826257144,0.7350123217050466,0.7317060679505479,0.9557281519392471,0.9970707437853057,0.9980216074939092,0.9999999999999999,0.9887408211067265,0.9965465088089273,0.9808988142271736,0.994245317561837,0.9929625682535927,0.9968833422424158,0.9913779097128682,0.9787385608804717,0.9983373553193633,0.9934245088343798,0.9903918189383899,0.9908765553886238,0.9952178707311996,0.9890310485783702,0.997415696712274,0.9918262804553744,0.996375489706407,0.9958815429079856,0.9952697402483615,0.8709117852534783,0.9942922705835796,0.9932834588113297,0.9966991968765007,0.9903418615602569,0.8273170204986886,0.9959797297636869,0.9982100735264163,0.9958420806093994,0.9967875568710782,0.9903850369023987,0.9972061951537721,0.9868190028596999,0.9437295427863555,0.9924965234207358,0.6593195406026549,0.9893504432882654,0.9937749575407716,0.6728936595661982,0.9811326472045566,0.9917825578936744,0.9926883620957024,0.9969072374405303,0.9951062962619464,0.9913891003823235,0.9949200885041946,0.9896461995209466,0.987682076110776,0.6977794528815509,0.9943735704790114,0.9924718267004605,0.9965182744954808,0.9940575278866817,0.9935690776924875,0.9950134407603604,0.9874193678593298,0.9952878209646326,0.9975937160348284,0.9869083272914991,0.9990892993893966,0.9970541181625266,0.9911805442587288
BOH,0.9981259916971864,0.9987253364163218,0.6321970267777693,0.6296247002497691,0.9118339497790859,0.9784154783781097,0.9943794936769326,0.9887408211067265,0.9999999999999998,0.9973547074715583,0.9481317435201488,0.9978994751194172,0.9993324068676438,0.9926375040651346,0.999445244561487,0.9496269788930537,0.9931268650508998,0.9765348281974018,0.9997973007469666,0.9998238688079422,0.9979284067974074,0.9984888759242999,0.9968324260019391,0.9995248834603198,0.9968819935975521,0.9961174310098011,0.9973751902562082,0.7931289620364553,0.9968664738983767,0.9981075874456345,0.9971600936001563,0.9717632951510615,0.7441135748357975,0.9943253122956925,0.992905831025034,0.9752311520228998,0.9973013116116419,0.9985119703848742,0.9935927154269905,0.9981884698703877,0.8847020517521276,0.9994039559749517,0.5558954308402442,0.9988077795865081,0.9991558596850832,0.5871813439114966,0.9923608120336226,0.9982175074050247,0.9984909542135586,0.9971619972499339,0.9976785766407467,0.9983443527183682,0.9765193831633597,0.9996449060260312,0.9994715379189616,0.5920492212727332,0.9987204466367969,0.9992072897882716,0.9973331866677636,0.9755176642144485,0.9982748935550945,0.9862139713591861,0.9985178815988313,0.9980970991481434,0.9957729649394764,0.9979855810176134,0.9903303062740338,0.9961574761689048,0.9995054218989318
BOKF,0.998245540679305,0.998076271944329,0.6767366462886695,0.6738440283681104,0.9353661174935741,0.9886192813145709,0.99858793073441,0.9965465088089273,0.9973547074715583,1.0,0.9632470904258399,0.9989849471451215,0.9989306158125785,0.9969739165478141,0.9984790519097458,0.9689296185933769,0.9987556370895485,0.986348906388839,0.9982623554439337,0.9983054401682914,0.9996938720808352,0.9971072846063195,0.9996103577606784,0.9989193801165823,0.9992724023045204,0.9984218291258886,0.9989954648521271,0.8276642574810327,0.9981220675277557,0.9983543852367486,0.9997789760608468,0.9830793862988517,0.7887798349410046,0.9978793589344717,0.9971851108111243,0.986046764567129,0.9994053245394362,0.9977122759856397,0.9971018729119583,0.9957936735335797,0.9152217355342254,0.9991126865004677,0.5974618987015302,0.9976622839323978,0.9991358783132737,0.6334478137667027,0.9897542465059288,0.9980112687905578,0.998620452000261,0.9996213142320696,0.9991758524881442,0.9980954047912284,0.9860056017474707,0.9979681764392664,0.9969095090297737,0.6378590781048137,0.9995738069205999,0.9990797098683818,0.9999279051215655,0.9867623570092513,0.9981999394368148,0.9944356523881368,0.9963588146862896,0.99912165979541,0.9989811257192184,0.9956087298929361,0.9963495498939742,0.9994175254156701,0.9983173180386153
C,0.9521165952653389,0.9509450063986573,0.8440360381164621,0.8397983677794177,0.963461092108035,0.9921115067275358,0.9721157788423641,0.9808988142271736,0.9481317435201488,0.9632470904258399,1.0,0.9599901239042424,0.9572416030054954,0.9736454631199757,0.9524339554548944,0.9579414039825247,0.9699941957743982,0.9839435580492171,0.9499382266559012,0.9519738873840324,0.9595264798305753,0.9476365866705277,0.9687684216918412,0.9521140613854789,0.9657714450517262,0.9670764477653808,0.9630206246725187,0.9442494572568184,0.9630547102694768,0.9602741621094565,0.9647336563834399,0.9761273269595162,0.8608201450707584,0.9663384588159533,0.9782836806550026,0.9944063512237208,0.9680647364787286,0.9498166941870583,0.9754473543218597,0.9441427485979887,0.969074307333552,0.9539178093206007,0.7903766172191381,0.9462671162340429,0.9593528910848494,0.7024550460216384,0.9434568131683009,0.9548369638675498,0.9562386022187481,0.9669347889127894,0.9622883843256438,0.9526233056611337,0.9933807724629908,0.9477057591206878,0.9443742343441813,0.807997461882082,0.9583529643245674,0.9541918073157671,0.9636328016765616,0.9812324697236428,0.9624556292600407,0.9647999545020797,0.9448394063776121,0.9643286825218468,0.9709096340925291,0.9451353709506296,0.9821289318738748,0.9668566544359851,0.9529506361641504
CFG,0.9993204546443586,0.9994891988871503,0.6673301334564129,0.667337829091353,0.928148564986846,0.9868523956405523,0.998675381335356,0.994245317561837,0.9978994751194172,0.9989849471451215,0.9599901239042424,0.9999999999999999,0.9994907790466799,0.9977911479168706,0.9975811922858636,0.9633513006454413,0.9966372670858388,0.9807545277636314,0.9986446405922722,0.9986770533300019,0.9990055698737498,0.999073409523381,0.9985772291581612,0.9986582739883962,0.9996941006399722,0.9995325800558206,0.9997036326219407,0.8187090053289037,0.9997231833176132,0.9996880625780403,0.9994069787533219,0.9798977512943063,0.7791754729277629,0.9942982309361739,0.9970245244759205,0.983735618592808,0.999013661849552,0.9988245747265553,0.9977344769151522,0.9983385907396586,0.9073344559881015,0.9986239216466527,0.5890775155366517,0.996304111562851,0.9992217204265547,0.6144587702719909,0.9931780693775312,0.9997538578106947,0.9998456798527529,0.9983230875609136,0.9999146482579478,0.9996426117244284,0.9851132424571669,0.9985837849846003,0.9983011839606541,0.6258204291745239,0.9994040055556659,0.9991386007822799,0.9992885428528435,0.9821033704980403,0.9993957908667673,0.9927736890108533,0.998488287880624,0.9995132220540963,0.9970430216361654,0.9982912110265236,0.9948658507965907,0.9994057970796626,0.9993839123144893
CFR,0.9989883730993161,0.9994035557885733,0.6567372788949268,0.6551830522618158,0.9221993216293685,0.9846960158263113,0.9974843053446941,0.9929625682535927,0.9993324068676438,0.9989306158125785,0.9572416030054954,0.9994907790466799,1.0,0.9961416600546709,0.9990887543280217,0.957922671564593,0.9957866472977589,0.9805464087585499,0.9996237238334972,0.999692402525293,0.9991252145560031,0.9989662230855396,0.9986894894396001,0.999538153431661,0.9990504144056993,0.9986291119570573,0.9992208157026108,0.8115879510659878,0.9989115844157365,0.9994414244970496,0.9990609109410304,0.9772115240756301,0.7653873381503649,0.9954989892087348,0.9962854088898948,0.9817341078515881,0.9990810195190584,0.9989073380929557,0.9968071975488789,0.9983644132935713,0.8995881220353309,0.9995174901820788,0.5802419109457747,0.9979932769242003,0.999837360030167,0.6031893065837616,0.9929629663999687,0.9993703792629937,0.9996304571995465,0.9987202026855831,0.9994665107675672,0.9992745537768356,0.9830036962995,0.999381992658398,0.9990557415714851,0.6155893501542217,0.9996427353784768,0.9996195303954104,0.999070016797026,0.9804058814278152,0.9995645194219751,0.9904610727846244,0.998667034309038,0.9995691330640855,0.997551390908821,0.9982670560848456,0.994089790043972,0.9985979487577791,0.9998464194381476
CIT,0.995337573438322,0.9952721961190368,0.7083117307259821,0.7080984347856989,0.9417083956154304,0.9937667797494919,0.9991493585853383,0.9968833422424158,0.9926375040651346,0.9969739165478141,0.9736454631199757,0.9977911479168706,0.9961416600546709,1.0000000000000002,0.9929329325076757,0.9690712936316712,0.996925299335776,0.9859148262607538,0.9936393309866709,0.9941565567098883,0.995759819926633,0.9943769171217184,0.9977449729365706,0.9941358362268607,0.9984507070768631,0.9988711883040068,0.9976470128368237,0.849493983256477,0.9983379805372846,0.9979154449882959,0.9975838029136752,0.9844952661464184,0.804347884471731,0.9927110294089867,0.9986624103594299,0.9914052620255072,0.998042162865725,0.9941335960237423,0.9988670987527849,0.9929602564708162,0.926631068728545,0.9944700882623388,0.6340351293617639,0.9905191549311275,0.9963037213074472,0.6388261042374445,0.9912462452039669,0.9966380317822596,0.9968974918936175,0.9968791921080766,0.9979059660678105,0.9960186301860431,0.992593057512558,0.9933874568088097,0.9925116975629343,0.6659079078042627,0.9961702133447335,0.995568791223818,0.997562973166451,0.9867379719623421,0.9974966629018664,0.9933560777416953,0.9934135636690459,0.9977679765743864,0.996545059726239,0.9930185838504518,0.99803711708762,0.9986263760140385,0.9954138147281214
CMA,0.9975904645922922,0.9979127025074407,0.6443668962717478,0.6399441538985633,0.919437433350698,0.9811069735937339,0.9950527064299168,0.9913779097128682,0.999445244561487,0.9984790519097458,0.9524339554548944,0.9975811922858636,0.9990887543280217,0.9929329325076757,1.0,0.9558429892593978,0.995314347728298,0.9813809555809453,0.9994899182512534,0.9995227378958979,0.9987015443746509,0.9972383575262962,0.9980046238585927,0.9997301934760218,0.9970989951982724,0.9959189450584474,0.9972933853622857,0.8036318848539528,0.9962127059617552,0.9974974737556753,0.9978768880050692,0.9752620799383006,0.7564040303434215,0.9971450631372143,0.9937642778633679,0.9783276471717512,0.9979829182008151,0.9978172607062332,0.9938478571407292,0.9964363421520797,0.8939494535242873,0.9997919703369256,0.5670580331105978,0.9996139068975791,0.999249090735376,0.604767232802296,0.9902231686437298,0.99728083108275,0.9979252513520656,0.998447634301248,0.997586708107673,0.9974995762750923,0.9785914190972613,0.9991629770481891,0.9983946850682949,0.605692943642094,0.9990645054803431,0.9993060533066553,0.9982376202901566,0.9799243789782038,0.9977077202933824,0.9885572514398008,0.9970863588564994,0.9981467404649761,0.9975473493333282,0.9961419336824159,0.9922587404413097,0.9967706343699946,0.9988370072360823
CNND,0.9602722429793747,0.9585117536302702,0.7598981465431246,0.7577406908286148,0.9594239226197148,0.9750998879827814,0.9704348096092272,0.9787385608804717,0.9496269788930537,0.9689296185933769,0.9579414039825247,0.9633513006454413,0.957922671564593,0.9690712936316712,0.9558429892593978,0.9999999999999998,0.9757158133341494,0.9679706161730838,0.9549872020326504,0.9536923131312841,0.9659807199922282,0.9558045174168814,0.9669289254528637,0.9581734257479696,0.9664890537590878,0.9652365679548626,0.9637765560430949,0.879294605868336,0.9617352558516952,0.9590359514276369,0.96817421982503,0.9711954456223651,0.908792875429039,0.967698209448033,0.9669616467770263,0.9726646874651121,0.9641080908327763,0.9562488009810796,0.9645214247103377,0.9511700483575387,0.9711089463454988,0.9588714191758023,0.6619097491023961,0.9565259427925349,0.9581909805871928,0.7369625251846635,0.946219071272287,0.9591049290025777,0.9607721407894211,0.9662613685685475,0.9646021069211643,0.9592393738361742,0.9687250683976565,0.9542726609653825,0.951112776721746,0.7169603774198708,0.9626108471912685,0.9602920443957706,0.9688866835495017,0.9748099273131025,0.9567548009003907,0.9868949228103088,0.9534226456628627,0.9608224966444293,0.9663223279603941,0.9505145567893054,0.9710273226534345,0.9702978658777363,0.9554559682034715
COF,0.9955657762718088,0.9945141607432382,0.7007427132293456,0.6968860974544222,0.9501886945774203,0.9916964403206323,0.9982539319799187,0.9983373553193633,0.9931268650508998,0.9987556370895485,0.9699941957743982,0.9966372670858388,0.9957866472977589,0.996925299335776,0.995314347728298,0.9757158133341494,1.0,0.9918198194128653,0.9944179418563113,0.9948220029490598,0.9978516514557374,0.9930155068564234,0.998618010111651,0.9958844549626858,0.9977409915056538,0.9966408994752315,0.9970073299106236,0.8460933079112976,0.9959497380069539,0.9958464723157794,0.9983912758501394,0.9891751632975279,0.8076921639904214,0.9975576783459534,0.9968475739956717,0.9897858276917775,0.9980890214843645,0.9946129362298843,0.9964239899570619,0.9910788948207016,0.9290989253627213,0.9963773215540164,0.6215537232089172,0.9941979919617433,0.9965771401989065,0.6677148888745935,0.9846600430120358,0.9947117142644609,0.9955564663423715,0.9984156153557316,0.9968942908678832,0.9950133430574349,0.9885492801044838,0.9942781753788215,0.9924272054228177,0.6667811429979669,0.9973703619767503,0.9962834524664628,0.9985272681074409,0.9928199211174452,0.9952872492759902,0.9948343764426675,0.9915732629244154,0.9971067595809722,0.9985576570436281,0.9909398390510419,0.997470586042747,0.9982460440105385,0.994791302899245
DFS,0.9779677228825457,0.9755705007143136,0.7578856093986541,0.7485053364802728,0.9678766212479102,0.9918095516538465,0.9874279199544407,0.9934245088343798,0.9765348281974018,0.986348906388839,0.9839435580492171,0.9807545277636314,0.9805464087585499,0.9859148262607538,0.9813809555809453,0.9679706161730838,0.9918198194128653,1.0,0.9774377917819063,0.9792084324109797,0.9842662890911029,0.9725226737627654,0.9887066607290637,0.9803899510208289,0.9844405901299899,0.9828196972860426,0.9828860774894846,0.8891154738867874,0.9808308848145117,0.9806006847123551,0.9856625398775632,0.9915114510897693,0.818822825438159,0.9912007173612343,0.9892768954836134,0.9928930163849514,0.9875652299982536,0.9770737380814686,0.9872349747917591,0.9694892751545217,0.9447549367246288,0.9818511371185494,0.6913461695886819,0.9785883935463758,0.98316558269662,0.7153520115566461,0.9618747196397495,0.9764829969522111,0.9782249270473262,0.9883406942927988,0.981849296386412,0.9766482887612078,0.9891445316730948,0.9766708630592207,0.972835346211313,0.7362834384448214,0.9832121811013833,0.9804542816337987,0.9854795610797314,0.9976590921366408,0.9812140461875979,0.9801571706930607,0.9699089729797835,0.9845744672212879,0.9914422230774856,0.969751962820391,0.9931412082768828,0.9851359286141675,0.9778580009805481
EWBC,0.9988070435301587,0.9993178041847898,0.6385643502316819,0.6364983670425568,0.9155059866727022,0.9802000061925912,0.995526730888439,0.9903918189383899,0.9997973007469666,0.9982623554439337,0.9499382266559012,0.9986446405922722,0.9996237238334972,0.9936393309866709,0.9994899182512534,0.9549872020326504,0.9944179418563113,0.9774377917819063,1.0000000000000002,0.9998372099737068,0.9987914786919341,0.9990320908878718,0.9974975720848556,0.9998138647448095,0.9977770297589131,0.99701036972837,0.9981725421627032,0.7977967979928207,0.9975665779614303,0.9984575530140485,0.9981352088685771,0.9736097511461209,0.7552042658000404,0.9949748542726233,0.9937799079064623,0.9769220895821197,0.9978157869058486,0.9989461879855827,0.9943783734713936,0.9985602640596049,0.8909597078800505,0.9996794791129288,0.5600733607190067,0.9990108831089185,0.999346196740113,0.5942008127385641,0.9923369634189293,0.9988168609190861,0.9990882601813582,0.9977896939034349,0.9985086669902927,0.9989540754711335,0.9780525348820953,0.9998078633077176,0.9996118813766742,0.5977460067755161,0.999298066280285,0.9995957513489538,0.9982411365455934,0.9772384982147935,0.9984928355334788,0.9890035479264259,0.9989287233135062,0.9984981952222195,0.9963040002951769,0.9983511834650947,0.9912795648681811,0.9972601315255912,0.9997125310297217
FCNCA,0.9988903943791135,0.9991277470773151,0.6425399919260733,0.6402670777608206,0.9190045066945804,0.9810752497107147,0.9959568831547191,0.9908765553886238,0.9998238688079422,0.9983054401682914,0.9519738873840324,0.9986770533300019,0.999692402525293,0.9941565567098883,0.9995227378958979,0.9536923131312841,0.9948220029490598,0.9792084324109797,0.9998372099737068,1.0,0.9988208428302496,0.9987425589906446,0.9978065310194055,0.9997995833835743,0.9979999000397322,0.9972196299374818,0.9984116005168512,0.8010400119358755,0.997836710456289,0.9986644606862339,0.9982231650269344,0.9758559453282268,0.7529067699330891,0.9951634063545405,0.9943902724924838,0.9780845873273285,0.99824689806978,0.9991429409521316,0.9950932589495254,0.998330526621213,0.8913107749163862,0.999739579032042,0.5658884567909166,0.9986849308277796,0.9996702682856886,0.6006390139250412,0.9917133501837766,0.9987384482509878,0.9989722828325406,0.998008465601036,0.9984961565465087,0.9989218078323345,0.9791094367996965,0.9998094786841849,0.9994531487387577,0.6041800317470659,0.9994371444955635,0.999477727227688,0.9982752066279733,0.9789510872018642,0.9987748344198568,0.9879220629363699,0.9984409788936971,0.9989131840555826,0.9968097022202579,0.9981912806504027,0.9920448084888772,0.9972885346064727,0.9997526101286838
FFIN,0.9989767518836584,0.9986404910118448,0.6671936570937529,0.6651649512126715,0.9328893889659199,0.9863370305134825,0.9981248263746402,0.9952178707311996,0.9979284067974074,0.9996938720808352,0.9595264798305753,0.9990055698737498,0.9991252145560031,0.995759819926633,0.9987015443746509,0.9659807199922282,0.9978516514557374,0.9842662890911029,0.9987914786919341,0.9988208428302496,1.0000000000000002,0.9978358471547708,0.9990030099448737,0.9992835757178498,0.9991678941439501,0.9982169806806447,0.9992732807469538,0.8197524199240155,0.9981924696462157,0.9981199467641217,0.999704793104727,0.9826536429819641,0.7805712369243558,0.9970109694774866,0.9963824176799884,0.9836822587396102,0.9990150318836458,0.9987319183354021,0.9966638661700711,0.9968888248133024,0.909293654740977,0.9993552817112082,0.5874617872230847,0.9979379895517279,0.9992428709943674,0.6288490507071741,0.9885069062938244,0.9983199880917812,0.9986901065668822,0.9991044451768468,0.9991532515652887,0.9985821142179799,0.9838098306007622,0.998670437946879,0.9978667174541119,0.6304570318487124,0.9998310906714114,0.9989998334005237,0.9995292986575944,0.9855426885282058,0.9981438572065863,0.9929575278052656,0.9969469361723595,0.9990940174910807,0.9982277606176493,0.996812827333842,0.9947400589538883,0.998920498006078,0.9987146336793453
FHB,0.999382859176173,0.9998937174228771,0.6367070871994094,0.6378637103896037,0.914414481646887,0.9792844263077412,0.9957017796580514,0.9890310485783702,0.9984888759242999,0.9971072846063195,0.9476365866705277,0.999073409523381,0.9989662230855396,0.9943769171217184,0.9972383575262962,0.9558045174168814,0.9930155068564234,0.9725226737627654,0.9990320908878718,0.9987425589906446,0.9978358471547708,1.0000000000000002,0.9959440734629286,0.9985232476206617,0.9978678118392423,0.9976507570806036,0.9983846620749416,0.7941718164814997,0.9984701875616616,0.9986822246060515,0.9975755622143454,0.9728139965371707,0.7595106744287075,0.9910582624312291,0.9931482795559757,0.9753989089778848,0.9966694055279585,0.9992349774882178,0.9944468045108811,0.9998288751393699,0.89061063092604,0.9981783618027757,0.5562100784356869,0.99653086891877,0.9982395173470743,0.5907705766535648,0.9938126354985398,0.9996896979502213,0.9994798950503426,0.9959024410666912,0.9987012068186577,0.9997650831887337,0.9774636501858242,0.9991984675272103,0.9995630134886019,0.5939200901596213,0.9984932259172283,0.99870826101483,0.9974385708614192,0.9744637609869575,0.9982647126376429,0.989508269817171,0.9997851728940296,0.9979208347914716,0.9937795180551022,0.9997070160709137,0.9897113999122072,0.9972233016155556,0.9994711842781486
FITB,0.9971022619877237,0.9970561409307497,0.6892538460380428,0.6858127771400183,0.9369870967923416,0.9912280800287693,0.998908610946249,0.997415696712274,0.9968324260019391,0.9996103577606784,0.9687684216918412,0.9985772291581612,0.9986894894396001,0.9977449729365706,0.9980046238585927,0.9669289254528637,0.998618010111651,0.9887066607290637,0.9974975720848556,0.9978065310194055,0.9990030099448737,0.9959440734629286,1.0000000000000002,0.9981382806868644,0.999205764286276,0.9986084549677818,0.9987656444835676,0.8374991013587231,0.9980936026044913,0.9983818989712827,0.9995032510064634,0.9837631299494844,0.7892287886771334,0.9981957684210306,0.9985323163015568,0.9891313855247899,0.9998580735513619,0.9965925612699393,0.9982155430882634,0.9945590992327811,0.9182727028738786,0.9984812680996346,0.6139153337669319,0.9965842427214974,0.9990831293107737,0.6327467683766104,0.9896541409628462,0.9973692843785104,0.9980692283930376,0.9998885499438076,0.998925641240831,0.9971644445644432,0.989239152726288,0.9969541586380044,0.995766623450206,0.6500222551090143,0.9990274931310464,0.9984458789666055,0.9995968065338903,0.9879632742792467,0.9986006112520693,0.9932868958175693,0.9952017132464298,0.9993500243352476,0.9996967561299048,0.9944823965981755,0.9980064055778947,0.9992930183554514,0.9977844093917516
FMAO,0.9989010136444388,0.9990469080964907,0.644576651248481,0.6417520712485228,0.9215920643926473,0.9815569076358039,0.9961273569031904,0.9918262804553744,0.9995248834603198,0.9989193801165823,0.9521140613854789,0.9986582739883962,0.999538153431661,0.9941358362268607,0.9997301934760218,0.9581734257479696,0.9958844549626858,0.9803899510208289,0.9998138647448095,0.9997995833835743,0.9992835757178498,0.9985232476206617,0.9981382806868644,1.0000000000000002,0.998067726091913,0.9970594962537422,0.9983341394433437,0.8029965576178442,0.9974929928059328,0.9983600943878865,0.9985977123528402,0.9767716861509972,0.7607935901486519,0.9962313103083055,0.9942598335668584,0.9785067185791962,0.9982871483088666,0.9989689609303813,0.9947124228464737,0.9978353370637236,0.8955427884366262,0.9999678928887665,0.5656305930734327,0.9992854109028175,0.9995303353683068,0.6083587469889677,0.9911362184163033,0.9984993450831466,0.9989068461241267,0.9984270752411981,0.9985328249716896,0.9987936393034017,0.9790366559584285,0.9997403234437819,0.9991747468597747,0.6060587671009533,0.9996374283546428,0.9997183272281315,0.9987972050909922,0.9803230716645498,0.998263213561382,0.9899356651503788,0.9981924568884061,0.9987012273364381,0.9972407634555238,0.9975916609899979,0.9923607603032065,0.9976876119848236,0.9994992849879784
FMBH,0.9987230081357517,0.9985799344825239,0.6833028071744097,0.6828969085450195,0.9355493166950676,0.9900561785751703,0.9995804429573686,0.996375489706407,0.9968819935975521,0.9992724023045204,0.9657714450517262,0.9996941006399722,0.9990504144056993,0.9984507070768631,0.9970989951982724,0.9664890537590878,0.9977409915056538,0.9844405901299899,0.9977770297589131,0.9979999000397322,0.9991678941439501,0.9978678118392423,0.999205764286276,0.998067726091913,1.0000000000000002,0.9997913723321296,0.9998728040213778,0.8310845666495252,0.999639855787216,0.9992046897142867,0.9997787308733411,0.9837270532841136,0.7884145537778581,0.9953510861584051,0.9984051979242513,0.9874492339979124,0.9995207035108855,0.9981587167129109,0.998855155243018,0.9969368275447408,0.915358096483407,0.9981788226000453,0.6062370703658526,0.9954904065942359,0.9990525687198398,0.6279430967783571,0.9908722849146699,0.9990025409917466,0.9991763458868455,0.9988695055827944,0.999833006103452,0.9988361491488975,0.988409766725648,0.9976184294723841,0.9970171012554477,0.643744402731847,0.9992952900433845,0.9984355977707425,0.9994915452940554,0.9858628885787221,0.9991903227879805,0.9935239527186374,0.9969505520389548,0.9996725122273271,0.9980563523571705,0.9969968292892865,0.996675178985202,0.99974128723095,0.9985830678677731
FNB,0.9981195443301398,0.9982372898940461,0.6874273448609268,0.6880575162484927,0.9335733615268451,0.9906648203464437,0.99949454389098,0.9958815429079856,0.9961174310098011,0.9984218291258886,0.9670764477653808,0.9995325800558206,0.9986291119570573,0.9988711883040068,0.9959189450584474,0.9652365679548626,0.9966408994752315,0.9828196972860426,0.99701036972837,0.9972196299374818,0.9982169806806447,0.9976507570806036,0.9986084549677818,0.9970594962537422,0.9997913723321296,0.9999999999999999,0.9996192641479691,0.8334413845282093,0.9998074047067893,0.999230210733124,0.9992106031416743,0.9823306899115559,0.7896389398963112,0.9937790196652216,0.998623517758442,0.9879706668828074,0.9991039255669522,0.9974395284488755,0.9991720378051863,0.996809384557858,0.9158772615021528,0.9971392089629034,0.6115567037358037,0.9939784942434509,0.9984384703794745,0.6211637554360806,0.991896771947337,0.9989679312373271,0.9990319054259369,0.9981139350352106,0.9996900050693008,0.9985511422958103,0.9895247384551906,0.9967639586474363,0.9963999348477749,0.6454569155348314,0.9985033343172144,0.9977271117074116,0.9988480494007095,0.9842344872606057,0.9992656513449111,0.993118668279435,0.9968416357347406,0.9993765256471272,0.9971862339904956,0.9969344896974235,0.9966039502440719,0.9995248291120694,0.9981700059579109
GBCI,0.9991890173738697,0.9989694060925965,0.6758001562769395,0.6759237056548122,0.9332269759932866,0.9883169683366814,0.9991723040217363,0.9952697402483615,0.9973751902562082,0.9989954648521271,0.9630206246725187,0.9997036326219407,0.9992208157026108,0.9976470128368237,0.9972933853622857,0.9637765560430949,0.9970073299106236,0.9828860774894846,0.9981725421627032,0.9984116005168512,0.9992732807469538,0.9983846620749416,0.9987656444835676,0.9983341394433437,0.9998728040213778,0.9996192641479691,1.0000000000000002,0.8249928572979107,0.999688683017067,0.999137816483136,0.9996379613071089,0.9830955632851046,0.7813390804085346,0.9946815879122397,0.9977968435063941,0.9856405221647486,0.999253421533162,0.9988350123556785,0.9985101758126445,0.9977180185512646,0.9104550412103808,0.9983642540794742,0.5987385559613639,0.9956977846391261,0.9991665713249753,0.6235121741177748,0.9903669050489103,0.9992377468217684,0.9992555862424274,0.9984854807161219,0.9997840230208047,0.9991807323217965,0.9867653958427415,0.9981422364260633,0.9977211374977868,0.6375397620638187,0.999438885986827,0.9984368506405495,0.9991714158318168,0.9847327220407657,0.9992221414347652,0.9922283307550044,0.9974166174056289,0.9996691943559192,0.9975145990466968,0.9978415368728095,0.9955350303349316,0.9993436720915089,0.9989171887955123
GS,0.8039671283102202,0.800692665169972,0.9718148503204936,0.9646941791718313,0.9216804038658344,0.9005100900353616,0.8459496728983634,0.8709117852534783,0.7931289620364553,0.8276642574810327,0.9442494572568184,0.8187090053289037,0.8115879510659878,0.849493983256477,0.8036318848539528,0.879294605868336,0.8460933079112976,0.8891154738867874,0.7977967979928207,0.8010400119358755,0.8197524199240155,0.7941718164814997,0.8374991013587231,0.8029965576178442,0.8310845666495252,0.8334413845282093,0.8249928572979107,0.9999999999999999,0.8244435605020776,0.8177441387216424,0.8299120474708905,0.8795899932486884,0.9127986973049014,0.8379506962128158,0.8578674690650583,0.9078406208038747,0.8347045363310938,0.7986770594988017,0.851050792480221,0.7870069837688486,0.9640310577750211,0.8065855592355625,0.9378955087407369,0.7939656652492348,0.8158462592323227,0.7718839037612574,0.7899867356394992,0.8079306583637544,0.8108001064415412,0.8339951303868838,0.8235039119754102,0.8040431694106692,0.9028586713260337,0.7936744525886059,0.7868317117349833,0.9441630329674618,0.815696235130641,0.8071073201005868,0.8280783750499802,0.8862860483362949,0.8211504136746963,0.8466390494334781,0.7886122808414815,0.8260547416060188,0.8429101915467117,0.7887497167031824,0.8690461032316161,0.8348403978592372,0.8029456358793244
HBAN,0.9988162263287491,0.9988587423612192,0.6759421697755139,0.6770181518158814,0.9304396064599392,0.9882082758229739,0.9989763839683837,0.9942922705835796,0.9968664738983767,0.9981220675277557,0.9630547102694768,0.9997231833176132,0.9989115844157365,0.9983379805372846,0.9962127059617552,0.9617352558516952,0.9959497380069539,0.9808308848145117,0.9975665779614303,0.997836710456289,0.9981924696462157,0.9984701875616616,0.9980936026044913,0.9974929928059328,0.999639855787216,0.9998074047067893,0.999688683017067,0.8244435605020776,1.0,0.9995355404958933,0.9989575746531463,0.9812071966833177,0.7799537067677252,0.9928117632178547,0.9976883843590258,0.9853144180535749,0.9988049753151884,0.9983216591408394,0.9986149877446964,0.9978924850155253,0.9090076582452327,0.9974848641906302,0.5999717254060307,0.9943179282494747,0.9986822973272967,0.6159490193641716,0.9924803255943598,0.9994626731464379,0.9993536509744692,0.9976167962376384,0.9996635171878562,0.9992090463835741,0.9870785621268866,0.9975675187449238,0.997393060084039,0.6352675873345549,0.9986945694383387,0.998043478075643,0.998545915911975,0.9825827012495695,0.9994191027422232,0.9915293805263198,0.9976678939582552,0.9994192417019097,0.9964725271288669,0.998027232716125,0.9952398191444836,0.9991010899314202,0.9987675573500555
HBHC,0.9986406911058447,0.9990473639953029,0.6656050367449116,0.66514184701552,0.9249384055649126,0.9864756061760902,0.9980994093746516,0.9932834588113297,0.9981075874456345,0.9983543852367486,0.9602741621094565,0.9996880625780403,0.9994414244970496,0.9979154449882959,0.9974974737556753,0.9590359514276369,0.9958464723157794,0.9806006847123551,0.9984575530140485,0.9986644606862339,0.9981199467641217,0.9986822246060515,0.9983818989712827,0.9983600943878865,0.9992046897142867,0.999230210733124,0.999137816483136,0.8177441387216424,0.9995355404958933,1.0,0.9987074754694153,0.9780198515054336,0.7716630285192045,0.9938482784190645,0.9969134385545975,0.9834277162715082,0.9989528556076854,0.9982162967686796,0.9976198728071384,0.9979880248075889,0.9036284931938627,0.9983795614388835,0.5900684084648073,0.9959512212121157,0.9992265901604535,0.6068338031494843,0.9946929690022491,0.9995062761608061,0.9996728652804154,0.9980928230755184,0.9995064589697327,0.9992644309506633,0.9850896880803445,0.9983394085466079,0.9980676519455797,0.6231620718069623,0.9989071255668444,0.9990877002301087,0.9987551327677785,0.9807582707471523,0.9996883911170723,0.9908388742339529,0.9983264386429483,0.9994693448238952,0.9969311900807462,0.9979256793961311,0.9949279023694821,0.9988868067689946,0.9993777341749495
