Ticker,ABCB,ABTX,AJX,ARI,AXP,BAC,BBT,BK,BOKF,C,CFG,CFR,CIT,CMA,CNND,COF,DFS,EWBC,FCNCA,FFIN,FHB,FITB,FMAO,FMBH,FNB,GBCI,GS,HBAN,HBHC,HOMB,HTH,IBKR,IBOC,ISBC,JPM,KEY,LARK,MBWM,MCBC,MS,MTB,NAVI,NKSH,NTRS,OPY,PACW,PBCT,PGC,PNC,PNFP,RF,SCHW,SFBC,SIVB,SLFC,SRCE,STBA,STT,SYF,TFSL,TSC,UMBF,USB,WAL,WFC,WSBC,ZION
ABCB,0.9999999999999999,0.9996611873118391,0.9878159337061315,0.9096021061047409,0.9377816339058136,0.990514853879924,0.9965425076619334,0.9886092331710225,0.983146334466148,0.98771508334306,0.9986769695199815,0.9931246533296649,0.998858775934397,0.9975316106298712,0.9986116352421858,0.9909477623931977,0.9951555853307396,0.9988683314292677,0.9934200864828461,0.9842460395664154,0.9939472859691785,0.9889796771090095,0.9984225806795172,0.9982589978712941,0.9986585947951476,0.9935277378948607,0.9688917874744851,0.9967495309717749,0.9969735311704602,0.9991072418162477,0.9961143047196646,0.9871816393406802,0.9925256036883989,0.9987705395695525,0.9872154605273548,0.990456182659716,0.9949488308384616,0.9995778796344675,0.9989827343045325,0.9385182771984409,0.9986570528298534,0.9941906626517845,0.9863138641537282,0.9885937490667887,0.8975971702902872,0.9945556723170171,0.9992661015438757,0.9990785461697818,0.9973284870598101,0.999408051781622,0.9985487961435342,0.9436469861722608,0.9987145440059023,0.9820123896863714,0.9928781391667104,0.9990489853634408,0.9992960631922494,0.9877790002428843,0.9968725128601374,0.9985971527427314,0.9979604611382119,0.9915843344076076,0.9948790869250301,0.9985911884501251,0.9911005128644534,0.9986700244271507,0.9976576441918469
ABTX,0.9996611873118391,1.0000000000000002,0.9886996453487893,0.9156268503021185,0.9400619499671924,0.9928787847784128,0.9977049633399747,0.9908315309113024,0.9859719403831594,0.9903577869988923,0.9995045056047287,0.9950779683412571,0.9993929805895727,0.9983638458079782,0.9987606918684018,0.9924831901752168,0.9940829042517669,0.9994177270251854,0.9951715104293487,0.9867225445661093,0.9958114362529512,0.9913329483793094,0.9990147123788478,0.9991318967996314,0.999507838402493,0.9952130748385846,0.9728579964763207,0.9980221127508463,0.9983326477791638,0.9993457254757124,0.9944847636095323,0.9899058883074067,0.9938396413658982,0.9995535193634385,0.9898284474490298,0.992642030909422,0.9961853810949675,0.9996400523964257,0.9994707489138672,0.9431425123311463,0.9981337160555246,0.9938772618583943,0.9888134302103206,0.991007055059813,0.890473517407867,0.9966707115880492,0.9998848498326963,0.9995406532719815,0.9982934256088294,0.9998989698413882,0.9993334832449501,0.9493146862589033,0.9980718851256593,0.9851117464567397,0.9901877293511255,0.9994652409501124,0.9993262859926785,0.9902673079408089,0.9951356572623019,0.9984181446523582,0.998301648778956,0.9936450016383902,0.9962083852815411,0.99929476100947,0.9932635249500533,0.9992458713887378,0.9987558958906797
AJX,0.9878159337061315,0.9886996453487893,1.0,0.9502532107749588,0.9503151910515016,0.9861711617607962,0.9916778369778688,0.9865496683775257,0.9849148057860412,0.9840242398697612,0.9894911917362901,0.9877087914371577,0.984754730258035,0.9850698053136606,0.9833465531594296,0.9908110911109008,0.977594813166067,0.9860931378559628,0.9854890494431193,0.9896189843186699,0.9903646317216646,0.9870350591870687,0.9901246857303505,0.9901437285228268,0.9910581280333962,0.9906949730133975,0.972746827681275,0.9876854407196747,0.9880170764910694,0.9924513921414656,0.9856093697162359,0.9802956410488198,0.9910363930650855,0.987500678637362,0.9831879207387969,0.9868773614674946,0.9888797563137716,0.9845663338272702,0.9848240326702525,0.9697480233101604,0.9820480468903859,0.9672058379199157,0.9883329425697084,0.982655630641711,0.8991320233863733,0.9858203786874069,0.9885839286825092,0.9839967118026078,0.9888882792005392,0.9904408527138969,0.9895455331145249,0.9571814140637671,0.980498473566558,0.9800120908464173,0.9814818496583467,0.9895137318573358,0.9867453165263386,0.9840194510654529,0.9821723440834521,0.982338999309341,0.9789024281923308,0.9863899427192996,0.9859840706783426,0.9860945375817751,0.9856725590823534,0.9932566725328953,0.9869627311887749
ARI,0.9096021061047409,0.9156268503021185,0.9502532107749588,1.0000000000000002,0.9690608261160345,0.9467539107146637,0.9381832296363192,0.9507465253992307,0.9598539705428676,0.949366351011324,0.9252576339189731,0.9420197938547179,0.9129399639549176,0.9158524455420054,0.91037780119142,0.9498146353242768,0.8909482311120243,0.9131023210684288,0.93667046693627,0.9633559798753693,0.9451538450474929,0.9501771548973789,0.9229707669583838,0.9287189928689459,0.9275207023939976,0.9465677969077966,0.9663412245379113,0.9317340912570393,0.9305868936679732,0.9220238261818561,0.9125262511396977,0.9445271683591142,0.9369537703093437,0.9198149982398014,0.9494078548617632,0.947371840401219,0.9397896551041897,0.90625953312618,0.9129023429549693,0.9941191676598286,0.8928906656111474,0.8699310598182501,0.9542194553426077,0.9452648866996224,0.8436453970471344,0.9232899850449158,0.9191892166392862,0.9084706390388493,0.9257578250561106,0.9198353991025099,0.9267637555519442,0.9809721071882496,0.889624021068661,0.9562885726198521,0.9011391559253897,0.920941744178359,0.9059388950743363,0.9494467098540135,0.8960976559651771,0.8932186089078273,0.8965525305816556,0.9447790802766732,0.9294753579072914,0.919049413616641,0.9432170271429426,0.9263575278493349,0.9250524822348417
AXP,0.9377816339058136,0.9400619499671924,0.9503151910515016,0.9690608261160345,0.9999999999999999,0.9679899655091703,0.95978855315433,0.9733175024630224,0.9783556075014928,0.9712385021730404,0.9490710311803344,0.9645278578069467,0.9413829780043027,0.9458638174381071,0.9452728445944854,0.972096958810779,0.9359378569570217,0.9412612929564265,0.9633999027368968,0.977693661624162,0.9630683242900261,0.9713454233233138,0.9487302744653232,0.9525397046598689,0.9483386311103601,0.9662766728378496,0.984616115018189,0.9558439847599296,0.9543024333304949,0.9441207322284235,0.9528984931516428,0.9665679369491407,0.9592320468075615,0.9457500857801855,0.9721943400959073,0.9697977786666011,0.96489609899723,0.9354551278910785,0.9399662195709196,0.9822297303345796,0.9262996311304947,0.9084256501759902,0.9721526009871305,0.9704043217102035,0.9245616814050089,0.9370626082961275,0.9427786188085432,0.9370221251479052,0.9519103516048542,0.9421402278389241,0.9509174042279105,0.9857453169759732,0.9235480779612221,0.9768639327222461,0.9459356468500306,0.9478297278718697,0.9332513474574229,0.9726531819035811,0.9380290899849626,0.9211542363833574,0.9271389382996128,0.9680814962646009,0.9586096456670447,0.9445793763875736,0.9675305125189962,0.9458018097636844,0.9515115980129111
BAC,0.990514853879924,0.9928787847784128,0.9861711617607962,0.9467539107146637,0.9679899655091703,1.0,0.9981377154353475,0.9995780707313462,0.9984510949551422,0.9997814975954205,0.9960787241129306,0.9997632418911251,0.9933781577604234,0.9951998127400398,0.9938290903443455,0.9983467323702783,0.9855660197891527,0.9939420189872853,0.9994669608707127,0.9975559897951765,0.9991947421250515,0.9996666382478437,0.99529329349587,0.9968444775913377,0.9956440216626091,0.9992821874263481,0.9933700938768867,0.997938780700613,0.9978490945998375,0.9930253654199488,0.9876823185241882,0.9986695623564233,0.9958849686708163,0.9954996989987788,0.9996863412428849,0.9998914721257003,0.9989142878332864,0.9912008112574213,0.9932251436660371,0.9689681515046006,0.9866417229519578,0.9800238340050011,0.9982060007918756,0.9997349523764664,0.8886638049098862,0.9928881080634727,0.994146233998592,0.9925183407239935,0.9966904033096485,0.9936159955733657,0.9963036846481225,0.9793293558617485,0.985552837676621,0.9984751932775642,0.980370444349943,0.9949876966134895,0.9900711500910653,0.9997204627634049,0.9845069761834845,0.9859508679536851,0.9890866839575856,0.9999227679537196,0.9981316355565365,0.9947625772826916,0.9998150973894994,0.9938485302955061,0.9972215388754041
BBT,0.9965425076619334,0.9977049633399747,0.9916778369778688,0.9381832296363192,0.95978855315433,0.9981377154353475,1.0000000000000002,0.9973699427314009,0.9947118809426351,0.9967832855077489,0.9992358775793015,0.9990685432975756,0.9972821117902915,0.9975562213741079,0.9972051982553087,0.9981221385241328,0.990761068775622,0.9975147286903333,0.9987168570881506,0.9952457947058005,0.9994858810409532,0.9975283177586693,0.9986704193399225,0.9995989131228754,0.9991983616221977,0.9994684654202105,0.9856302763007901,0.9994474683010794,0.999415129539508,0.9980467335761255,0.9939281952068894,0.9956742256545241,0.9969534310609743,0.9985969281122258,0.9964891576261151,0.9981666901909176,0.999582087762264,0.9962522427558499,0.9972150955180981,0.9621222221223924,0.9929897514042141,0.9859631304241322,0.995874324782748,0.9969119278627548,0.8982566359057341,0.9954124265609032,0.9982663947522405,0.9966490439719639,0.9988389517351517,0.998207836438307,0.9993866151564302,0.9677008688794547,0.9922875773861763,0.9937579309283245,0.9884940660923386,0.9987235862591051,0.9956701500086517,0.9968192059638462,0.9916966871593952,0.9925850044147221,0.993717467809933,0.9985390825669934,0.9984472448504949,0.9980985400681077,0.9981508500271093,0.9984644757189606,0.9991190712465164
BK,0.9886092331710225,0.9908315309113024,0.9865496683775257,0.9507465253992307,0.9733175024630224,0.9995780707313462,0.9973699427314009,0.9999999999999998,0.9993710879470605,0.9997067173051277,0.9944566711760343,0.9992096817160873,0.9910042965346383,0.9938415315173453,0.9922892898367681,0.9990838015697331,0.9849102479337771,0.9921560429065902,0.9988930275623793,0.9987688274538564,0.9983425661842159,0.999920889906917,0.994317588293067,0.9955627935476337,0.9939923604774753,0.998910850797336,0.9950308756745531,0.9964205316302176,0.9963320037762788,0.9918306124991462,0.9878072573206009,0.9976098512936574,0.9964544302872856,0.9937366835145298,0.9996677482128026,0.9998400733293457,0.9984300019385396,0.9887849399583913,0.9907499937565916,0.9733281455097648,0.9844668665158426,0.9758632553636315,0.9991692137484713,0.9995411318757705,0.8970791491720124,0.9898504968517452,0.9920556580024419,0.990034702714587,0.9958142883042305,0.9918168962441507,0.9947505327601281,0.9817130471004893,0.982974552577783,0.9987307574475418,0.9808748371878018,0.9937689221224926,0.9880595638582783,0.999812489284744,0.9838728120421146,0.9830474547592296,0.9858366664916947,0.9995518137683336,0.9976518368902867,0.99253817795367,0.9995374335708704,0.9925231529709982,0.9957068625771589
BOKF,0.983146334466148,0.9859719403831594,0.9849148057860412,0.9598539705428676,0.9783556075014928,0.9984510949551422,0.9947118809426351,0.9993710879470605,0.9999999999999997,0.999134545946235,0.9905623623240929,0.9974333008393522,0.9861224898632317,0.9895847079035718,0.9873552921450545,0.9980673062368133,0.9788423904931743,0.9873910988167085,0.9967213369663717,0.999378090384636,0.9965409871234375,0.999243261959795,0.9903550895987611,0.9920102026125549,0.9901994251876405,0.9972746014590802,0.9976107291205187,0.9932790094343932,0.9931698585881878,0.9875114175990396,0.9828475462722833,0.9965104878876246,0.994337446200213,0.9894753180590603,0.9991416811497045,0.9987798225041367,0.9961455461172742,0.9832081566460995,0.9857732629651071,0.9799540717144799,0.9779507619209806,0.9679386166220438,0.9990760546104183,0.9985793826524314,0.894052718523483,0.9862123205453861,0.9875418246945769,0.9847888945022382,0.9922941430401276,0.9873159795763433,0.9909647267317226,0.9874975497551571,0.9761248145169591,0.9992088246169848,0.9751879117048483,0.9895314957269602,0.9825409770262432,0.9992291463276117,0.9777212828442406,0.976463688137629,0.9796943850624266,0.9981519493505074,0.99481043146598,0.9881053148673876,0.9981446697620401,0.9885810456194007,0.9920458468986869
C,0.98771508334306,0.9903577869988923,0.9840242398697612,0.949366351011324,0.9712385021730404,0.9997814975954205,0.9967832855077489,0.9997067173051277,0.999134545946235,1.0000000000000004,0.9941460595955383,0.9991991612861293,0.991084205773,0.9936543673191299,0.9919176782454072,0.998080769478391,0.9836340428562779,0.9918854237199174,0.9989294998247694,0.9978828097775069,0.9982094493246497,0.9997477375243325,0.9935267799743938,0.9951043286718907,0.9935563777823521,0.9984668108867574,0.9953750083697468,0.9964667807818562,0.9964137476634692,0.9907038733655044,0.9854530442118482,0.9985387521477265,0.9952402676557552,0.9935491431301418,0.9999610498265096,0.9997631817217817,0.9979560118033155,0.9885241650187014,0.990781359889704,0.9713560567853197,0.983769721913585,0.976675238026749,0.998549782711703,0.999863329222737,0.888268646868667,0.9907745476923815,0.9917974526695214,0.9900952442324419,0.995295988577331,0.9912276544052415,0.9943998335106782,0.9825041870454899,0.9824265009501879,0.9992038854773745,0.9778349446506618,0.993040009367947,0.9874384966944947,0.9999473572044707,0.9819665658490528,0.9827317911824142,0.9863051684630374,0.9995887971925493,0.9973911747938662,0.992554874535175,0.9996376115353793,0.9916066357762192,0.9956839698500041
CFG,0.9986769695199815,0.9995045056047287,0.9894911917362901,0.9252576339189731,0.9490710311803344,0.9960787241129306,0.9992358775793015,0.9944566711760343,0.9905623623240929,0.9941460595955383,0.9999999999999998,0.9976347765591814,0.9992517840879542,0.9987938253929486,0.9988174636916721,0.9954177197781245,0.9932004665631305,0.999269083875517,0.9976136510590814,0.990896463112064,0.9980796749155416,0.9948339913593487,0.9993474223401901,0.9999034401897489,0.9998767640446896,0.9976595867798858,0.979523303389647,0.999425427626576,0.9995923037907389,0.9990409925128586,0.9942736136404362,0.9936411471201775,0.9955879257693508,0.9998193832726017,0.9937346701929309,0.9958818818281495,0.9983039428064004,0.9987956359849376,0.9992129391408738,0.951275141222266,0.9964248900503615,0.9915196014321923,0.9925121542987543,0.9946065320171347,0.8920919638290943,0.9970245843009539,0.9997662673357595,0.9990432998232923,0.9991522629239826,0.9996156425814015,0.9999579149245572,0.9584877442450035,0.9961096658941563,0.9899466142292997,0.9892757940743253,0.9996451161917792,0.9982250513272485,0.9940612365572785,0.9938611839613491,0.99643613853079,0.9972241275491086,0.9966354334658162,0.9980007854563486,0.9994927921802998,0.9963129522278562,0.9992130271799227,0.9996998414241873
CFR,0.9931246533296649,0.9950779683412571,0.9877087914371577,0.9420197938547179,0.9645278578069467,0.9997632418911251,0.9990685432975756,0.9992096817160873,0.9974333008393522,0.9991991612861293,0.9976347765591814,0.9999999999999998,0.9953037268926357,0.9969666427619392,0.9958091415582377,0.9986112999824162,0.988666957609023,0.9959991891222938,0.999813977750219,0.9968602206266363,0.9995083644307112,0.9993725796464388,0.997153938771405,0.9982495115986652,0.9972427286300185,0.9995712089996883,0.9909378894331536,0.9988157264373607,0.9988777961947365,0.9952672245456262,0.9901855493201704,0.9978675580591366,0.9970422400741336,0.9972123128482209,0.9990160800118791,0.9997254396305025,0.9994585510791598,0.9936070913543348,0.9951370471426416,0.9656984873798922,0.9898431563835784,0.9832734637468946,0.9979099718851981,0.9992676383206893,0.8916000847046356,0.9942402124228495,0.9960418203426309,0.9946678473921231,0.998192453821794,0.9957054864484883,0.9977660072293331,0.9749783255320033,0.9888236265833426,0.9971102906114429,0.9835798141348608,0.9969006703238079,0.9928231030678994,0.9991554716697034,0.9878241195012718,0.9891312081534998,0.9915154457651061,0.9998583762140947,0.9990545496740982,0.9963705044356526,0.9997777450436336,0.9958509607648526,0.9984907303464212
CIT,0.998858775934397,0.9993929805895727,0.984754730258035,0.9129399639549176,0.9413829780043027,0.9933781577604234,0.9972821117902915,0.9910042965346383,0.9861224898632317,0.991084205773,0.9992517840879542,0.9953037268926357,1.0,0.9983790832158637,0.9990323659314326,0.9920012152294607,0.9939488478163818,0.9990893588291447,0.9956663372156987,0.9858104246505174,0.9956404747656584,0.9914902475765979,0.9981973147612926,0.9987315635013045,0.9988835790390124,0.9948576271036884,0.9739571418511517,0.9983699437752518,0.9986813980298269,0.9978712655797674,0.9936484518794703,0.9913513270372724,0.9924476322360288,0.9993560762715546,0.9906174653509978,0.9929641218921827,0.9961530837206615,0.9994655052028864,0.9995452494710555,0.9405493250027392,0.9975171079775937,0.9949257191396329,0.9881628822996973,0.991948234694928,0.8887827692641325,0.9972897002955294,0.9995646425182385,0.9997036405548667,0.9977848592443935,0.9990203899982603,0.9991357631457339,0.9505460204042029,0.9976411138870459,0.9861228781656245,0.9888416526782834,0.9988365196515409,0.9985980028195901,0.9909539442491069,0.9944127208042309,0.9977413461660231,0.99882772479173,0.9941070747750279,0.9963844400513907,0.9993110069211951,0.9939107978464278,0.9980020163997965,0.9989514873865583
CMA,0.9975316106298712,0.9983638458079782,0.9850698053136606,0.9158524455420054,0.9458638174381071,0.9951998127400398,0.9975562213741079,0.9938415315173453,0.9895847079035718,0.9936543673191299,0.9987938253929486,0.9969666427619392,0.9983790832158637,1.0000000000000004,0.9992991113602675,0.9945634600894485,0.9962777981110289,0.9996299238669081,0.9975862674868351,0.9890945600427825,0.9959887008833832,0.9943924132401006,0.9994053124105048,0.9987371421205382,0.998145412856786,0.9958009966164888,0.9788530619520935,0.9978177240052958,0.9985666031567115,0.9980456305081183,0.9931075578875028,0.9919622500271758,0.996715154551974,0.9993605614602541,0.9931803019653196,0.995253230539105,0.9968351197573027,0.9981382300989847,0.9979503607965196,0.9461064601237456,0.9975012926597273,0.9927935974243828,0.9925796607408183,0.9943231069539842,0.8912049899327215,0.995520066342914,0.9983823908761525,0.998695744035912,0.9995837400819455,0.9984327554643907,0.9984609138024191,0.9555221091763462,0.9967055657391416,0.9887199351829167,0.9883311937172563,0.9992960485550432,0.9984381250907548,0.9935399642363497,0.9946114273599297,0.996631211736927,0.9971511893939529,0.9957637543934923,0.998974103843247,0.997945188806628,0.9961524530762886,0.9977724240780029,0.9992667485321765
CNND,0.9986116352421858,0.9987606918684018,0.9833465531594296,0.91037780119142,0.9452728445944854,0.9938290903443455,0.9972051982553087,0.9922892898367681,0.9873552921450545,0.9919176782454072,0.9988174636916721,0.9958091415582377,0.9990323659314326,0.9992991113602675,1.0,0.9931153498829028,0.9966758624398802,0.999492349724256,0.9966927154132107,0.9868989171205647,0.9952440940635113,0.9925207522443068,0.9988231939243726,0.9986583641574875,0.998130646188473,0.9950807535152099,0.9758325387027096,0.9979530141109519,0.9981879002868875,0.9978269527288792,0.995526632683087,0.9912990809631952,0.9943007804707225,0.9993293348801422,0.9916285553679933,0.9938090052256608,0.9967661813357168,0.9991078107983766,0.998915958563416,0.9408380577216913,0.9980608168697688,0.9945282227608775,0.9897455667143331,0.9930396851237767,0.897732447644403,0.994196578629697,0.9987303010272996,0.9992371905391797,0.9986658690994493,0.998450597365615,0.9987005824574574,0.9514336879859523,0.997820703153167,0.9870920665098725,0.9913829857443694,0.9992394802673678,0.9984102602736312,0.9920180423574722,0.9962071761002188,0.9971591316445052,0.9981162963974848,0.9947527982312033,0.997851316469133,0.9987465540534789,0.9947039457781381,0.9973188698946407,0.9990675655597239
COF,0.9909477623931977,0.9924831901752168,0.9908110911109008,0.9498146353242768,0.972096958810779,0.9983467323702783,0.9981221385241328,0.9990838015697331,0.9980673062368133,0.998080769478391,0.9954177197781245,0.9986112999824162,0.9920012152294607,0.9945634600894485,0.9931153498829028,0.9999999999999998,0.9879245868933786,0.9931632728215867,0.9980681996225066,0.9985240976454102,0.9981144660807453,0.9991098733740859,0.9959349852569961,0.9964559605400242,0.9951992613055152,0.9988600613674697,0.9917414338862749,0.9963039590117245,0.9965984114738405,0.9943245447499917,0.9913300642968627,0.9947594167636435,0.9980611797656277,0.9944658500073339,0.9978308816094515,0.9989852301597398,0.9984216975450282,0.9900939572007674,0.9912831545200849,0.9733827329364698,0.9868781860447913,0.9762878098500462,0.9989144011661582,0.997755462026831,0.9081726101713998,0.9903620819973075,0.9932331005405531,0.990881491072642,0.9967657324610639,0.9935592525738152,0.9956520589211246,0.9766848125558197,0.9852115177555648,0.9960579102397273,0.9859917100852506,0.9953221922869806,0.9904702394150647,0.9982679683776382,0.9880661089388205,0.9851840931111612,0.9862515840761577,0.9985753420663104,0.9976967127893074,0.9928428198111573,0.9986341641146963,0.994866177468011,0.995895510194144
DFS,0.9951555853307396,0.9940829042517669,0.977594813166067,0.8909482311120243,0.9359378569570217,0.9855660197891527,0.990761068775622,0.9849102479337771,0.9788423904931743,0.9836340428562779,0.9932004665631305,0.988666957609023,0.9939488478163818,0.9962777981110289,0.9966758624398802,0.9879245868933786,0.9999999999999997,0.9958501331499302,0.9902165658603193,0.9787306558406792,0.9867658446689956,0.985349906777055,0.9955556047844294,0.9929760500726977,0.992024210247766,0.9872663333890023,0.9651499669892097,0.9905488682120003,0.9917645503294227,0.9944042567563441,0.9946333245184191,0.9804027850223382,0.9920719935196055,0.9942828396990068,0.9830850093384427,0.9864437864891878,0.9897687693391818,0.9947953002687627,0.9927983484449819,0.9282380066420226,0.9973992811328014,0.9915790630101169,0.9836809456744995,0.9849042123168165,0.9108625744005457,0.9865156190496063,0.9930999812722917,0.9945416872032796,0.9949556824000781,0.9937814659248011,0.9927376681461928,0.9353451541583637,0.9963620092500637,0.9766276336249412,0.9935433408580341,0.9955489487983071,0.9963734315022008,0.9838418305702791,0.9985043899018318,0.9946956749173729,0.9933156513360637,0.9869461033699753,0.9937861554006144,0.991980142682923,0.9878162084633371,0.9930071805775929,0.9933966769858181
EWBC,0.9988683314292677,0.9994177270251854,0.9860931378559628,0.9131023210684288,0.9412612929564265,0.9939420189872853,0.9975147286903333,0.9921560429065902,0.9873910988167085,0.9918854237199174,0.999269083875517,0.9959991891222938,0.9990893588291447,0.9996299238669081,0.999492349724256,0.9931632728215867,0.9958501331499302,0.9999999999999999,0.9965099430817472,0.9874010444006112,0.9957277289374291,0.9926899435682701,0.9994299076445453,0.9990255116385399,0.998867577176331,0.9953228803191017,0.9753469273127479,0.9979706869392387,0.9984787509839542,0.9988199022425929,0.9937375822712139,0.9909371989381859,0.9953231796502923,0.9997703410000722,0.9914084691873216,0.9938194988502251,0.9964495054989467,0.9993331148607136,0.9990880341459983,0.9426967819690175,0.998485512388755,0.994444297458723,0.9904695890987353,0.992641301103748,0.8889860081791675,0.9959798869337637,0.9993221577672264,0.999551198742193,0.9991918542276869,0.9993520705368352,0.9989718413351812,0.9513412631579956,0.9980745607099551,0.9866823724581265,0.9892930848988286,0.9996051714782288,0.9992657740915699,0.9917598620766676,0.9952019492158255,0.998160966135748,0.9984076286092944,0.9946234313871355,0.9978439914582926,0.9989241654694769,0.9946433329697836,0.9984673717796929,0.9992450300634197
FCNCA,0.9934200864828461,0.9951715104293487,0.9854890494431193,0.93667046693627,0.9633999027368968,0.9994669608707127,0.9987168570881506,0.9988930275623793,0.9967213369663717,0.9989294998247694,0.9976136510590814,0.999813977750219,0.9956663372156987,0.9975862674868351,0.9966927154132107,0.9980681996225066,0.9902165658603193,0.9965099430817472,1.0000000000000002,0.9957530456080017,0.9989175645076035,0.998994000855552,0.9972975926290428,0.9981898785270145,0.9969750435524075,0.9990489623287894,0.9901795794886009,0.9987756550184126,0.9988068798978086,0.9950859849853815,0.9908159450941042,0.9977625695498905,0.996837630682911,0.9974720166942224,0.9988122203384263,0.9994540355421012,0.9993364888074866,0.9941490661064327,0.9955142320829982,0.9619738576057646,0.9907975259619887,0.9849710132849363,0.9972777144589706,0.9992628234971446,0.8929024207164856,0.993636685152642,0.9960697731369967,0.9951975534518183,0.9983977726683163,0.9956295487712495,0.9977200358295736,0.9730477698394915,0.989825933724383,0.9966762991946797,0.9844037402499232,0.9971108073414371,0.9932022975421901,0.9989348143186665,0.9888462712630222,0.9897744963599598,0.992395134108861,0.9996726574687074,0.9994623306408232,0.9965881339289518,0.9996927612226316,0.9954238475394102,0.9987342911630159
FFIN,0.9842460395664154,0.9867225445661093,0.9896189843186699,0.9633559798753693,0.977693661624162,0.9975559897951765,0.9952457947058005,0.9987688274538564,0.999378090384636,0.9978828097775069,0.990896463112064,0.9968602206266363,0.9858104246505174,0.9890945600427825,0.9868989171205647,0.9985240976454102,0.9787306558406792,0.9874010444006112,0.9957530456080017,0.9999999999999999,0.9966735092777904,0.9986316647899357,0.9909898944397916,0.9924172937901621,0.9909747883427522,0.9975452848867337,0.9956978412707337,0.9929748872998817,0.9928323795956768,0.989094741064815,0.9844279529059483,0.9946929783791031,0.9951513410650017,0.9895103421288245,0.9977974158689487,0.9980731514709078,0.996117583064447,0.9834370729846417,0.9857290357364659,0.9827348428229693,0.9784266134599247,0.9665493720636629,0.9990746976459686,0.9970814258091261,0.8989072448080688,0.9858780009559871,0.9880207335355057,0.9845671862648877,0.9924158052671931,0.9882974395865668,0.9913130516485424,0.9855254096634367,0.9765164224416623,0.9976189737339861,0.9775146898704828,0.9901082545245955,0.9832879671241429,0.9980422268666662,0.9789102500606638,0.9770740142912695,0.9790194465058586,0.9973561829885943,0.9940909604392019,0.9880973255258142,0.9970969816136636,0.9900724708288846,0.9916558514245185
FHB,0.9939472859691785,0.9958114362529512,0.9903646317216646,0.9451538450474929,0.9630683242900261,0.9991947421250515,0.9994858810409532,0.9983425661842159,0.9965409871234375,0.9982094493246497,0.9980796749155416,0.9995083644307112,0.9956404747656584,0.9959887008833832,0.9952440940635113,0.9981144660807453,0.9867658446689956,0.9957277289374291,0.9989175645076035,0.9966735092777904,1.0000000000000002,0.9984754422357397,0.9969454372642033,0.9985999185390582,0.9980945445124789,0.9998472080987649,0.989179012665681,0.9991632290839503,0.9989601477091073,0.9959357040142747,0.9904947035517312,0.997488985922564,0.9958806785196438,0.9972939918245524,0.9980073266695381,0.9989829769745929,0.9995075589597358,0.99408411016561,0.9957983509423343,0.966615463774721,0.9895658946464464,0.9829557835713212,0.9967688404918847,0.9981619079829555,0.8901687434311528,0.9950447206446743,0.9967965029771326,0.9948605710800107,0.9975874321837587,0.9964426868507671,0.9983192418756395,0.9739319577534837,0.988881437028268,0.9962171143305233,0.9839397829289501,0.9969314284489116,0.9929466829786554,0.9981581336907277,0.9873972160297415,0.9895465455909924,0.9916886131154109,0.9993184655673827,0.9977706153100631,0.997078983239504,0.9987863050205488,0.9966987993488262,0.9983080358691433
FITB,0.9889796771090095,0.9913329483793094,0.9870350591870687,0.9501771548973789,0.9713454233233138,0.9996666382478437,0.9975283177586693,0.999920889906917,0.999243261959795,0.9997477375243325,0.9948339913593487,0.9993725796464388,0.9914902475765979,0.9943924132401006,0.9925207522443068,0.9991098733740859,0.985349906777055,0.9926899435682701,0.998994000855552,0.9986316647899357,0.9984754422357397,1.0,0.9947798415096719,0.9958461443996293,0.9943914259699155,0.9989178920717293,0.9946361837480675,0.9965826360094929,0.9967013760068332,0.9923325240092361,0.9873628416513589,0.997492660275567,0.9969446151846557,0.9941671046705121,0.9996116091987822,0.999892894846061,0.9983301716965182,0.9892310588976994,0.991086807496278,0.9728993338252904,0.9851647339819618,0.976635233459313,0.999357859512251,0.9994886268445097,0.8940732813721217,0.990973891506976,0.9925143784719993,0.9905699924581595,0.9962589736362326,0.9923467392679897,0.9950310383097809,0.9810440476808322,0.9836104276732207,0.9984678929327034,0.980359793090334,0.9941504265892205,0.9888206530370265,0.9997526270691233,0.9840508263643991,0.9839028300728208,0.9864632607134538,0.99956243423982,0.9979417659192904,0.9927936306452207,0.9996817414460527,0.9931003765019033,0.9960393317709763
FMAO,0.9984225806795172,0.9990147123788478,0.9901246857303505,0.9229707669583838,0.9487302744653232,0.99529329349587,0.9986704193399225,0.994317588293067,0.9903550895987611,0.9935267799743938,0.9993474223401901,0.997153938771405,0.9981973147612926,0.9994053124105048,0.9988231939243726,0.9959349852569961,0.9955556047844294,0.9994299076445453,0.9972975926290428,0.9909898944397916,0.9969454372642033,0.9947798415096719,1.0000000000000002,0.9994339707736826,0.9991355107076552,0.9969231854266873,0.9789514209854858,0.9980991662947728,0.9987073771323979,0.9994800923763489,0.9949489184163518,0.9914124542856478,0.9976745726095387,0.9994363390242363,0.9930107722162751,0.9955197850328678,0.9975845129078427,0.9981488191195655,0.997935981054794,0.9515978011198585,0.9972464009257193,0.9905670342442295,0.9934682209613832,0.9939152609799025,0.8978539313532792,0.9954553836189611,0.9989220069794328,0.9983329718419599,0.9997722275267225,0.9993319991327823,0.9991240717891295,0.9565358016115352,0.9963902934811418,0.9886725174477307,0.9906489186251334,0.9998752854956537,0.9987248564852996,0.9935136150461555,0.9954013378934141,0.9964975824369583,0.9961230624328337,0.9959223778642106,0.9985929065145165,0.9981169738470732,0.9960043565065503,0.9992810908487567,0.9991541304281717
FMBH,0.9982589978712941,0.9991318967996314,0.9901437285228268,0.9287189928689459,0.9525397046598689,0.9968444775913377,0.9995989131228754,0.9955627935476337,0.9920102026125549,0.9951043286718907,0.9999034401897489,0.9982495115986652,0.9987315635013045,0.9987371421205382,0.9986583641574875,0.9964559605400242,0.9929760500726977,0.9990255116385399,0.9981898785270145,0.9924172937901621,0.9985999185390582,0.9958461443996293,0.9994339707736826,1.0000000000000004,0.9997981304288026,0.9983687849881183,0.9815421961051757,0.9995203783567126,0.9996380711044294,0.9989798502836675,0.9945767578590212,0.9942255096394874,0.9963936798669379,0.9996664445227785,0.9947469797497962,0.9967538175375533,0.9989026498843795,0.9982401673160738,0.9987716825486513,0.9545061997166311,0.9957266973674196,0.9901020726417143,0.9938129380065578,0.9955165275249032,0.8949455181055646,0.9963672987555205,0.9994397241145652,0.9985047748826464,0.9993566314770272,0.9993557431018979,0.999911052897949,0.9612324069171035,0.9952751413486329,0.9912464895784895,0.9895171686789713,0.9996233612559475,0.9976898247825567,0.9950982481895542,0.9936116666847815,0.9955156963677212,0.9963216410602168,0.9973941103172576,0.9984443724507629,0.9992259005641247,0.9970441709144536,0.9991193119514122,0.9997150013088899
FNB,0.9986585947951476,0.999507838402493,0.9910581280333962,0.9275207023939976,0.9483386311103601,0.9956440216626091,0.9991983616221977,0.9939923604774753,0.9901994251876405,0.9935563777823521,0.9998767640446896,0.9972427286300185,0.9988835790390124,0.998145412856786,0.998130646188473,0.9951992613055152,0.992024210247766,0.998867577176331,0.9969750435524075,0.9909747883427522,0.9980945445124789,0.9943914259699155,0.9991355107076552,0.9997981304288026,0.9999999999999999,0.9976220375335572,0.9787840759770361,0.9991597065927025,0.9993066293353631,0.9992270892431264,0.9939788298589511,0.9929552221248793,0.9953292068365526,0.9995443849679121,0.9931023626050604,0.9954177164675949,0.9980421174113879,0.9985415742910039,0.9989964547724918,0.9525785464363737,0.9959601919848734,0.9906095508395771,0.9922290882230654,0.9938935059640267,0.8912159500389258,0.997132526957425,0.999740039443105,0.9986836270147879,0.9987745961831292,0.999698708010279,0.9998480732072471,0.9581882274474356,0.9956965559551872,0.9893544303768279,0.9889134328128588,0.9994263032600998,0.9980388836798944,0.993476070760863,0.993236339829284,0.9962674787072168,0.9966976688126005,0.9961856820063967,0.9972655456341919,0.999323404361482,0.9957014962597751,0.9994834751364992,0.9992879098016004
GBCI,0.9935277378948607,0.9952130748385846,0.9906949730133975,0.9465677969077966,0.9662766728378496,0.9992821874263481,0.9994684654202105,0.998910850797336,0.9972746014590802,0.9984668108867574,0.9976595867798858,0.9995712089996883,0.9948576271036884,0.9958009966164888,0.9950807535152099,0.9988600613674697,0.9872663333890023,0.9953228803191017,0.9990489623287894,0.9975452848867337,0.9998472080987649,0.9989178920717293,0.9969231854266873,0.9983687849881183,0.9976220375335572,1.0,0.9902235178728446,0.9987761064542073,0.9985385839496692,0.9957747933501544,0.9914066965308105,0.9972373534337104,0.996586319147546,0.9968469775380769,0.9983204156528641,0.9992960277271706,0.999707421003499,0.9933823103776195,0.9950163663308581,0.9686016318132186,0.9890865602155192,0.9814884017309989,0.9975451359257544,0.9984238677628837,0.896262711885271,0.9935378730853366,0.9961360766646633,0.9940773690778383,0.9976107754014064,0.9959399253597572,0.9979459260505271,0.9750577882335161,0.9882071871597196,0.9966205193373919,0.9851816328232448,0.996810091525037,0.9924110406223111,0.9985377360242708,0.9879075752323889,0.9885803466779717,0.9905434684249189,0.9994835506044494,0.9980103278561818,0.9964013924712197,0.9989891028037559,0.9963870656706836,0.9979707088710204
GS,0.9688917874744851,0.9728579964763207,0.972746827681275,0.9663412245379113,0.984616115018189,0.9933700938768867,0.9856302763007901,0.9950308756745531,0.9976107291205187,0.9953750083697468,0.979523303389647,0.9909378894331536,0.9739571418511517,0.9788530619520935,0.9758325387027096,0.9917414338862749,0.9651499669892097,0.9753469273127479,0.9901795794886009,0.9956978412707337,0.989179012665681,0.9946361837480675,0.9789514209854858,0.9815421961051757,0.9787840759770361,0.9902235178728446,1.0,0.9842929749298345,0.9838769110176346,0.9744475564789029,0.9697548616433904,0.9928263868410515,0.9857366551647931,0.9782051910067989,0.9956790365730006,0.9936698936525511,0.98853155060855,0.969651215755533,0.9735147497680423,0.9835349839460478,0.9625904369055547,0.9522159337002744,0.9947172788169402,0.9945778636806878,0.8832471899410668,0.975060205570875,0.9752642537816184,0.9720878032452764,0.9821698562900499,0.9745321726820754,0.9801593823099095,0.9951316237301205,0.9603273049694919,0.997762672584738,0.960279955628754,0.9778068443831524,0.9681942269326308,0.9954802602764399,0.9625806179120978,0.9605768354824179,0.9660786826842954,0.9926117287484251,0.9868386150812241,0.9767405274498597,0.9927553430396002,0.976013294455276,0.9822497653006773
HBAN,0.9967495309717749,0.9980221127508463,0.9876854407196747,0.9317340912570393,0.9558439847599296,0.997938780700613,0.9994474683010794,0.9964205316302176,0.9932790094343932,0.9964667807818562,0.999425427626576,0.9988157264373607,0.9983699437752518,0.9978177240052958,0.9979530141109519,0.9963039590117245,0.9905488682120003,0.9979706869392387,0.9987756550184126,0.9929748872998817,0.9991632290839503,0.9965826360094929,0.9980991662947728,0.9995203783567126,0.9991597065927025,0.9987761064542073,0.9842929749298345,1.0000000000000002,0.9997747800802143,0.9971947933898471,0.992836754991434,0.9966984462321452,0.994797714409877,0.9990545119243686,0.9962640999963881,0.9975866768389414,0.9992903373861953,0.9972712975740311,0.9984729655117904,0.955786837511832,0.9935450525419854,0.9892102331360708,0.9938813647632155,0.9969331622101166,0.8904441417183286,0.9963027360704246,0.9987534625764577,0.9978262243053935,0.9984251346489122,0.9981511654919069,0.9995891632952247,0.9657525431403683,0.9933067370144385,0.9935300770744193,0.9869429715180345,0.9984864376149875,0.9957817888313193,0.9964095501292171,0.9910605701819596,0.9935434079387203,0.9957886205873926,0.9983430268905442,0.9981943249887879,0.999163742567148,0.9978576252744887,0.9976346436306445,0.9996052552195197
HBHC,0.9969735311704602,0.9983326477791638,0.9880170764910694,0.9305868936679732,0.9543024333304949,0.9978490945998375,0.999415129539508,0.9963320037762788,0.9931698585881878,0.9964137476634692,0.9995923037907389,0.9988777961947365,0.9986813980298269,0.9985666031567115,0.9981879002868875,0.9965984114738405,0.9917645503294227,0.9984787509839542,0.9988068798978086,0.9928323795956768,0.9989601477091073,0.9967013760068332,0.9987073771323979,0.9996380711044294,0.9993066293353631,0.9985385839496692,0.9838769110176346,0.9997747800802143,0.9999999999999999,0.9977144918954591,0.9926194404872474,0.9958284411229119,0.995854677558179,0.9993274898296948,0.9960566802352092,0.9975880150968173,0.9989674245229954,0.9974687306308797,0.9983651637807028,0.95550575118098,0.9943968815952176,0.9896671726877116,0.9943608150920201,0.9967703923793941,0.8899105061332461,0.9972641646786127,0.9989344423108915,0.9981572556694517,0.9990282408414359,0.9985132770064187,0.9996075894515153,0.9646683148324507,0.9939498524786908,0.9929572694379054,0.9868273857540001,0.9988815550723849,0.9966881949234144,0.9962898645086046,0.9917611409692576,0.9943189763149446,0.9960229559889203,0.9982086421267651,0.9986758929538087,0.9989295917148594,0.9980258534022745,0.9981950713858937,0.9997830694701908
HOMB,0.9991072418162477,0.9993457254757124,0.9924513921414656,0.9220238261818561,0.9441207322284235,0.9930253654199488,0.9980467335761255,0.9918306124991462,0.9875114175990396,0.9907038733655044,0.9990409925128586,0.9952672245456262,0.9978712655797674,0.9980456305081183,0.9978269527288792,0.9943245447499917,0.9944042567563441,0.9988199022425929,0.9950859849853815,0.989094741064815,0.9959357040142747,0.9923325240092361,0.9994800923763489,0.9989798502836675,0.9992270892431264,0.9957747933501544,0.9744475564789029,0.9971947933898471,0.9977144918954591,1.0000000000000002,0.9952816607611062,0.9887694431462123,0.9961937359130681,0.9988809155839058,0.9900943287955465,0.9932201909077801,0.9963304813413527,0.9982753709463419,0.9978471814975275,0.9496885445589106,0.9973772963710417,0.9902359179913854,0.9910096854065191,0.9909892421079677,0.8979962360621296,0.9952067581204023,0.9990375726497687,0.9980330521870926,0.9986694352410966,0.9996726933854416,0.9988374840617732,0.9515053796249315,0.9967482113068081,0.9853875209627,0.9916150285510522,0.9995305499590552,0.9989700054748138,0.9906881398440608,0.9956741545542712,0.9971250060252236,0.9958622309508152,0.9937727376823566,0.9965124725760753,0.9979025846305963,0.9935286025897185,0.9997955189848202,0.9980782944871429
HTH,0.9961143047196646,0.9944847636095323,0.9856093697162359,0.9125262511396977,0.9528984931516428,0.9876823185241882,0.9939281952068894,0.9878072573206009,0.9828475462722833,0.9854530442118482,0.9942736136404362,0.9901855493201704,0.9936484518794703,0.9931075578875028,0.995526632683087,0.9913300642968627,0.9946333245184191,0.9937375822712139,0.9908159450941042,0.9844279529059483,0.9904947035517312,0.9873628416513589,0.9949489184163518,0.9945767578590212,0.9939788298589511,0.9914066965308105,0.9697548616433904,0.992836754991434,0.9926194404872474,0.9952816607611062,1.0,0.9834230308218862,0.9908569789635062,0.9938458427066459,0.9852975196162299,0.9885967353579694,0.9935075359611341,0.9941929488138518,0.9933514470163378,0.9430221636980518,0.993497080762871,0.985321012766227,0.9851938180535444,0.9866169024751131,0.9320886762877278,0.9850527195514781,0.9939228405853532,0.9931113523528573,0.9937874847078796,0.9943182942581896,0.9946239162295623,0.9448587725848802,0.9931614302841094,0.9806648511669456,0.9986392938988293,0.9956252406774111,0.9938771766510747,0.9862616521494719,0.997850935149076,0.9912194620563014,0.9903846629182593,0.9893801996361665,0.9923397702105726,0.9933585068652936,0.9887951194090608,0.9943721458943509,0.9933476979661559
