Ticker,ABCB,ABTX,AJX,ARI,AXP,BAC,BBT,BK,BOKF,C,CFG,CFR,CIT,CMA,CNND,COF,DFS,EWBC,FCNCA,FFIN,FHB,FITB,FMAO,FMBH,FNB,GBCI,GS,HBAN,HBHC,HOMB,HTH,IBKR,IBOC,ISBC,JPM,KEY,LARK,MBWM,MCBC,MS,MTB,NAVI,NKSH,NTRS,OPY,PACW,PBCT,PGC,PNC,PNFP,RF,SCHW,SFBC,SIVB,SLFC,SRCE,STBA,STT,SYF,TFSL,TSC,UMBF,USB,WAL,WFC,WSBC,ZION
ABCB,1.0,0.9997843828710239,0.991256286249705,0.9837950945521204,0.9888043840836006,0.9990969698819656,0.9999296690375316,0.9992820676047107,0.9993482165861269,0.9987012385520886,0.9997389554971794,0.9992831365545215,0.9989515331030624,0.9982313464331019,0.9988987963066015,0.9991156249817773,0.9960900907955179,0.9991106839946845,0.9987675208483285,0.9993856122444016,0.9996781228895352,0.9990832970805639,0.9993038813913269,0.9998574460735407,0.9997247992305482,0.999924718479641,0.9982863318579417,0.9993963695270804,0.9992852718672313,0.9994695519405365,0.9963199536812397,0.9970292960619536,0.9965920202960578,0.9994530772469261,0.9986904765040676,0.9992482479842819,0.9998106110967703,0.9995745913576121,0.9991623507223418,0.9914280865644703,0.9990988213259141,0.996085633428042,0.998051884219652,0.9984137409220842,0.8990290152754683,0.9948808906497757,0.9996220123321288,0.9991081611673106,0.9989763690324653,0.9997067698699267,0.9998202861897242,0.9989954798074495,0.9993431352407068,0.9986650559230316,0.9927840350834646,0.9996989786632764,0.999290553189272,0.9988894218910328,0.9969334694361138,0.9992085731330912,0.9980302309021503,0.9993054646298477,0.9981896412722866,0.9991991402594937,0.9987228622441423,0.9993174818390477,0.9992640461479412
ABTX,0.9997843828710239,1.0000000000000004,0.9908914092752651,0.9837933363670359,0.9858456161705408,0.9994996150260935,0.9999008324014748,0.9992848464603059,0.9994195781112813,0.9991090986764727,0.9999616036219187,0.9995903367731999,0.9993345239127915,0.9985918819214868,0.9987835698722061,0.9987239849055995,0.9955482348790302,0.999431111129773,0.9989872907167946,0.9991770523342152,0.999958789609461,0.999292343089376,0.9993468602708108,0.9999517088562844,0.9999653094191453,0.9999143678563356,0.9985165366788091,0.9996357450460119,0.9996961711139638,0.9993958025041373,0.9944066465432839,0.9976470321733747,0.9965702140191707,0.9997733857213772,0.9990093897281154,0.9994410336667678,0.9995759581157977,0.9997652621468247,0.999469676970576,0.9909343271615408,0.9991856805195275,0.9969044445815785,0.9982180150139274,0.9987141876675101,0.8905694030295033,0.9965510574393336,0.9999449058934278,0.9995570797401859,0.9991221072538095,0.9999348227490594,0.9999282483843608,0.9995586838141647,0.9995341676968816,0.9989742237825436,0.990177866923078,0.999661234339975,0.999558645554348,0.9991221488016034,0.9955468091392428,0.999735533769004,0.9987304079846092,0.9995042968558955,0.9983388700190866,0.9994631286823538,0.9990487683949388,0.9994451030855649,0.9995861854379365
AJX,0.991256286249705,0.9908914092752651,1.0,0.9968697494250962,0.9768330725002689,0.9868726283964214,0.9914907405451678,0.9880816494988206,0.989080506534541,0.9855995457607981,0.9900283760878672,0.9877428574308498,0.9865136655945904,0.9859006281296778,0.9849261180057758,0.9915093283564952,0.9816280781202433,0.9878385313051411,0.9853084738129106,0.9934113532015019,0.9903756714908475,0.9883425177310867,0.9908618530725221,0.9903496732907867,0.991629838625338,0.9908709930703128,0.9844809567282788,0.9874849616190636,0.9878589338357432,0.9940019311226361,0.9872964482511574,0.9812881717922911,0.9908484159259301,0.9884228954346745,0.9849529397045916,0.9876768893512705,0.9887126291586026,0.9879506093652269,0.9867521713813017,0.9994382790384787,0.9884248295125979,0.9776163928528856,0.9904082228890335,0.9837132934830732,0.8969956247752181,0.9859147924282999,0.9900339774207004,0.986585359524012,0.9890544129146261,0.9920999104844808,0.9899292245428342,0.9871749996328307,0.9873402719398277,0.9842282373016985,0.984880978483486,0.9905231969909314,0.9906610953805,0.9856506836273492,0.986441967289899,0.9893504677251981,0.9834610751998708,0.9868160234433164,0.9856750099134901,0.9871067459812541,0.9860304816399421,0.9943124786859239,0.9870921045746083
ARI,0.9837950945521204,0.9837933363670359,0.9968697494250962,1.0000000000000004,0.9655746818401029,0.977938803249894,0.9839707879027187,0.9781119324185128,0.9795424058450236,0.9759090771678183,0.9825613164416566,0.9787532804906557,0.9791593543647701,0.9752468664353616,0.974579570933906,0.9823693472071028,0.9684071542219291,0.9784291794348543,0.9751198195430033,0.9850102463382373,0.9835703476684174,0.978578148422953,0.9816085750926287,0.9825742354284261,0.9851010243564932,0.9832441162810586,0.9735563965371756,0.9800153183698633,0.9802822240565121,0.9864743653601016,0.9775022078493582,0.9725532681967207,0.9797201591671144,0.9800197758702084,0.9750522851160504,0.9781790086029925,0.9802415124039715,0.980024944211583,0.9794518300032518,0.9953097291016981,0.9783874328624906,0.9679656389385108,0.9800300968472944,0.9735372706012067,0.8804636842706155,0.9815818096627954,0.9831973050982714,0.9784801480666075,0.9791302799248501,0.9850100769927543,0.9826396788575336,0.9790063859894226,0.9781651314708345,0.9748040248633989,0.9746769521702159,0.9816703107968799,0.9822299043923486,0.9757811915900368,0.9756133067493267,0.9812510666075829,0.9751186946817579,0.9777464124982067,0.9743997984898061,0.9799718449642985,0.9761469493936707,0.9876897522555177,0.978342351049519
AXP,0.9888043840836006,0.9858456161705408,0.9768330725002689,0.9655746818401029,1.0000000000000007,0.9850121803979608,0.9876744746702547,0.9878146050706617,0.9872828513623624,0.9850477865136481,0.9861049031884994,0.985710674555849,0.9858697327536304,0.9851479314465118,0.9888447651542597,0.990218539469399,0.9904520129805935,0.9851338975346284,0.986265108696397,0.987546249266054,0.9850547528522673,0.9863992623662642,0.987022435149533,0.98688161663462,0.9853238475988912,0.9871783370870044,0.9861885338508083,0.9858764248710176,0.9853517859201995,0.9867110552785189,0.9975862547710642,0.9813910136057501,0.9849156218343741,0.9853060336025109,0.9854901911162594,0.986679073506372,0.989122025209929,0.9862405988412595,0.9847247821708047,0.9792386516511579,0.9871245015211414,0.9802989369148009,0.9851047306984767,0.9857484297929194,0.9514984071574523,0.9736983310554068,0.9851217756134009,0.9846828726731967,0.9863538008581577,0.9853238437444269,0.9868613114784655,0.9833497007994279,0.9866939597102888,0.9852041607386004,0.9979645718378782,0.9878827153888821,0.9858875739037675,0.9864691152401329,0.9955480624859464,0.9835951881880279,0.9820071962626306,0.9866018960818217,0.986563026700042,0.984698383603482,0.9860808710295352,0.9856297782416927,0.9856547304662222
BAC,0.9990969698819656,0.9994996150260935,0.9868726283964214,0.977938803249894,0.9850121803979608,0.9999999999999997,0.999313384961772,0.9996729272448851,0.9996349410460523,0.9999287432913403,0.9996771186063053,0.9999639252788972,0.999504140162428,0.9995371102845408,0.9995391863986905,0.9982885948967148,0.996968666871514,0.9998737472355351,0.9998416063238301,0.9983787198610804,0.9994669274463981,0.9997175498333113,0.9992450650469133,0.999621765683448,0.9992328018708363,0.9994137369556964,0.9996229728665561,0.9996291372800818,0.9997978199657381,0.9984112925766088,0.9933482778463611,0.9986619775698592,0.9965973699181668,0.9999275598200138,0.9998925064245986,0.9998880699875459,0.9994082427691434,0.9997875791155011,0.999485366162477,0.9872108404052937,0.9995944094267799,0.9986046657595353,0.9983835624777345,0.9997684524477327,0.886933699742867,0.9963567697599309,0.999531675101115,0.9999101623399578,0.999438019676041,0.999283435421788,0.9995483164160799,0.9998979425935242,0.9999321372546934,0.9997969877605534,0.9887702490276163,0.9994976570086479,0.9994434733945883,0.9998791521150491,0.9953785408033888,0.9997931205862746,0.9995418810471612,0.9999427147934815,0.9993411014072042,0.9993681200114222,0.9998318628495378,0.9983218357819493,0.9999853046708517
BBT,0.9999296690375316,0.9999008324014748,0.9914907405451678,0.9839707879027187,0.9876744746702547,0.999313384961772,1.0000000000000002,0.9993941832234642,0.9994891559581359,0.9989415892629028,0.999880919996115,0.999469761518431,0.9991477557703928,0.9985147716461342,0.9988765112564713,0.9991414164886454,0.9960671773800921,0.9993096642474364,0.9989166871606522,0.9994330510772298,0.9997883537767276,0.999310630596212,0.9994709118859506,0.9999296428784018,0.9998452106195276,0.9999346360620106,0.9984833448544338,0.999480264482599,0.9994831390218266,0.9995673140096506,0.9955867707032957,0.9973053406447393,0.9969168402737127,0.9996139670473558,0.9988650632239847,0.9994231939657019,0.9996967727772549,0.9996290138680501,0.9991968510604529,0.9916158216168518,0.999275616067827,0.9963117729070081,0.9983589002265341,0.99855834093012,0.8960421083261068,0.9957003917295089,0.9997713088732731,0.9992818996347813,0.999169031065861,0.9998731011630638,0.9998895298769316,0.999256631162646,0.9994631431613227,0.9987640359055068,0.9917736889002169,0.9997884509900966,0.9995440340332148,0.9990335066854152,0.9965062288970535,0.9994934258548374,0.9982851836671545,0.9994084159645356,0.9984140085033633,0.9992017421544825,0.9989763929390543,0.9995200166001776,0.9994316715320638
BK,0.9992820676047107,0.9992848464603059,0.9880816494988206,0.9781119324185128,0.9878146050706617,0.9996729272448851,0.9993941832234642,0.9999999999999999,0.9999466695084249,0.9996888642134393,0.9994294601331994,0.9998188247898344,0.9988582571132639,0.9996885511017893,0.9997264152997773,0.9992135443056515,0.998153871144309,0.9998395402417695,0.9997959303837524,0.9991074145436596,0.9990740497420839,0.999921274524556,0.999736075070088,0.9995746268531603,0.9989581018311047,0.9994381186589174,0.9997177732659793,0.9990771454756223,0.9993011861698851,0.9989109859119559,0.9952777149764459,0.9975034561934324,0.9979309291955616,0.9996840677082489,0.9996664299301722,0.9999253746569211,0.9995448282842527,0.9994444803346936,0.9987906909765193,0.988856673653556,0.9999528611311208,0.9974041871162231,0.9991583081391187,0.9995347472536088,0.8963465013724212,0.9946166529784007,0.9990909251493456,0.9993419216751533,0.9998248848843878,0.9991938329880171,0.9993087913596089,0.9992927487331725,0.9998636162383133,0.9993692991145845,0.9914466299231197,0.9998328490934072,0.9995892979136496,0.9998058912826885,0.9970654071730086,0.9994817224854144,0.9985397908194219,0.999781234562818,0.9997298211578173,0.998691684201332,0.9997605764580174,0.9985345013809733,0.9996875608908188
BOKF,0.9993482165861269,0.9994195781112813,0.989080506534541,0.9795424058450236,0.9872828513623624,0.9996349410460523,0.9994891559581359,0.9999466695084249,1.0000000000000004,0.9996145953827358,0.9995092328350554,0.9998172118909049,0.9988428287157879,0.9996864683061498,0.9995004559970341,0.999402530625884,0.9979472973130498,0.9998585471243518,0.9996467995375031,0.9993437324623344,0.9991818536905442,0.9999583232031979,0.9998918937555389,0.9996477760504304,0.9991384217401162,0.9995047002581984,0.9995643741620865,0.9989997068520975,0.999362118513705,0.9992162294944562,0.9950330190943409,0.9971302173537994,0.9982807146185331,0.9997057265230919,0.999522592472821,0.9999031831599032,0.9994478150006305,0.9993922061710057,0.998688762085388,0.9899081162100848,0.9999719815658729,0.9970533156344008,0.9993999681070821,0.9993378925993565,0.895529758697953,0.995100304304544,0.9991914191095412,0.9993041698195639,0.9999150204687478,0.9994001574063174,0.9993506918814742,0.9992775555711076,0.999813056870754,0.9991626549071131,0.9912453372833337,0.9999141687894106,0.9998085667091633,0.9996915328255496,0.9969626808530933,0.9996162422336476,0.9983717903268505,0.999699771585104,0.9996600915762291,0.9985981026288305,0.9997106283945819,0.9989091981596951,0.9996393767507996
C,0.9987012385520886,0.9991090986764727,0.9855995457607981,0.9759090771678183,0.9850477865136481,0.9999287432913403,0.9989415892629028,0.9996888642134393,0.9996145953827358,1.0,0.9993552624812947,0.9998955967337293,0.9992835610234597,0.9997611543918248,0.9996288159938769,0.9982197719957437,0.9976014221454074,0.9998505864362817,0.99993516169561,0.9980849803768909,0.9990313220860972,0.9997558709568055,0.9991659725881222,0.9993139034987034,0.9987494421618215,0.9990440931117963,0.9998510382597224,0.9993063536278799,0.9995936640631216,0.998025710544071,0.9931112083747903,0.9985017305038626,0.9967991700616707,0.9997509173365531,0.9999628886427189,0.9998820068417875,0.9991509638056792,0.9995194375677491,0.9991173388778762,0.9862032883421334,0.9996520504904192,0.9987310361732095,0.9984868892061367,0.9998908349818436,0.8872943698029019,0.995926162588712,0.9991195566218182,0.999736513054827,0.9994780613657082,0.9988764662005436,0.9991797173608529,0.9997007064696248,0.99987302375838,0.9997768553458611,0.9886215703557204,0.9993395511674396,0.9993259686246659,0.999944261209902,0.9955449320222196,0.9995921945191504,0.9994067116590428,0.999873552054507,0.9996161947730353,0.9989608217860896,0.9999374512705985,0.9978558565332235,0.9998825568352029
CFG,0.9997389554971794,0.9999616036219187,0.9900283760878672,0.9825613164416566,0.9861049031884994,0.9996771186063053,0.999880919996115,0.9994294601331994,0.9995092328350554,0.9993552624812947,1.0,0.9997288459532087,0.9995475108016054,0.9988153061620207,0.9990463951808644,0.9987262863291907,0.9959984922207558,0.9995490468035917,0.9992370316484764,0.9990131180074674,0.9999263677562036,0.9994333344239174,0.9993437044918135,0.9999518477675708,0.9998742989874746,0.9998739143077101,0.998814778493718,0.9997763026862941,0.9998305227716064,0.9992083151251533,0.9944198552116493,0.9980705668733819,0.996501697646069,0.9998583778482368,0.9992743321850499,0.999610305684847,0.9996446248302805,0.9998596125956679,0.9995707208747369,0.9900919593970393,0.9993216120425964,0.9973576726266208,0.9982080963628605,0.9990134262492864,0.8905614029324669,0.9966008180842947,0.9999453507528213,0.9997150641551833,0.9991985430140109,0.9998478909029576,0.9999660241027667,0.9996985228818621,0.999683773534933,0.9992342781781937,0.9901949807148319,0.9996877854026895,0.9995805366144824,0.9993484095384872,0.9957604329516676,0.9997659553686992,0.9990066769021402,0.9996756004793057,0.9986008933083027,0.9995387556695995,0.9993020715104967,0.9992549332811156,0.9997523860512505
CFR,0.9992831365545215,0.9995903367731999,0.9877428574308498,0.9787532804906557,0.985710674555849,0.9999639252788972,0.999469761518431,0.9998188247898344,0.9998172118909049,0.9998955967337293,0.9997288459532087,0.9999999999999994,0.9993842828962654,0.9996337677727881,0.9995755128121673,0.9987107426134599,0.9972732434565209,0.9999468769222879,0.9998369503301097,0.9987816884977163,0.9995015357164491,0.9998562800279418,0.9995262438792683,0.999732426746422,0.9993308112386634,0.9995514677439215,0.9996464396665147,0.9995336462606341,0.9997631783144076,0.998777033077506,0.9939196018996376,0.9982460252386615,0.9971718526582282,0.999951500665641,0.9998375407275758,0.9999588046235444,0.9995095783357942,0.9997645902961745,0.9993497186765051,0.9882253332635091,0.9997723302414279,0.9981868385087731,0.998763407462563,0.999687570821484,0.8894092452713119,0.9960986953321558,0.9995405771221035,0.9998154247856791,0.9996591628017559,0.9994385541614632,0.9995925796016916,0.9997965695074131,0.9999700545048469,0.9996708478062825,0.9895947169467512,0.9997085986294014,0.9996483378120098,0.9998817774397771,0.9959134033428888,0.9998370657174104,0.9992627719104354,0.999944694393372,0.9994754278032831,0.9992475016709795,0.9998462607936384,0.9986289255779155,0.9999605082542175
CIT,0.9989515331030624,0.9993345239127915,0.9865136655945904,0.9791593543647701,0.9858697327536304,0.999504140162428,0.9991477557703928,0.9988582571132639,0.9988428287157879,0.9992835610234597,0.9995475108016054,0.9993842828962654,1.0,0.9984811624243956,0.9989474380063657,0.9977390099740923,0.9957957187383638,0.9989992954249403,0.9990728870718277,0.9974648806090333,0.9993609551295424,0.9988970966465825,0.9983441212541152,0.9993178365182772,0.9991607461095258,0.999062621565963,0.9986833960949137,0.9997178464963034,0.9998447069560321,0.9977745598941337,0.9933568864094529,0.9986068476053326,0.9947731236235042,0.9994301051451059,0.9992143452925403,0.9992483017413945,0.9990995292242765,0.9995831461092345,0.9994527440872459,0.986728525427607,0.9986811208477034,0.9982288985507596,0.996915094232984,0.9991284763035898,0.8883039700583695,0.9973463160937424,0.9995517485592944,0.999713010440135,0.9983531626285628,0.9989532182458173,0.9995423418800581,0.9995152304558036,0.9993937594126533,0.9992706464274351,0.9886702862281441,0.998869269783485,0.9988936324678738,0.9992373527828108,0.9950162675393347,0.999217289568101,0.9993465264227015,0.9994794682999815,0.9981957917361601,0.99930795244389,0.9992667214168376,0.9980573108345606,0.9995757123248684
CMA,0.9982313464331019,0.9985918819214868,0.9859006281296778,0.9752468664353616,0.9851479314465118,0.9995371102845408,0.9985147716461342,0.9996885511017893,0.9996864683061498,0.9997611543918248,0.9988153061620207,0.9996337677727881,0.9984811624243956,1.0,0.9993823855616573,0.998585185300798,0.9983360174913632,0.9997459752407245,0.9997319293689221,0.9982865634089715,0.9983458666257232,0.999837417984244,0.9994022899012293,0.9988926236247336,0.9981584120051475,0.9985799720749575,0.9998662239050132,0.9984056293686278,0.999014129527826,0.9980768331905792,0.9930846675303523,0.9971936289034158,0.9980630239401127,0.9993524157253558,0.999643585333436,0.9997399813022636,0.9986283360528898,0.9988443659212739,0.9981043656714872,0.9870416550963124,0.9998010874197168,0.9977699600191068,0.9992340795698919,0.9995638203491852,0.8900242524794544,0.9950844520441813,0.9984238176251555,0.9990914891128682,0.9997349166786728,0.998506605568301,0.9985222400857716,0.9990847071818867,0.9995909987816506,0.9991760949728757,0.9888888885500373,0.9992843403973418,0.9993927483594166,0.9997305081035054,0.9959422089191294,0.999313446390777,0.998467241356025,0.9994850844502229,0.9999255886230523,0.9979156057945043,0.9998351030019048,0.9977503190164918,0.9994385985987219
CNND,0.9988987963066015,0.9987835698722061,0.9849261180057758,0.974579570933906,0.9888447651542597,0.9995391863986905,0.9988765112564713,0.9997264152997773,0.9995004559970341,0.9996288159938769,0.9990463951808644,0.9995755128121673,0.9989474380063657,0.9993823855616573,0.9999999999999997,0.9984641100218407,0.9983194522663117,0.9994904825902995,0.9998410194176618,0.9980724829042243,0.9986553151321985,0.9994833103096289,0.9989732540016746,0.9991719691248757,0.9983560610703739,0.9990108838851118,0.9997390267925209,0.9991238386794371,0.9991351481797364,0.9978125931552296,0.995452073423136,0.9980535759372119,0.9964537779131639,0.9994059720379576,0.9997531876193256,0.9996912368285897,0.9995223412875749,0.9993954176806031,0.9989208304853316,0.9857253676097778,0.9995230825561734,0.9982232761485178,0.9980579287501101,0.9997869364045077,0.8974471177734902,0.9938069897712322,0.998714373357898,0.999332209402387,0.9992242468288876,0.9984377583095924,0.9990341974151128,0.9991071616881922,0.9997475460162907,0.999652167803025,0.9915762136193825,0.9993038035235988,0.9988424235718137,0.9998343500992377,0.9970833484542329,0.9989219276982579,0.9988132199931994,0.9997649114385913,0.9994929898176342,0.9987926526325623,0.9996439550750785,0.9973654162150907,0.9995932640745819
COF,0.9991156249817773,0.9987239849055995,0.9915093283564952,0.9823693472071028,0.990218539469399,0.9982885948967148,0.9991414164886454,0.9992135443056515,0.999402530625884,0.9982197719957437,0.9987262863291907,0.9987107426134599,0.9977390099740923,0.998585185300798,0.9984641100218407,0.9999999999999999,0.9978962300532176,0.9987257230095595,0.9983101155735133,0.9995437644415559,0.9982757327298614,0.9991808042033686,0.9996152968238469,0.9989827818306387,0.9985036697089068,0.9989219070912394,0.9982713462373406,0.9977613432169163,0.9983119387430902,0.9994045736509625,0.9967305565749196,0.994632650162418,0.9987138823267425,0.9985654129946223,0.9980316039565047,0.998957221131018,0.9987968457243722,0.9982346428433068,0.997138821739088,0.9927853282792168,0.9993160993035503,0.9941776966535806,0.9992035033477048,0.9977453992010896,0.906873667323935,0.9934881577707033,0.9982629397521866,0.9978460069080349,0.999304077140642,0.998881724178171,0.9986205088452473,0.9976960247942758,0.9987411386955674,0.997436861521265,0.994085297829278,0.9995333301253394,0.9994092259885371,0.9984311001455562,0.998379048222739,0.9984750988204042,0.9961838016082898,0.9985278913200113,0.9987351913516395,0.9970925408119883,0.9985885853641531,0.9990583454808052,0.9983853521028906
DFS,0.9960900907955179,0.9955482348790302,0.9816280781202433,0.9684071542219291,0.9904520129805935,0.996968666871514,0.9960671773800921,0.998153871144309,0.9979472973130498,0.9976014221454074,0.9959984922207558,0.9972732434565209,0.9957957187383638,0.9983360174913632,0.9983194522663117,0.9978962300532176,1.0000000000000002,0.9974153412226078,0.997952086682587,0.9963003896209002,0.9950203838984422,0.9979926425968779,0.9975435435814535,0.9963072680367476,0.9948021082182453,0.9960015462261738,0.9984624625590008,0.9955510269447363,0.9962381051381016,0.995629207532248,0.9950486825577516,0.9939280847344659,0.9970847530396693,0.9966252838037847,0.9976223583167344,0.9978180036476023,0.9968419727118316,0.9961518636313992,0.9948543656982664,0.983849691903674,0.9982483314759584,0.9948255349429369,0.9975722961458198,0.997704850176189,0.9083759533278153,0.9892616256778244,0.9951104128192776,0.9961668666741934,0.9979918803008471,0.9953822429104769,0.9958224305899035,0.9957922345223847,0.997476461869822,0.9968757831817262,0.992835681824001,0.9974023462788594,0.9970964004606726,0.997869669237394,0.9982608708815438,0.9960768427544064,0.9950804423857099,0.9973400655718299,0.9988534556344986,0.9946369320096577,0.9979999748856089,0.9947628585967229,0.9969624387954014
EWBC,0.9991106839946845,0.999431111129773,0.9878385313051411,0.9784291794348543,0.9851338975346284,0.9998737472355351,0.9993096642474364,0.9998395402417695,0.9998585471243518,0.9998505864362817,0.9995490468035917,0.9999468769222879,0.9989992954249403,0.9997459752407245,0.9994904825902995,0.9987257230095595,0.9974153412226078,1.0,0.9998171607446562,0.9988993861797624,0.9993175418073157,0.9998988441747886,0.9996235770801812,0.9996101602080145,0.999146810680306,0.99943933958994,0.9996838118182503,0.9992419080262266,0.9995213014238404,0.9988211406872082,0.9936490691376579,0.9979221748054008,0.997628665300159,0.9998788137176163,0.9997885056606424,0.9999241108525552,0.9993521309009826,0.9995759940364958,0.9990862103220922,0.9883950680924838,0.9998439515586263,0.997970283174063,0.9990675473132495,0.9996166198353243,0.8887053970820588,0.9956474539879826,0.9993195836881378,0.9996213653927961,0.9997852636794786,0.9993491698777248,0.9993632956758348,0.9996681496767277,0.9998943539917756,0.9995546192854147,0.9894269526456498,0.9996985146043369,0.9996451007564279,0.999825583869134,0.9958260082208379,0.9998117221367745,0.9990332357398772,0.9998375581683606,0.999603236452534,0.9989954218699368,0.9997860639931879,0.9985505250809736,0.99984042833619
FCNCA,0.9987675208483285,0.9989872907167946,0.9853084738129106,0.9751198195430033,0.986265108696397,0.9998416063238301,0.9989166871606522,0.9997959303837524,0.9996467995375031,0.99993516169561,0.9992370316484764,0.9998369503301097,0.9990728870718277,0.9997319293689221,0.9998410194176618,0.9983101155735133,0.997952086682587,0.9998171607446562,1.0,0.9981595550596454,0.9988921069044888,0.9997358852932846,0.9991741167150349,0.9992821669688289,0.9985892967448273,0.9990624455870319,0.9999245156717195,0.999226296331324,0.9993860025185494,0.9979819898377277,0.9939330990564976,0.9983974445732943,0.9968389179680406,0.9996777822725398,0.9999727620504081,0.9998751636281392,0.9993223660771489,0.999497833775512,0.9990618311928962,0.9859662043979073,0.9996969546129904,0.998622709122883,0.9984713686190607,0.9999398347728985,0.8906486856930244,0.994955922620107,0.9989535621477368,0.999604783329368,0.9994906782691635,0.998728773041307,0.9991088133968598,0.9995341249288014,0.9998853076144003,0.999812359070803,0.9896330147783894,0.9993786834422151,0.9991665492510499,0.9999797338784401,0.9960630700387505,0.9994026208646661,0.9992325909891283,0.9998854660801085,0.9996956693831538,0.9989192382836858,0.9998819712811732,0.9976494670067916,0.9998200802230396
FFIN,0.9993856122444016,0.9991770523342152,0.9934113532015019,0.9850102463382373,0.987546249266054,0.9983787198610804,0.9994330510772298,0.9991074145436596,0.9993437324623344,0.9980849803768909,0.9990131180074674,0.9987816884977163,0.9974648806090333,0.9982865634089715,0.9980724829042243,0.9995437644415559,0.9963003896209002,0.9988993861797624,0.9981595550596454,1.0,0.998861774516008,0.9990695096753885,0.9996985371868532,0.9993047338803731,0.9991073809418353,0.9993867037495587,0.9979068937549858,0.9980073397239313,0.9982837431770776,0.9999203850841454,0.9957580152882801,0.9949548137686035,0.998582446167015,0.9988547603287224,0.9979256579793485,0.9988585249149081,0.9989347461349158,0.9985223544950041,0.9976584600183472,0.9940166039771606,0.9991731120004255,0.9941307221820127,0.9992398792270344,0.9975076080344157,0.9001808537657453,0.9937350911827093,0.9987230171609687,0.9980087147426105,0.9992978976812006,0.9994525573633567,0.9989007053519405,0.9980987355966642,0.9987307651920508,0.9975000634737853,0.9926187692990294,0.9996259371532362,0.9994108050022842,0.9982424499851034,0.9968643436008862,0.9989109878273138,0.9964695088064179,0.998515544654797,0.9982959323489565,0.9977096292420249,0.9982331498129849,0.9995564860561618,0.9984608492181459
FHB,0.9996781228895352,0.999958789609461,0.9903756714908475,0.9835703476684174,0.9850547528522673,0.9994669274463981,0.9997883537767276,0.9990740497420839,0.9991818536905442,0.9990313220860972,0.9999263677562036,0.9995015357164491,0.9993609551295424,0.9983458666257232,0.9986553151321985,0.9982757327298614,0.9950203838984422,0.9993175418073157,0.9988921069044888,0.998861774516008,1.0,0.9990638735242997,0.9990409556256424,0.9998763240658236,0.9999444626328706,0.9998541256314214,0.9983437410753147,0.9997412414823792,0.9996797362211332,0.9991258447149016,0.9938909829073821,0.9979857505278225,0.9959059951454642,0.9997414033606044,0.9989669860674204,0.9992883655526479,0.9995189514118994,0.999807659891043,0.9996584476645596,0.990197909041655,0.9989285677274231,0.997174251406087,0.9977638966032276,0.9986715645571312,0.8878825785598481,0.996638768951558,0.9999759514678624,0.9996065517604728,0.9988365959485331,0.9998461408103582,0.999918538671862,0.9996277334859188,0.9994372515756926,0.9990453843514902,0.9895256578547049,0.9994431985265706,0.9993066859147148,0.9990131411653079,0.9949781497636876,0.9996739571355823,0.9989412388060659,0.9994502750409542,0.9980463906987408,0.9996696584678431,0.9988817153529858,0.999197353518009,0.9995599798903609
FITB,0.9990832970805639,0.999292343089376,0.9883425177310867,0.978578148422953,0.9863992623662642,0.9997175498333113,0.999310630596212,0.999921274524556,0.9999583232031979,0.9997558709568055,0.9994333344239174,0.9998562800279418,0.9988970966465825,0.999837417984244,0.9994833103096289,0.9991808042033686,0.9979926425968779,0.9998988441747886,0.9997358852932846,0.9990695096753885,0.9990638735242997,0.9999999999999999,0.9998012214014745,0.9995150182626913,0.9989807257380974,0.99931073783079,0.9997081851000577,0.9989643592178278,0.9993967478767432,0.9989531605897624,0.9943133679900745,0.9973811278629264,0.9982188049977432,0.9997002206625789,0.9996396881945149,0.9999363912092876,0.999245607975001,0.9993285284047971,0.9986359177416796,0.9891767205684222,0.999977245447642,0.9973897581764836,0.9993901447653821,0.9994683506291596,0.8929904784605217,0.9954536799589099,0.9991066465222334,0.9993639321320407,0.9999094687319151,0.9992622949909071,0.9992274139598142,0.9993703397280512,0.9998191835016356,0.9992482183701047,0.9903107974442721,0.999790151351454,0.9997850105033237,0.9997666141062752,0.9965540118859392,0.9996526508711778,0.9985661288833388,0.9997123996497796,0.9997792583617003,0.9985116242602641,0.9998416654328239,0.9987007025913938,0.9996854391990758
FMAO,0.9993038813913269,0.9993468602708108,0.9908618530725221,0.9816085750926287,0.987022435149533,0.9992450650469133,0.9994709118859506,0.999736075070088,0.9998918937555389,0.9991659725881222,0.9993437044918135,0.9995262438792683,0.9983441212541152,0.9994022899012293,0.9989732540016746,0.9996152968238469,0.9975435435814535,0.9996235770801812,0.9991741167150349,0.9996985371868532,0.9990409556256424,0.9998012214014745,1.0000000000000004,0.999532543084014,0.9991326788053098,0.9994316503542818,0.9990939955831083,0.9985496572021074,0.9990198761227337,0.9995887926388022,0.995047464052122,0.9961910502508404,0.9988347829184111,0.9994421011948924,0.9989972173909951,0.9996216725823113,0.9991622875868628,0.9990238594721931,0.998182211954968,0.9917433979692949,0.9998366013067371,0.9959444820483515,0.9996753674198532,0.9987192101537736,0.896653505805013,0.9949125546673342,0.9990120339235701,0.9988449270209964,0.9998801623132193,0.9994796968661119,0.9991470264004584,0.9988846528692487,0.9994734105861971,0.9985241811713568,0.991436463247109,0.9998921142703165,0.9998606394453846,0.9992405486895167,0.9969013612878308,0.9994858724530913,0.9976451379621152,0.9992940371967796,0.9993650684840273,0.9981207129872492,0.9993176730978324,0.9992890215696228,0.9992509462880032
FMBH,0.9998574460735407,0.9999517088562844,0.9903496732907867,0.9825742354284261,0.98688161663462,0.999621765683448,0.9999296428784018,0.9995746268531603,0.9996477760504304,0.9993139034987034,0.9999518477675708,0.999732426746422,0.9993178365182772,0.9988926236247336,0.9991719691248757,0.9989827818306387,0.9963072680367476,0.9996101602080145,0.9992821669688289,0.9993047338803731,0.9998763240658236,0.9995150182626913,0.999532543084014,1.0000000000000002,0.9998480429459466,0.9999641884903562,0.9988822562274327,0.9996462851713575,0.999684457292015,0.9994079027513035,0.9950472701305472,0.9977180679629231,0.9969164396703475,0.9998537567606521,0.9992596224093881,0.9996499676403939,0.9997759406919687,0.9998335379713011,0.9994644529982585,0.9905490821528701,0.9994593644397777,0.9970896966136364,0.9984755963729296,0.9990098577876754,0.8931588646836691,0.9959487870527893,0.9998582912925689,0.9995990035172608,0.999363450068584,0.999865199852113,0.99992667606423,0.9995682646252608,0.9997240323518246,0.9991928366811249,0.9910097597822396,0.9998304935395294,0.9996237900787541,0.9993837246746208,0.9962075797560174,0.9997300076813253,0.9987603181573576,0.9996890089282052,0.9987369880074993,0.9994487709957329,0.9992802302965125,0.999316908693073,0.9997088474520316
FNB,0.9997247992305482,0.9999653094191453,0.991629838625338,0.9851010243564932,0.9853238475988912,0.9992328018708363,0.9998452106195276,0.9989581018311047,0.9991384217401162,0.9987494421618215,0.9998742989874746,0.9993308112386634,0.9991607461095258,0.9981584120051475,0.9983560610703739,0.9985036697089068,0.9948021082182453,0.999146810680306,0.9985892967448273,0.9991073809418353,0.9999444626328706,0.9989807257380974,0.9991326788053098,0.9998480429459466,1.0000000000000004,0.9998437226307253,0.9980401714631689,0.9995066605454102,0.9995346919101293,0.99940155753614,0.9941382541236105,0.9973643101689457,0.9962439727338888,0.9995818463061803,0.9986268710630045,0.9991368649083302,0.9993871563360738,0.9996053850384383,0.9993556873212083,0.9915209664834356,0.998854711330113,0.9964382787956763,0.9979228804349461,0.9982832455288325,0.8897036439755631,0.9966698939246104,0.9999158749943833,0.9993498299250068,0.998818989996324,0.9999333329185465,0.999855207862113,0.999377760157785,0.9992507989375083,0.9986262376777203,0.9898503035904566,0.9994702803191272,0.9993884428529235,0.9987490660875405,0.9950875892815708,0.9995938457806876,0.9984728967123193,0.9992186099435345,0.9978556813392285,0.9993734546705786,0.9986730985317162,0.9995290075195358,0.9993350408769915
GBCI,0.999924718479641,0.9999143678563356,0.9908709930703128,0.9832441162810586,0.9871783370870044,0.9994137369556964,0.9999346360620106,0.9994381186589174,0.9995047002581984,0.9990440931117963,0.9998739143077101,0.9995514677439215,0.999062621565963,0.9985799720749575,0.9990108838851118,0.9989219070912394,0.9960015462261738,0.99943933958994,0.9990624455870319,0.9993867037495587,0.9998541256314214,0.99931073783079,0.9994316503542818,0.9999641884903562,0.9998437226307253,1.0000000000000002,0.99859898214617,0.9995604866024597,0.99947432983165,0.9994724772511246,0.9953812247357637,0.9975100661898091,0.9967485372916876,0.9997248046115046,0.9990245518255512,0.9994622668680537,0.9998061929435768,0.9997597598174359,0.9994157806365892,0.9909398049215302,0.9992861750579773,0.9967079555563336,0.998297820212464,0.998743002178455,0.894309060579679,0.9953935884771602,0.9997899228992849,0.9994057082382315,0.9992044437075251,0.9998497346608426,0.9998914383154891,0.9993865695577494,0.9995586491141436,0.9990081664657002,0.9915023930350262,0.9997708789617786,0.99944651030268,0.9991532607121646,0.9962587379038124,0.9995617853671201,0.9985103513073507,0.9995258919123113,0.9984588427033732,0.9994423850636539,0.9989818586573533,0.9993211978259511,0.999529290624019
GS,0.9982863318579417,0.9985165366788091,0.9844809567282788,0.9735563965371756,0.9861885338508083,0.9996229728665561,0.9984833448544338,0.9997177732659793,0.9995643741620865,0.9998510382597224,0.998814778493718,0.9996464396665147,0.9986833960949137,0.9998662239050132,0.9997390267925209,0.9982713462373406,0.9984624625590008,0.9996838118182503,0.9999245156717195,0.9979068937549858,0.9983437410753147,0.9997081851000577,0.9990939955831083,0.9988822562274327,0.9980401714631689,0.99859898214617,1.0000000000000007,0.9987108566309836,0.9990463964227299,0.9976435931497927,0.9936293137158418,0.9979143468861058,0.9972056077628287,0.9993736034443564,0.9998565179527649,0.999760215508821,0.9989092119636345,0.9990584295283366,0.9984666490772213,0.985441503906993,0.9996899880362372,0.9983893497723462,0.9986444947693713,0.9998539326675718,0.8913897024366637,0.9945070656823788,0.9984307608974771,0.9992546127976014,0.9994950405620214,0.9982856475105134,0.9986208865638669,0.9991787892439022,0.9996903860831042,0.9995533101376621,0.9894130755436444,0.9991715439363034,0.9990401176527424,0.9998874389480282,0.9961542081051619,0.9991250461049759,0.9988410453109315,0.9996553676561644,0.9998784422382494,0.9982814916588119,0.9998676991034042,0.9972527019608534,0.9995632766999782
HBAN,0.9993963695270804,0.9996357450460119,0.9874849616190636,0.9800153183698633,0.9858764248710176,0.9996291372800818,0.999480264482599,0.9990771454756223,0.9989997068520975,0.9993063536278799,0.9997763026862941,0.9995336462606341,0.9997178464963034,0.9984056293686278,0.9991238386794371,0.9977613432169163,0.9955510269447363,0.9992419080262266,0.999226296331324,0.9980073397239313,0.9997412414823792,0.9989643592178278,0.9985496572021074,0.9996462851713575,0.9995066605454102,0.9995604866024597,0.9987108566309836,0.9999999999999998,0.9997708810742434,0.9982168273339598,0.9939471846684239,0.9989832313680226,0.9948397938509522,0.9996910739877306,0.9993531923872347,0.9993603581980317,0.9995927138320218,0.9999211767206699,0.9999119992582164,0.9872548221798022,0.9988163308376121,0.9982765611535424,0.9970351561825559,0.9991913310030089,0.888151929340106,0.9963146984850999,0.9997895258482323,0.9998297835370882,0.9985477210268741,0.9993093114654193,0.9998371186767011,0.9997401370418784,0.9995546997267374,0.9995541787562852,0.9894459708079565,0.999148541053681,0.9988691772560184,0.9993074548351994,0.9951203316154988,0.99939318836219,0.999518815616048,0.9996582428450052,0.9981957404510732,0.9998709145159105,0.9991285664431172,0.9982837788659603,0.9997293778000309
HBHC,0.9992852718672313,0.9996961711139638,0.9878589338357432,0.9802822240565121,0.9853517859201995,0.9997978199657381,0.9994831390218266,0.9993011861698851,0.999362118513705,0.9995936640631216,0.9998305227716064,0.9997631783144076,0.9998447069560321,0.999014129527826,0.9991351481797364,0.9983119387430902,0.9962381051381016,0.9995213014238404,0.9993860025185494,0.9982837431770776,0.9996797362211332,0.9993967478767432,0.9990198761227337,0.999684457292015,0.9995346919101293,0.99947432983165,0.9990463964227299,0.9997708810742434,0.9999999999999994,0.9985236212047927,0.9934572056743137,0.998402018967655,0.9959850406579089,0.9998038387017084,0.9994875099712205,0.9996260324312531,0.9993501492253086,0.999791155973184,0.9995528638181888,0.9881449900931636,0.9992178430824784,0.9981530055919601,0.9978804713290756,0.9993243231611308,0.8875810996830906,0.9972808673990106,0.99977943805694,0.9998906535497958,0.9990525993944775,0.999456609059722,0.9997552290217437,0.9997835856496109,0.9997121532228151,0.9994433978422146,0.9889422206512062,0.9993740767301498,0.9994498621521508,0.9995234930514514,0.9953353901504862,0.9997034857801469,0.9993827090527522,0.99974316323822,0.998720516298803,0.999446281393067,0.9995422162956844,0.9986878133775164,0.999838841903349
HOMB,0.9994695519405365,0.9993958025041373,0.9940019311226361,0.9864743653601016,0.9867110552785189,0.9984112925766088,0.9995673140096506,0.9989109859119559,0.9992162294944562,0.998025710544071,0.9992083151251533,0.998777033077506,0.9977745598941337,0.9980768331905792,0.9978125931552296,0.9994045736509625,0.995629207532248,0.9988211406872082,0.9979819898377277,0.9999203850841454,0.9991258447149016,0.9989531605897624,0.9995887926388022,0.9994079027513035,0.99940155753614,0.9994724772511246,0.9976435931497927,0.9982168273339598,0.9985236212047927,1.0000000000000002,0.9952236365522936,0.9951223651938157,0.9981926865213917,0.9989181338556934,0.9978129970817793,0.9987798452465886,0.9988758353811001,0.9986273849030367,0.9978611471983622,0.9944365732474838,0.9989891902757257,0.9941510925671482,0.9989915160260392,0.9973530560010422,0.8975792294365861,0.9947354110664682,0.9990120310477792,0.9981584452534236,0.9991145349182478,0.9996695305908392,0.9990979817539151,0.9982589754554267,0.9986772363879868,0.9974344734284359,0.9918986021127278,0.9995672028338464,0.999485318424416,0.9981114144111208,0.9963496850029092,0.9990523943627826,0.9966495042452744,0.9984798628811546,0.9979730182143721,0.997915872726983,0.9981547188483317,0.9998305289906999,0.9984998746225122
HTH,0.9963199536812397,0.9944066465432839,0.9872964482511574,0.9775022078493582,0.9975862547710642,0.9933482778463611,0.9955867707032957,0.9952777149764459,0.9950330190943409,0.9931112083747903,0.9944198552116493,0.9939196018996376,0.9933568864094529,0.9930846675303523,0.995452073423136,0.9967305565749196,0.9950486825577516,0.9936490691376579,0.9939330990564976,0.9957580152882801,0.9938909829073821,0.9943133679900745,0.995047464052122,0.9950472701305472,0.9941382541236105,0.9953812247357637,0.9936293137158418,0.9939471846684239,0.9934572056743137,0.9952236365522936,1.0,0.9900725719615475,0.9930242044715295,0.9938397981486755,0.9933906189514831,0.9944650990632011,0.9963122249264283,0.9943689940421128,0.9932704730755701,0.9885505111297459,0.9948083555163411,0.9887758071340673,0.9935422208670217,0.9933207182318511,0.9324792003571447,0.9842785916109543,0.9937912370389976,0.9930685448134796,0.9944263850120714,0.9942223519060696,0.994892484731345,0.9923837451250118,0.9944968567337806,0.9932045654211666,0.9989112528162418,0.9956367341723039,0.9941512072277517,0.9940567689598805,0.9986977758794298,0.992797671278188,0.990905879833567,0.9943777266846393,0.9939355275456276,0.9933503311719089,0.993666150165253,0.9943514912649116,0.993794004535579
