Ticker,ABCB,ABTX,AJX,ALTA,ARI,AXP,BAC,BBT,BK,BOH,BOKF,C,CFG,CFR,CIT,CMA,CNND,COF,DFS,EWBC,FCNCA,FFIN,FHB,FITB,FMAO,FMBH,FNB,GBCI,GS,HBAN,HBHC,HOMB,HTH,IBKR,IBOC,ISBC,JPM,KEY,LARK,MBWM,MCBC,MS,MTB,NAVI,NKSH,NTRS,OPY,PACW,PBCT,PGC,PNC,PNFP,RF,SCHW,SFBC,SIVB,SLFC,SRCE,STBA,STT,SYF,TCBI,TFSL,TSC,UMBF,USB,WAL,WFC,WSBC,ZION
ABCB,0.9999999999999998,0.9957003677109035,0.7663946228345796,0.9904319469778248,0.7512788158409768,0.938210865490368,0.9907086161479312,0.9985976138627982,0.9931502554028254,0.9960469309974366,0.9981425480164829,0.9829656716670891,0.9994889857178595,0.9945648810281034,0.9944679294210303,0.9971993495403103,0.9589311412620194,0.9959529243802038,0.9835572208834856,0.998160640802371,0.995626286523784,0.9982921149074876,0.999420513366567,0.9968916347748262,0.9976605203326864,0.9972300461198924,0.9989623835729398,0.9963745174718881,0.8898677003137992,0.9990680885608813,0.9990720227176813,0.9986111789114112,0.9859215548793794,0.7659549172725865,0.9931833350762705,0.991207536433411,0.9876734025022199,0.9980802241029071,0.999209141147246,0.9969996614915901,0.9923592330329333,0.9030379503557329,0.9976844094736386,0.7560842697736609,0.9968740615542007,0.9947156097349928,0.6277297142051769,0.9923073379006484,0.9991727816985885,0.9988933774745544,0.9978132212547913,0.9965480952460791,0.9996358385858916,0.982095788801534,0.9979831225828065,0.9807486785222066,0.7228480562848562,0.9994375099411339,0.9971485968721591,0.9790749327815891,0.9810054402842856,0.9984482810702262,0.9864746346266341,0.9941073390031888,0.9969839483849056,0.9966806350038498,0.9920897264667932,0.9933285151761232,0.9972418355649689,0.9983587515751543
ABTX,0.9957003677109035,1.0,0.7560804027869512,0.9983556701704083,0.7360637730794479,0.9205165176429803,0.9900284858105782,0.9930588273541522,0.9843703422208652,0.9965703804426371,0.9920569773678449,0.9806921294605679,0.995293933760209,0.9995286283519483,0.9841147014035957,0.9950295401145498,0.9489826637149534,0.9889024760678273,0.9710762312543756,0.9974346517705721,0.9986016937967529,0.9970373139574754,0.996321099586908,0.9975176068852993,0.9983294461915497,0.9991412213426365,0.9935486737692825,0.9996299879489249,0.8841252750657115,0.9963277228725009,0.9953216943953389,0.9928425173132938,0.9760723799821868,0.7561850140751969,0.9915130293840677,0.9771380098464305,0.9905901948316427,0.9975794069041483,0.9978015643258609,0.9987489688637978,0.9990374186514591,0.8965664390107893,0.9977519636160008,0.7374252314606242,0.9935312527912191,0.9839278090253,0.6045805971343845,0.9929124507346209,0.9936403514566137,0.9965841451870305,0.9949661328293588,0.9994561959451179,0.9971125603257555,0.9914929161209962,0.9984026116235956,0.9940839760653711,0.6883117659196045,0.9957261978584274,0.9883358984962975,0.958344208088537,0.9643656186277441,0.9961348651729418,0.9747921812351992,0.9986124118572576,0.9992869508210092,0.9931621924449069,0.9989185443824959,0.983321490890117,0.9892450669984878,0.9980716013201909
AJX,0.7663946228345796,0.7560804027869512,0.9999999999999997,0.7392966740238529,0.9923706804365461,0.8771006660333172,0.829939536709106,0.79626286236864,0.8185477816723903,0.7312272548214089,0.7847756467156761,0.8550679665299439,0.7737280383221012,0.750987576435589,0.7924583400104738,0.7503495064951851,0.9018559891249597,0.8071199144006282,0.8100926658714435,0.7492632879946528,0.739557771828062,0.7804795743779602,0.7573701326310359,0.7786579098118255,0.7568540951495831,0.7787855450584128,0.7853574684402824,0.7712209396070033,0.9571295200531839,0.7688310164164518,0.7637338221217168,0.7904816859560916,0.8243518326407065,0.9714371092270075,0.789491585463136,0.7907097725227203,0.8253773141489346,0.7723235335311855,0.7525067264715006,0.7805781816982372,0.7351796758880873,0.9639645596088525,0.7562916208144153,0.9673716958138399,0.7578056125791302,0.7540766856888547,0.8015204072453112,0.75033537027858,0.7655741859314623,0.7636974076004371,0.7804377179839086,0.7752138499323039,0.7623743287651118,0.8114968958611506,0.7455406075751725,0.7185961457579774,0.9406440061825743,0.7696349336519923,0.7668334062312184,0.7719239681074368,0.8269861096091721,0.7562209493476695,0.8378947713500973,0.7389182634674341,0.7613702862763666,0.7785126710136356,0.7347695772048611,0.8008519955328566,0.7976547242982434,0.7493467168982094
ALTA,0.9904319469778248,0.9983556701704083,0.7392966740238529,1.0,0.7140946022679996,0.9105749195711432,0.9849191550753943,0.9864636273227351,0.9770627078910338,0.9949840190095967,0.9866719690337896,0.9746833591630799,0.9894986916739021,0.9989719899448425,0.9745587858163435,0.9927878936864695,0.9388008285244918,0.9832440498155643,0.9655580605256538,0.9947899738951205,0.9979589840962279,0.9939273171842267,0.9909847163873552,0.9952525118728122,0.9966447487960614,0.9962856894948903,0.9865679652723407,0.9975075549202962,0.874049886361832,0.9907967306279079,0.9898290491932563,0.9869580144120893,0.9696020212704533,0.7387675875190599,0.990033323852431,0.9667791872684623,0.987645745139279,0.994591108878933,0.994357650237515,0.995411974709344,0.9982417044771494,0.8855908013414319,0.9959677482403769,0.717208894429163,0.9909531036818199,0.9766900587529859,0.5982342809377108,0.9874990076295408,0.9869705356770195,0.9917410765545565,0.9913812447123778,0.9968976749811995,0.9922083774847822,0.9905394685377612,0.9963353586990452,0.997598930213936,0.6666582694703448,0.9914912850225309,0.9816488544285064,0.9459669819709438,0.9557045102540259,0.9915722754320364,0.9642854223865861,0.9968398822567784,0.997345195948406,0.9898378205034799,0.9981220262701963,0.9754498480900581,0.9815729951300254,0.9950003049750914
ARI,0.7512788158409768,0.7360637730794479,0.9923706804365461,0.7140946022679996,0.9999999999999999,0.860440973837142,0.8080305132744168,0.78073694437827,0.8000006804910919,0.7081826472538716,0.7661515498487023,0.8318143238464835,0.7577985697387791,0.727652935086555,0.7790139676752678,0.7276967841769341,0.8812780460179781,0.7888027637641901,0.7859971427125324,0.7287468863042054,0.7158083302048219,0.7617112614539209,0.7425768079952524,0.755637653324356,0.7353773184021676,0.7590175968833675,0.7717909143887443,0.7514158718828733,0.9308958546149382,0.7523478571402502,0.7471040838454311,0.7753093955161682,0.8077381034842467,0.9523182704696901,0.7650633681284736,0.7787488247829093,0.7997964078348072,0.7507265312295852,0.7345699800333159,0.7607270909877833,0.7145358779935956,0.9517805116896213,0.7338839059889798,0.9514421697119183,0.7366634627948393,0.7375946347019298,0.7820363026374189,0.7346524184356702,0.7517267292709926,0.7458364413098543,0.7593528943515881,0.7559309797319232,0.746188588640869,0.7856870704549812,0.7247364759457802,0.6909232950920529,0.9353648244793005,0.7511983981088469,0.7516032937998339,0.761349516409111,0.8107045840654554,0.737586956886075,0.8237487600499934,0.717242820475958,0.7394146315684458,0.7551964106800234,0.7146483883835705,0.7828394886232859,0.7847770324144678,0.7295594422185648
AXP,0.938210865490368,0.9205165176429803,0.8771006660333172,0.9105749195711432,0.860440973837142,1.0000000000000004,0.9515587386675713,0.948601543711241,0.9594907166636565,0.9165712635685985,0.9451864969517438,0.9592377746232129,0.9369461446534749,0.9182568643622507,0.9475527025949143,0.9277065855369264,0.9766948469530221,0.9580902134448804,0.9675462232786183,0.9239218433940661,0.9191878945953957,0.9387501809264022,0.9274692178466226,0.936157405395888,0.9277164160331454,0.9340204650456378,0.9399089079000659,0.9297321354875996,0.9486563781990672,0.9346834620898836,0.9320470642213134,0.9443121163734302,0.9818988775024087,0.873832438404352,0.9400900483874345,0.9454969527827085,0.9476216065609064,0.9356318862138502,0.9318712794086811,0.9348263503083056,0.9082801887928467,0.9495358342836121,0.9293425273637709,0.8739499285357635,0.9292520192588403,0.9353116601214279,0.8484406477160913,0.9049233437870718,0.9327162876341373,0.9305672009367638,0.9393552683173144,0.928288512330719,0.932472329486034,0.9282070582265731,0.9246106541147572,0.892209802284204,0.8970945400589023,0.9382440378396293,0.9361108254204602,0.9395486895143134,0.9785586945455954,0.9269919118316293,0.9562249383348669,0.9108970134738198,0.9282754893339701,0.9418980776233538,0.9076814928718361,0.9515489513334527,0.9460451197269882,0.924592835388199
BAC,0.9907086161479312,0.9900284858105782,0.829939536709106,0.9849191550753943,0.8080305132744168,0.9515587386675713,1.0000000000000004,0.9953438012940966,0.9954190369235529,0.9868490929563936,0.9937809649077016,0.9984238617861195,0.9929781857510698,0.9900137710544746,0.9905993929317715,0.9893694081430586,0.9831690326786188,0.9943892005890808,0.9853061217679061,0.9898501519668609,0.9883828926975159,0.9932035004680198,0.9896804180590175,0.9953492551937269,0.9906782203486253,0.9946074222279415,0.9932114217198426,0.9926346928054227,0.939244386357357,0.9929921757797828,0.9916174905992505,0.993055128476255,0.9856995075312638,0.8371771938036663,0.9921240236501111,0.9853545418062845,0.9989744818655055,0.9946150763919325,0.9896152726142549,0.9954356081440926,0.9850710290394027,0.9399546763934585,0.9911721475329521,0.8239163395137916,0.9885775397747194,0.984306207211342,0.6638579578326811,0.985692079599865,0.9901723492143881,0.992573554558304,0.9944815269609635,0.9933784836193239,0.9914209227013806,0.9937100816422638,0.9891776033384344,0.9765397328639716,0.772499749103757,0.9924138079779073,0.9876407315014337,0.9695783964307397,0.9807194822706086,0.991350234802551,0.9917688374865042,0.9881176166845854,0.9926766484929728,0.9942786976606506,0.9844645571572507,0.9925806401048832,0.9922893323742067,0.9903188195369497
BBT,0.9985976138627982,0.9930588273541522,0.79626286236864,0.9864636273227351,0.78073694437827,0.948601543711241,0.9953438012940966,1.0000000000000002,0.9974604332530594,0.9928368316385003,0.9990915430118775,0.9904108544755783,0.9992120189351638,0.9919706225786361,0.99717330209048,0.9954101513857819,0.9720152224958215,0.9982849747720408,0.9881276899013373,0.995895894133888,0.992433207479564,0.9975751836730904,0.9976285402458416,0.9967873433316587,0.9954777820998997,0.996493873470265,0.9995327484749243,0.9947655731420152,0.9114171005630736,0.9984212609043129,0.9982720842591992,0.9992742072532118,0.9890971233643718,0.7974075444514369,0.9939920832724514,0.9942647304213612,0.9917733892948533,0.9975693888950543,0.9966056473100883,0.9966756753698691,0.9882550558752008,0.9212366042157427,0.9957611927405209,0.7889427381717544,0.9954422813761464,0.9946517483537719,0.6469397804407219,0.9911261502766802,0.9984517383398722,0.9980206787435524,0.9981476572695379,0.9954138768788457,0.9981321649976299,0.9845361616471959,0.9951050229725893,0.9754786826388484,0.7527190071084907,0.9986215779037911,0.9971364077741307,0.9825875365618298,0.9862918840578476,0.9972242748764565,0.9932753073004897,0.9911370198619632,0.9952812652339917,0.9973448296346767,0.9878222671170613,0.9968858719586613,0.9989689703664097,0.9960783681777267
BK,0.9931502554028254,0.9843703422208652,0.8185477816723903,0.9770627078910338,0.8000006804910919,0.9594907166636565,0.9954190369235529,0.9974604332530594,1.0,0.9866318438842944,0.9976940978876998,0.9940134606528238,0.9948381978163895,0.9842506082202841,0.9968601119880919,0.9915629409293508,0.9829529496437936,0.9982167460252913,0.9946749046332697,0.990164941349253,0.9853101716603027,0.9927948348338737,0.9911982170249529,0.9929427998797687,0.9894970132324458,0.9903197438086009,0.9956273962257312,0.9873542350505579,0.9298962876219149,0.9931960542128228,0.993422869657191,0.9963541210458964,0.9904476799530553,0.8242065041230712,0.9928098982657741,0.9959897186701698,0.9910869441886085,0.9933831093906615,0.9898797856843814,0.9908952519471211,0.9775162058507821,0.9325093619692721,0.9905667278348859,0.8202965831630694,0.9920059293242128,0.9938850161769319,0.6713296407858376,0.9832897049651361,0.9936017381456062,0.9929831664002972,0.9956834722956613,0.9883418680830789,0.9920707478120006,0.9796047379521542,0.9883695447013967,0.963350053013443,0.785909816233212,0.9946544354709369,0.9950314410027531,0.9874462479836255,0.9926250684956934,0.992200401240521,0.9976432960191015,0.9826236212587294,0.98893424313291,0.9962320281392706,0.9767287919075988,0.9990647631578545,0.9970876375743981,0.9897211244380587
BOH,0.9960469309974366,0.9965703804426371,0.7312272548214089,0.9949840190095967,0.7081826472538716,0.9165712635685985,0.9868490929563936,0.9928368316385003,0.9866318438842944,1.0,0.9946447139486223,0.9774592625795411,0.9961722470872956,0.9976759187875708,0.9876776007291012,0.9988189255912715,0.9457239655641558,0.9894639612585542,0.9776536568088334,0.9993193832041332,0.9992431631884897,0.9954072168019338,0.996986165853159,0.9970516800302262,0.9983624152669344,0.9958953958495078,0.9935570917952955,0.9956281635965653,0.8738836658360138,0.996702756079744,0.99705940893648,0.9929018617320104,0.9737649583294701,0.7413153685140604,0.9921163712764489,0.9833192802797915,0.9861268504956527,0.9979390358903382,0.9979811309229996,0.9958225283097498,0.9955285151242825,0.8782506375292309,0.9988578639700376,0.728402368513064,0.9968364644202419,0.9919525375613402,0.587599434883023,0.9927728272608519,0.9953828341127944,0.9978638110405995,0.9964405933172178,0.9955862656524153,0.9972965825467683,0.9827727707967339,0.9992724845833949,0.9887488506345145,0.6799306397135215,0.997176612087903,0.9931176420878229,0.9702106422825229,0.9683500896725119,0.9984530019194903,0.9768261681928353,0.9979456161643135,0.9981525042557886,0.9963213608296557,0.9949841193676728,0.9881172282453141,0.9899327720602397,0.9992625721739362
BOKF,0.9981425480164829,0.9920569773678449,0.7847756467156761,0.9866719690337896,0.7661515498487023,0.9451864969517438,0.9937809649077016,0.9990915430118775,0.9976940978876998,0.9946447139486223,0.9999999999999999,0.9887634039405349,0.9988463926418191,0.992013067520767,0.9966532987648031,0.9977230234140126,0.9692219327160243,0.998572662485635,0.9911874595929576,0.9970416890285743,0.9933938793691147,0.9975507647774796,0.9971974853239153,0.997286144237333,0.9963647790490036,0.99536485076837,0.9985789442434233,0.993469384197564,0.906430296536659,0.9975486920226773,0.9982875516977846,0.9991564523431431,0.9873153983911025,0.7873472335077734,0.9962069316463228,0.9949790348568389,0.990247791539282,0.9979867989029279,0.9964119129145209,0.9953024574237634,0.9869829048978767,0.9141084497555891,0.9969725201837595,0.781042233651531,0.9979098178425302,0.9967873285574608,0.6402817263112949,0.9905461533134123,0.9980972455718373,0.9979520069801856,0.9992737203241253,0.9942308360436609,0.9975732497433452,0.9816831612050819,0.9958388021147171,0.9748249189300385,0.7450778507138147,0.9992196694815147,0.9986182772958402,0.9850248432730665,0.9871620226551903,0.9976318724454603,0.9926233453736251,0.9907850467550869,0.9951456531918368,0.9991228571211971,0.9863560532864272,0.9978853661797792,0.9985778173424368,0.9965257635815785
C,0.9829656716670891,0.9806921294605679,0.8550679665299439,0.9746833591630799,0.8318143238464835,0.9592377746232129,0.9984238617861195,0.9904108544755783,0.9940134606528238,0.9774592625795411,0.9887634039405349,1.0000000000000002,0.9861675589131468,0.980970462411285,0.986869529094736,0.9816745775464156,0.9912095491950499,0.9911435398672706,0.9858291237128725,0.9812755364463581,0.9790123366393964,0.9863403125458324,0.9811153853085307,0.9891703158493875,0.9823414138837894,0.987387569334028,0.9870744221975396,0.9845195184381497,0.9563802762701181,0.985739620593484,0.9842505650139517,0.987443181544022,0.9843906679434412,0.8643375089377844,0.9874082994367991,0.9822108754017932,0.9970831074568218,0.9879607081305174,0.9807667111686778,0.9885858275372159,0.9741126929778042,0.9526342935854566,0.9832294044555283,0.8530336603202797,0.9812291911849587,0.9782914730000934,0.6870236440973397,0.9767537021667846,0.9827160069540851,0.9851130449020195,0.9888108445026599,0.9855662278920335,0.9833517465279448,0.9895527122391935,0.9800538693817555,0.9648105011851691,0.8018142005181752,0.985482263199192,0.9814224079849874,0.9673924529119564,0.9818566697071521,0.9835623005828136,0.9922963227788559,0.9783258360130632,0.9846524231613445,0.989279776706048,0.9733248985989971,0.9902550467509204,0.9875679725630557,0.9815969402005604
CFG,0.9994889857178595,0.995293933760209,0.7737280383221012,0.9894986916739021,0.7577985697387791,0.9369461446534749,0.9929781857510698,0.9992120189351638,0.9948381978163895,0.9961722470872956,0.9988463926418191,0.9861675589131468,1.0,0.994509884541466,0.9963214172142807,0.9973706729091106,0.9630440392862419,0.9963147781034105,0.984536169549206,0.9982180721621504,0.9953378503756674,0.9978185660393402,0.9994686526895484,0.9974283453286928,0.9972794227909045,0.9972520791488031,0.9996162286582658,0.9959491545652358,0.8969672719040112,0.9995868677220912,0.9997474882719082,0.9987739527017112,0.9841859371945519,0.7770081702027232,0.9934713916832727,0.9930230202169639,0.9896874686428936,0.9985326589103002,0.9983863103503897,0.9973745184519434,0.9917561154002635,0.9067322041177882,0.9975342393449008,0.7675588836259066,0.9968776558976546,0.9956715411862646,0.6210996103636085,0.9943429183846373,0.9996577771618548,0.9996001865806079,0.9984605238571287,0.9965606379828968,0.9996072802321164,0.9837442443782703,0.9975421470884495,0.9797856223823538,0.726868101357715,0.9994080692310087,0.9978336175505198,0.9811969503008363,0.9809486474468898,0.9992360052751534,0.9895848437269134,0.9945695291109242,0.9970267065283807,0.9975549819963483,0.9913256077772095,0.9954023128915135,0.998021125012548,0.9984596260769069
CFR,0.9945648810281034,0.9995286283519483,0.750987576435589,0.9989719899448425,0.727652935086555,0.9182568643622507,0.9900137710544746,0.9919706225786361,0.9842506082202841,0.9976759187875708,0.992013067520767,0.980970462411285,0.994509884541466,1.0000000000000002,0.9831320876893795,0.9960543039739972,0.9485667109168102,0.9883811316547411,0.9724640005105148,0.9977886089082862,0.9994238434123378,0.99645149630297,0.9953081168585481,0.9980362194056963,0.99857729180287,0.9985873638292718,0.9921904913970064,0.9989798870043587,0.8843638671464393,0.9955861586066458,0.9948392706061916,0.9917563228073267,0.9743391855020443,0.7549381029913893,0.9924596099158401,0.9762886493336699,0.991146211592958,0.9979005322400739,0.9972213433247724,0.9982745289774888,0.9987266398434972,0.8926850692392072,0.9983243934530208,0.7363993715272918,0.9941937081582654,0.9841965089963435,0.6007603830697761,0.992303096484676,0.9925600073795466,0.9963201545084589,0.995355432758681,0.99879042050698,0.9962588530533355,0.9916569221925268,0.9986100166430828,0.9950255022708396,0.6839561117517904,0.9954823521715144,0.987960340664835,0.9579685510943096,0.963608790477665,0.9961818821259779,0.9739242692538683,0.9989713538703772,0.9994886591597489,0.9941979836945084,0.998437781057919,0.9834928727766152,0.9878539560462587,0.9981695964018692
CIT,0.9944679294210303,0.9841147014035957,0.7924583400104738,0.9745587858163435,0.7790139676752678,0.9475527025949143,0.9905993929317715,0.99717330209048,0.9968601119880919,0.9876776007291012,0.9966532987648031,0.986869529094736,0.9963214172142807,0.9831320876893795,0.9999999999999998,0.9907362323659429,0.9724596799282853,0.9951386714213224,0.9885521674053045,0.9905057725988304,0.9849065130077321,0.9902336107206727,0.9939037479516907,0.9902788638608269,0.988204992700729,0.9887927033892218,0.9970479566082266,0.9857777857532557,0.9098826490490417,0.9952150537307313,0.9959491348182505,0.9954162916761408,0.9845751853588839,0.8023439137464136,0.9867578088412993,0.9981791472925224,0.9845454396896436,0.9921047014414619,0.9907949875256908,0.9897647519365336,0.9786062614889665,0.9137944368437323,0.9893234472099361,0.7992290658891558,0.9904716908792078,0.9968483109533045,0.638551889058474,0.989004590704923,0.9966896946197037,0.9947342481664744,0.9935826563242598,0.9870357423851844,0.9939847060192895,0.9733420688266959,0.9887181789946966,0.9613968598212531,0.7612359951056202,0.9942975059459208,0.99699450815014,0.9914866537480344,0.9872745208816527,0.9942535176762645,0.9956792008986778,0.9843308678524277,0.9880751330580313,0.9936952605783199,0.9778143873721952,0.9985714726230535,0.9973641710691601,0.9909915574591256
CMA,0.9971993495403103,0.9950295401145498,0.7503495064951851,0.9927878936864695,0.7276967841769341,0.9277065855369264,0.9893694081430586,0.9954101513857819,0.9915629409293508,0.9988189255912715,0.9977230234140126,0.9816745775464156,0.9973706729091106,0.9960543039739972,0.9907362323659429,0.9999999999999999,0.9542169330944895,0.9941991037102841,0.9850796335590049,0.9994095175120743,0.9977868450701811,0.9974282662137475,0.9971903089269627,0.9980981016316458,0.9988557765641297,0.9959235575824795,0.9955522791859327,0.9950139125636557,0.8854341927697963,0.9966633489802234,0.9976923981532457,0.9962755523029493,0.9794765831695275,0.7546366651155707,0.9963357460797266,0.9881773613688207,0.9876332009700522,0.9986455717016215,0.9977104198742084,0.9954615969030589,0.9919059794676721,0.8925400123902408,0.9993509182252966,0.745313093859921,0.9993879296815092,0.9945939093380525,0.6099153108928754,0.9917181090619455,0.9964822374092616,0.9979770824375815,0.9988241717568223,0.9953899669538517,0.9974640506976266,0.9818241948200231,0.9987573789553698,0.9835627178970042,0.7037967707993512,0.9988720143268315,0.9963864147967244,0.9766616724767164,0.9770983436193427,0.9983131935555504,0.9830603012310658,0.9949099477590606,0.9973844051760657,0.9987372517271798,0.9912800859577949,0.9925025447344981,0.9939409670277413,0.9986531151336064
CNND,0.9589311412620194,0.9489826637149534,0.9018559891249597,0.9388008285244918,0.8812780460179781,0.9766948469530221,0.9831690326786188,0.9720152224958215,0.9829529496437936,0.9457239655641558,0.9692219327160243,0.9912095491950499,0.9630440392862419,0.9485667109168102,0.9724596799282853,0.9542169330944895,0.9999999999999997,0.9759817843667948,0.9789998652275718,0.9521232096101435,0.9467748723520721,0.9617980745916012,0.9543529161592963,0.9639315214329998,0.9532368354509037,0.9608973871767765,0.9661856010018085,0.9560024499704891,0.9803626524441972,0.9614462523223266,0.9593311625101002,0.9674129864665463,0.9783461199270111,0.9126226719503507,0.965033278134848,0.9703517177947496,0.9794474641441899,0.9626272797906786,0.9531833906682505,0.9629439494074312,0.9384803255453604,0.97090666539332,0.9549279456449294,0.9083718858228851,0.9548655207336767,0.9588297171343226,0.7475972162410693,0.9453585019221462,0.9591434141050429,0.9594211759240396,0.9659546342257732,0.9572634979334823,0.9574061868563956,0.9649655833080752,0.9499031394434521,0.9238848476516373,0.87215803585873,0.9616210796684047,0.9605030215521552,0.9601138033368224,0.9809149408142989,0.9569217832716711,0.9860988124339204,0.9448126636779127,0.955814181812314,0.9676755922616767,0.9374817773639567,0.9772534724804898,0.9702081390022543,0.9524031354542707
COF,0.9959529243802038,0.9889024760678273,0.8071199144006282,0.9832440498155643,0.7888027637641901,0.9580902134448804,0.9943892005890808,0.9982849747720408,0.9982167460252913,0.9894639612585542,0.998572662485635,0.9911435398672706,0.9963147781034105,0.9883811316547411,0.9951386714213224,0.9941991037102841,0.9759817843667948,1.0000000000000002,0.9941176356255653,0.9931242552785081,0.9892148398694965,0.9965450825169103,0.9935676695923943,0.9955340712946475,0.9936879124930333,0.9936246700792731,0.9966505926774882,0.9914429366216924,0.9189086885347472,0.9944378131598289,0.9951437549514117,0.9984205295000766,0.9924447331857631,0.8035511195952869,0.9963009383682686,0.9931446517404183,0.9909176509876109,0.9956554212565965,0.9933451208260801,0.993238019046949,0.9822414413922397,0.9295836954849851,0.9941201766767602,0.7977776185708876,0.9953004805321823,0.9929398604502004,0.675378873569569,0.9856299107812315,0.9948361979845781,0.99439970933766,0.9976302789080752,0.99220602535,0.9945763253691121,0.9814623890852625,0.99214828345746,0.9700510309141336,0.7705564837739566,0.9970222336236421,0.9961395512211733,0.9826505040893541,0.992059852457389,0.9934375659782356,0.9934360617277054,0.985422582588055,0.9921902815641463,0.9973370512272869,0.9816787928546719,0.9969633808075364,0.9980011766485015,0.9925326666229919
DFS,0.9835572208834856,0.9710762312543756,0.8100926658714435,0.9655580605256538,0.7859971427125324,0.9675462232786183,0.9853061217679061,0.9881276899013373,0.9946749046332697,0.9776536568088334,0.9911874595929576,0.9858291237128725,0.984536169549206,0.9724640005105148,0.9885521674053045,0.9850796335590049,0.9789998652275718,0.9941176356255653,1.0,0.9807643089900003,0.9755131227975546,0.9839570242706749,0.9792982024336324,0.9844378731362698,0.9807363135544873,0.9785822063480358,0.9844665652806636,0.9749378672385297,0.9262958056108708,0.9816567438194744,0.9833327613345858,0.9879527838748833,0.9897217516176313,0.8160246890047953,0.9887959752263379,0.989429819842466,0.9811022589218238,0.9845549578028514,0.9799370278571374,0.9786189617993957,0.9622641213875359,0.9248391535167885,0.9826369444134945,0.8176975590423602,0.9861917736521608,0.9884314279031083,0.706601150452574,0.9675546800881001,0.9825294416391126,0.9820172207399234,0.9886381682009003,0.9755886062727773,0.9810471460118676,0.9646981715381493,0.9788037539999355,0.9488054531281963,0.8007912321085268,0.9866303080343829,0.9885587653672566,0.9851438759998233,0.9967553094443542,0.9814795310985897,0.9899549685777178,0.9685602761202372,0.9782218440869422,0.9910255315639248,0.9611875414701974,0.9938743753362607,0.9883837344537207,0.9792429370458366
EWBC,0.998160640802371,0.9974346517705721,0.7492632879946528,0.9947899738951205,0.7287468863042054,0.9239218433940661,0.9898501519668609,0.995895894133888,0.990164941349253,0.9993193832041332,0.9970416890285743,0.9812755364463581,0.9982180721621504,0.9977886089082862,0.9905057725988304,0.9994095175120743,0.9521232096101435,0.9931242552785081,0.9807643089900003,1.0,0.9988447187170969,0.9980187253148046,0.9986690306247826,0.9984139198132266,0.9994425536789652,0.9976369591979805,0.9965260875233353,0.9971401612145072,0.8827599250090309,0.9980940002311207,0.9985121889673756,0.9964006082910716,0.978267910878366,0.7529648470018933,0.9948294350639457,0.9868651588266925,0.9883573135196932,0.9991017398968178,0.9989767149678092,0.9973020307988254,0.9951778997306631,0.8918204617148702,0.9996126937825858,0.7411288655655639,0.998472383783915,0.9932429075142344,0.6007715499763103,0.9939062000666754,0.9974602309303213,0.9990020224842311,0.998394977341059,0.997423741758754,0.9988303311445547,0.9845004123917807,0.999683373629986,0.9869818940889421,0.6966486106889611,0.9990175402076719,0.995576042068657,0.9735357366606728,0.9735559079235919,0.9991781602300838,0.9818344267525336,0.9973042466249082,0.9987366506993128,0.9976602352883536,0.9947419345534735,0.9909078803276062,0.9939161828374786,0.9997415574904585
FCNCA,0.995626286523784,0.9986016937967529,0.739557771828062,0.9979589840962279,0.7158083302048219,0.9191878945953957,0.9883828926975159,0.992433207479564,0.9853101716603027,0.9992431631884897,0.9933938793691147,0.9790123366393964,0.9953378503756674,0.9994238434123378,0.9849065130077321,0.9977868450701811,0.9467748723520721,0.9892148398694965,0.9755131227975546,0.9988447187170969,0.9999999999999996,0.9964040810687784,0.9961779686761022,0.9979443106905861,0.999011677259065,0.9976962730948535,0.9926922515598708,0.9979082758606254,0.8783905347889432,0.9962256874407341,0.995902413106291,0.9923704265310713,0.975396204175489,0.7461827644693959,0.9927310146166812,0.9790913192082513,0.9889270889605516,0.9982649817774275,0.9981940565677169,0.9974226734121042,0.9977919230469745,0.8848870083009077,0.9991185604677694,0.7300077134387206,0.9957802494560698,0.9878562288870961,0.5994765922145913,0.9918439467738006,0.9938164507497799,0.9971094196875503,0.9960883488831668,0.9975655655481409,0.9969823724559705,0.9876359158921448,0.999483612819845,0.9930934686106618,0.681881269944974,0.9966204482521608,0.9903001650934363,0.9631515094741593,0.9664881102788013,0.99731540224066,0.9744751929450887,0.9987680209192443,0.9993491690545405,0.9955248350965424,0.9974022836841782,0.9854301004075169,0.9886038841285074,0.999017376029478
FFIN,0.9982921149074876,0.9970373139574754,0.7804795743779602,0.9939273171842267,0.7617112614539209,0.9387501809264022,0.9932035004680198,0.9975751836730904,0.9927948348338737,0.9954072168019338,0.9975507647774796,0.9863403125458324,0.9978185660393402,0.99645149630297,0.9902336107206727,0.9974282662137475,0.9617980745916012,0.9965450825169103,0.9839570242706749,0.9980187253148046,0.9964040810687784,0.9999999999999998,0.9973746840137652,0.9987999345057962,0.9989811933612402,0.998692668184473,0.9972358017500921,0.9981148982550345,0.8993088034083667,0.9970009055231898,0.9969816292919675,0.998468947686073,0.9858284958418548,0.7741163044727914,0.9973882369792515,0.9867530379969288,0.9917492847359557,0.998741049858292,0.9980759695731599,0.997889363376871,0.9930214339167825,0.914459135280478,0.9986286152345755,0.7621071404656277,0.997822409131011,0.9902458305121766,0.6375794535432682,0.9906298872245778,0.9963355084979589,0.99734396406564,0.9987959712193013,0.9984190969475829,0.9979801076475946,0.9877866031611557,0.9979134987353084,0.9846363683579716,0.7264585978249688,0.9989530373695811,0.994636681696195,0.9717556132714864,0.9797882545562016,0.9966726341895947,0.9852274017929031,0.9938813346938088,0.997920049598612,0.9973656002062082,0.9927851979896266,0.9912978097496448,0.9960028036925693,0.9975683885892006
FHB,0.999420513366567,0.996321099586908,0.7573701326310359,0.9909847163873552,0.7425768079952524,0.9274692178466226,0.9896804180590175,0.9976285402458416,0.9911982170249529,0.996986165853159,0.9971974853239153,0.9811153853085307,0.9994686526895484,0.9953081168585481,0.9939037479516907,0.9971903089269627,0.9543529161592963,0.9935676695923943,0.9792982024336324,0.9986690306247826,0.9961779686761022,0.9973746840137652,0.9999999999999998,0.9965109103123616,0.9975605816714023,0.9970521071474284,0.9988009427238232,0.996292226286364,0.8837743330246762,0.9993157856592686,0.9994528380326027,0.99761841409726,0.980056755990625,0.7591997402770495,0.9916987397108938,0.9904074484689799,0.9865687920638583,0.9978515132384759,0.9989213629848268,0.9969809928391364,0.9937481615027833,0.8963091708776342,0.997536669348023,0.748473891596502,0.9965494746277462,0.9944505131094802,0.602601373631393,0.9951426634248444,0.9995155331658774,0.9994313455006644,0.9972190739443267,0.996778573386918,0.999769154961057,0.9821498025587102,0.9982284111896733,0.9822153959473431,0.7069202224677509,0.9988665429317342,0.9968295871371782,0.9778279749235441,0.9754615358260569,0.999246327285572,0.9851136948342574,0.9958413326263453,0.9971726985622763,0.9958269941002083,0.9934533556438551,0.9921776287087901,0.996352075390569,0.9989670447861851
FITB,0.9968916347748262,0.9975176068852993,0.7786579098118255,0.9952525118728122,0.755637653324356,0.936157405395888,0.9953492551937269,0.9967873433316587,0.9929427998797687,0.9970516800302262,0.997286144237333,0.9891703158493875,0.9974283453286928,0.9980362194056963,0.9902788638608269,0.9980981016316458,0.9639315214329998,0.9955340712946475,0.9844378731362698,0.9984139198132266,0.9979443106905861,0.9987999345057962,0.9965109103123616,1.0,0.9990887391270165,0.9990430293238751,0.9960747415703836,0.9982532489023485,0.9044909305203853,0.9973120876052138,0.9971838154043875,0.9966112608132264,0.9832705422138772,0.7815073655833424,0.9972377184338944,0.9854571442630073,0.9948887927564033,0.9997567381201041,0.9975614190021017,0.9988072307976285,0.9942623280111584,0.9114279031746357,0.9992559653827617,0.7680481644123345,0.9973098964817475,0.9900979716985663,0.6312097669774239,0.9920812300838341,0.9954392612178956,0.9979622826088649,0.9991333868256119,0.9985560372113662,0.9975653732831467,0.9912580754858287,0.9983243936430518,0.9876881583638745,0.7221438333717307,0.9984248633170089,0.9934654318671837,0.9702097523658127,0.9772733960523757,0.9975791225076636,0.9849827033399223,0.9961395166378235,0.9991557578351301,0.9985949461050594,0.993762977940713,0.9919313877750183,0.9940925898128249,0.9982764493152596
FMAO,0.9976605203326864,0.9983294461915497,0.7568540951495831,0.9966447487960614,0.7353773184021676,0.9277164160331454,0.9906782203486253,0.9954777820998997,0.9894970132324458,0.9983624152669344,0.9963647790490036,0.9823414138837894,0.9972794227909045,0.99857729180287,0.988204992700729,0.9988557765641297,0.9532368354509037,0.9936879124930333,0.9807363135544873,0.9994425536789652,0.999011677259065,0.9989811933612402,0.9975605816714023,0.9990887391270165,0.9999999999999999,0.9985815092477865,0.9956005799095432,0.9983483177274198,0.8866447379722784,0.9970423550358513,0.9973167300228554,0.9962855954044253,0.9803569347145776,0.7557551804060247,0.9963825733165704,0.9837947524132998,0.990047555741844,0.9992003615008616,0.9987452918073488,0.9978542382281895,0.9957219550056373,0.8984850122361892,0.9998551298475761,0.742372932684777,0.9983040574350868,0.9902083070124673,0.6155570516165737,0.9925626049318598,0.995882483570563,0.9979251979228879,0.9984133317034644,0.9984909764146399,0.9981394934049115,0.98723257959855,0.9995927095023388,0.9891443996692064,0.7006046115046981,0.9986579151609928,0.9938328051288364,0.9687199203025029,0.9736702785343778,0.9977742119355879,0.9802307307136419,0.9968069584204099,0.9991846411580312,0.9973739680948011,0.9953646850711477,0.9891550704518162,0.9932090307456222,0.9991182591109188
FMBH,0.9972300461198924,0.9991412213426365,0.7787855450584128,0.9962856894948903,0.7590175968833675,0.9340204650456378,0.9946074222279415,0.996493873470265,0.9903197438086009,0.9958953958495078,0.99536485076837,0.987387569334028,0.9972520791488031,0.9985873638292718,0.9887927033892218,0.9959235575824795,0.9608973871767765,0.9936246700792731,0.9785822063480358,0.9976369591979805,0.9976962730948535,0.998692668184473,0.9970521071474284,0.9990430293238751,0.9985815092477865,1.0,0.9962052737966727,0.999764465562961,0.9006698085449802,0.997743059613711,0.9967630001623236,0.995952654246021,0.9827860977586627,0.7788626163960036,0.9943725637493122,0.9827318781534333,0.9943745278197819,0.9989688117190667,0.99813080690571,0.9997965065756482,0.99670962702269,0.9115388289793225,0.9982593930720278,0.7625347887964671,0.9949341717289354,0.9871014363045801,0.6282303854270788,0.9925643707132906,0.9954050203550528,0.9977299986081041,0.9973444601116705,0.999806795497437,0.998063268744936,0.9929407324210732,0.9981483530177153,0.9901092546991866,0.7169565626390063,0.99754608521795,0.9912706836069981,0.965322263861556,0.9732757761529164,0.9970072442454705,0.9823463122965748,0.997141382779572,0.9994239752573093,0.9959267215593152,0.9964868032755632,0.9887248747818508,0.9932112365509863,0.9981198464747613
FNB,0.9989623835729398,0.9935486737692825,0.7853574684402824,0.9865679652723407,0.7717909143887443,0.9399089079000659,0.9932114217198426,0.9995327484749243,0.9956273962257312,0.9935570917952955,0.9985789442434233,0.9870744221975396,0.9996162286582658,0.9921904913970064,0.9970479566082266,0.9955522791859327,0.9661856010018085,0.9966505926774882,0.9844665652806636,0.9965260875233353,0.9926922515598708,0.9972358017500921,0.9988009427238232,0.9960747415703836,0.9956005799095432,0.9962052737966727,1.0000000000000002,0.9946362015698792,0.9019290816164623,0.9988131426076161,0.9989662672711465,0.9991803485160717,0.984997884485435,0.7855026748281442,0.9926836962818587,0.9943637342958777,0.9891088694528596,0.9971858043391276,0.9969251507305256,0.9963070014428429,0.9892195544442511,0.914153000221393,0.9956928392074719,0.7771463401033083,0.9956730524515067,0.9951268916819038,0.6265980645680963,0.9935596898859373,0.9994604661028788,0.9986024949666462,0.9976496269299181,0.9955333312617215,0.9987487538366583,0.9826165498506458,0.9955652489916551,0.9757230531759172,0.7378985420267619,0.9985993986775863,0.9977919340405421,0.9827664520645497,0.9825107330997557,0.9979637173039446,0.9919108147434209,0.9921081139924063,0.9951751595386322,0.9963593962112548,0.988835786071499,0.9958684801191958,0.9990686837837378,0.9967377582506445
GBCI,0.9963745174718881,0.9996299879489249,0.7712209396070033,0.9975075549202962,0.7514158718828733,0.9297321354875996,0.9926346928054227,0.9947655731420152,0.9873542350505579,0.9956281635965653,0.993469384197564,0.9845195184381497,0.9959491545652358,0.9989798870043587,0.9857777857532557,0.9950139125636557,0.9560024499704891,0.9914429366216924,0.9749378672385297,0.9971401612145072,0.9979082758606254,0.9981148982550345,0.996292226286364,0.9982532489023485,0.9983483177274198,0.999764465562961,0.9946362015698792,1.0,0.894425598898662,0.9967400616365627,0.9954779484176591,0.9943931971599953,0.9808117293542264,0.7701017670183157,0.9930685115698074,0.9792378398196663,0.9930297790520974,0.9981307357538883,0.997923636797805,0.9994177085499486,0.9978517348483257,0.906712597831502,0.9978171493854633,0.7520966127604319,0.9938419943667852,0.9846055034356201,0.6230704976054734,0.9914517563800866,0.9940123719039661,0.9966950985373604,0.9959642411922254,0.9997805108798558,0.9973288713142703,0.9929201055276581,0.998026280858774,0.9923366500082899,0.7068316612139761,0.9964715143934579,0.9890988600450686,0.9606466452903318,0.9694689990297332,0.9959829900322912,0.9783335953775798,0.9974520220451192,0.9993013892223126,0.9942901354523216,0.9977491370876025,0.9855004858983717,0.9910131777739186,0.9976941219646253
GS,0.8898677003137992,0.8841252750657115,0.9571295200531839,0.874049886361832,0.9308958546149382,0.9486563781990672,0.939244386357357,0.9114171005630736,0.9298962876219149,0.8738836658360138,0.906430296536659,0.9563802762701181,0.8969672719040112,0.8843638671464393,0.9098826490490417,0.8854341927697963,0.9803626524441972,0.9189086885347472,0.9262958056108708,0.8827599250090309,0.8783905347889432,0.8993088034083667,0.8837743330246762,0.9044909305203853,0.8866447379722784,0.9006698085449802,0.9019290816164623,0.894425598898662,1.0000000000000002,0.8953280389235833,0.8913276436243628,0.9044652941003994,0.9261641940130831,0.9689199372105585,0.9081240413868193,0.9057356753100171,0.938074830653376,0.9002371095789006,0.8829457060493421,0.9036005440678332,0.8704992487076785,0.9800120616421008,0.8884608457934965,0.9611092733947187,0.8866555775607591,0.886267395471952,0.7806094149013066,0.8776631071377047,0.8895756329208165,0.8926245177493448,0.9043666854281496,0.8964562319998064,0.8889227414843665,0.9242895348651309,0.8800607936520766,0.8600655381167406,0.9115038742454494,0.8951441227077527,0.8906496488654164,0.8904964927852224,0.9282086043176291,0.8885644659389915,0.9377643103380261,0.8773189186874878,0.8921193814161874,0.9066549158387917,0.8692819091163788,0.9189261105669578,0.9081162357297794,0.8831797461503236
HBAN,0.9990680885608813,0.9963277228725009,0.7688310164164518,0.9907967306279079,0.7523478571402502,0.9346834620898836,0.9929921757797828,0.9984212609043129,0.9931960542128228,0.996702756079744,0.9975486920226773,0.985739620593484,0.9995868677220912,0.9955861586066458,0.9952150537307313,0.9966633489802234,0.9614462523223266,0.9944378131598289,0.9816567438194744,0.9980940002311207,0.9962256874407341,0.9970009055231898,0.9993157856592686,0.9973120876052138,0.9970423550358513,0.997743059613711,0.9988131426076161,0.9967400616365627,0.8953280389235833,0.9999999999999998,0.9994821697230792,0.9971867508450837,0.9830075244269286,0.7764221174109858,0.9914085475788206,0.990742030802423,0.9904319995086204,0.9985457788585252,0.9987588886948779,0.9982275564936406,0.9938814810640395,0.9022587051781072,0.997375482236486,0.7646953619329339,0.9952479637543892,0.9942770691789786,0.6165100775231833,0.9943457785759456,0.9991002592027705,0.9997327207460299,0.997450733466727,0.9969881697078711,0.9996894426179163,0.9856625378959994,0.9978445855672619,0.9828651881311593,0.7206652725199818,0.9986961295022416,0.9958944586009701,0.977892505559958,0.9776502073271551,0.9994132337430861,0.9872365536927596,0.9963518066710887,0.9978118386291495,0.9966946506308362,0.993492922144515,0.9936942172611387,0.9960926039022375,0.9988354395827127
