Ticker,ABCB,ABTX,AJX,ARI,AXP,BAC,BBT,BK,BOKF,C,CFG,CFR,CIT,CMA,CNND,COF,DFS,EWBC,FCNCA,FFIN,FHB,FITB,FMAO,FMBH,FNB,GBCI,GS,HBAN,HBHC,HOMB,HTH,IBKR,IBOC,ISBC,JPM,KEY,LARK,MBWM,MCBC,MS,MTB,NAVI,NKSH,NTRS,OPY,PACW,PBCT,PGC,PNC,PNFP,RF,SCHW,SFBC,SIVB,SLFC,SRCE,STBA,STT,SYF,TFSL,TSC,UMBF,USB,WAL,WFC,WSBC,ZION
ABCB,1.0000000000000004,0.9997272237860528,0.8848900107684609,0.8148374880473922,0.9219680269386713,0.9865325239442052,0.9963057628475144,0.9870451429655088,0.9854531121679225,0.979301742848427,0.9988293990840049,0.9944109855822217,0.9980570597154943,0.9979948191554799,0.9770849012412485,0.9909122812347594,0.992833019212825,0.9990395527584179,0.9947049268696027,0.9869101833064041,0.995148363570288,0.9904183063675162,0.9987348041935304,0.9982431829483829,0.9985992106559758,0.9945530096085865,0.916671604088274,0.9972292724908366,0.9975560101372339,0.9989884005326919,0.9931297375932568,0.88435338818507,0.9933037978157843,0.9981044888012967,0.9832375177717266,0.9919032915482145,0.9959454030989018,0.9991311020171719,0.9990822929725909,0.9002660834966759,0.998919071446468,0.8906080632877207,0.9890234333751079,0.9908019631966068,0.8041628336429263,0.9960521857933639,0.9994186710364032,0.9992188933813503,0.9974811090482129,0.9993815010958464,0.9988378715234421,0.9456797842443243,0.9988539471036418,0.985592124378065,0.8894806209125109,0.9991877382905835,0.9994500804178278,0.9889437771625916,0.9934025522749192,0.9937884872119662,0.9983445092839577,0.9930584630913689,0.995275315170433,0.9987334717425737,0.990627849274575,0.9983883006882041,0.9981103929581788
ABTX,0.9997272237860528,1.0000000000000002,0.8870117343034549,0.8214424782342622,0.924531778056659,0.9888131943950356,0.9973727725477173,0.9891322491769954,0.9878579502237363,0.9819550224821814,0.9995306513873646,0.9960015829493298,0.998597982288348,0.9986726107849271,0.9778320872160744,0.9923296295711955,0.9921670083241478,0.9994415000027663,0.9960663352660606,0.988986931327779,0.9966188754634981,0.9924217782275014,0.9992002536176593,0.9990247686349008,0.9993554547027419,0.9959751892777701,0.9211419074951211,0.9982980101613392,0.9986519593920984,0.9992532944728686,0.992042265758214,0.8880984030279616,0.994470484642228,0.9988646076353339,0.9857447547173163,0.9937414626965608,0.9969201993030898,0.9992738599257831,0.9994234858004554,0.9051723843925741,0.9984809833872822,0.89164160169574,0.9910077793803281,0.9927439153208192,0.7990191565013856,0.997641696186939,0.9999096735832935,0.9996071830956097,0.9983471533363715,0.999822807803915,0.9994626832033942,0.9507351383653752,0.9982885007434933,0.9880261284600943,0.8884265592123047,0.999548422217261,0.9994600987317318,0.9911004133575022,0.9922168785134811,0.9939262855678087,0.9985767425931835,0.9947603689799601,0.9964477416019972,0.9992419538364468,0.9925807883692549,0.9989461028588099,0.9989575106317015
AJX,0.8848900107684609,0.8870117343034549,0.9999999999999999,0.9502925362324081,0.9227460995608225,0.9245112169765889,0.9059399954381557,0.9171811447355366,0.8988057397575574,0.9349468762494978,0.8927921389342633,0.8890962898055534,0.9017147842902508,0.8855553922724378,0.9523432739963797,0.9113146131442049,0.9073952859529207,0.8785887456010155,0.8788714743481385,0.8970224303973495,0.8856710859079518,0.8988344613345248,0.8863458444846216,0.8982128372271585,0.8985854934651886,0.8961462295652519,0.9651395752745607,0.8921662017216495,0.8887285298358393,0.8993519751882751,0.917122726658325,0.9803394886882159,0.9024854025545793,0.9023619504964473,0.9233001980249905,0.8952708624739674,0.8836166819132499,0.8957143524734793,0.87569320679459,0.9576387879112094,0.8781124930850872,0.9672352711607465,0.8848062375749488,0.8830747683402875,0.8991892267243174,0.8811898061609401,0.8868632775212605,0.8857497140220747,0.8971491015796967,0.8945354878262912,0.8870681366090887,0.9011673436562411,0.871381136513241,0.8747028001970218,0.9815143456387139,0.8905877754973854,0.8843974694531859,0.9005395294676848,0.9152655807809,0.9193594798341344,0.8732300126868368,0.8907429029518179,0.8973304011300641,0.8757337059162721,0.9091608949998715,0.9037004000454585,0.8812305639157465
ARI,0.8148374880473922,0.8214424782342622,0.9502925362324081,1.0000000000000002,0.940976459383301,0.8875393401187155,0.8570637266630884,0.883901597049952,0.8759308884978901,0.9019908554173246,0.8348155582869823,0.847957323557654,0.8358608256993024,0.8233086184687729,0.8816781326035538,0.8735891708961093,0.8269699767611153,0.8135582505287249,0.8353321536619357,0.8732556119547498,0.8452300383973925,0.8652544044053474,0.8262319411295256,0.8424880747456609,0.8409648131345706,0.8562494628812838,0.958771973501164,0.8416093226873516,0.8370168072238893,0.8355444586195063,0.8491929963903586,0.9445271115380487,0.8532430021538964,0.840503926930224,0.8915691339386339,0.8594210237592544,0.8397797418831614,0.8244730788139383,0.8117464955489769,0.981703513190843,0.7983881049287945,0.869931221138224,0.854269910545411,0.8494580845398834,0.84385914275591,0.8250601939017921,0.8245786085093519,0.8177386758303383,0.8399019757571581,0.8307612162527291,0.8307753372566291,0.9235435966011066,0.7906206430513979,0.853528590800129,0.9012789227566328,0.8288753656636234,0.8119376133075336,0.8688871149084777,0.8350738125576171,0.8359321255238208,0.799745077845369,0.8531590187218254,0.8458963776662105,0.816208211755581,0.8699602618465434,0.8428206084774391,0.8259362460058062
AXP,0.9219680269386713,0.924531778056659,0.9227460995608225,0.940976459383301,1.0,0.9643701753954599,0.948628678618254,0.9667063626503856,0.964696565684655,0.9706106441585729,0.9345786510754562,0.9471901107637136,0.9331490583180734,0.9303750033785257,0.9484822383142575,0.9620109864694073,0.9325009991359705,0.9228799076191873,0.9424217931858289,0.9614945615730245,0.9432755743593846,0.9576890409384166,0.931220380313002,0.9396495288893258,0.935763292329698,0.9506430875982711,0.9784478423014648,0.9409446749234489,0.9379837217920985,0.9318444548229782,0.9485509780646316,0.9385667087644735,0.9469769974648437,0.9362676436068151,0.9686708259706539,0.9548623394361458,0.9445239046685778,0.9256109032090966,0.9209604548799305,0.9795071316210511,0.9112934749981444,0.8820892248711959,0.951610641833773,0.9516524446836674,0.8978334159641727,0.920741882423712,0.9268841934440915,0.92314998509948,0.9391252138456653,0.9288727967271571,0.9336771894649951,0.9817419591579212,0.9065793692015706,0.9544292374077045,0.9185372603460131,0.932534868282564,0.9182379982195031,0.9606980075013327,0.9355104113790863,0.9213318912719644,0.9111277696960591,0.9515645480515633,0.9462009407267056,0.9244419513964964,0.9589171804001784,0.9347849429034006,0.9326067962234734
BAC,0.9865325239442052,0.9888131943950356,0.9245112169765889,0.8875393401187155,0.9643701753954599,1.0,0.9963994182533041,0.9994010004276334,0.9965160991690778,0.9990721129052784,0.9926108523147683,0.9952781232432708,0.9926551449566786,0.9911695486427599,0.9890235160626631,0.9974317980186663,0.9871111846085461,0.9882506103067921,0.9930734614200221,0.9947080720548718,0.9934519942115766,0.9972345568115235,0.9903966380124966,0.9942153958352408,0.9931072612416245,0.9958000197483126,0.9674374787579983,0.9943929535443999,0.9935196340554622,0.990798843979274,0.989127207543085,0.9362215959492525,0.9940145331950865,0.9941761927056783,0.9997136054876132,0.9968082984037708,0.9930568527018582,0.9898655613003857,0.9872024805479137,0.9518747510860232,0.9829018440617753,0.91872665794636,0.992857248891728,0.9949222244471259,0.8332478689147119,0.9882743932110941,0.9898662126256481,0.9891609236821004,0.9941131218973528,0.9907111249864522,0.9915313068034188,0.9816882899517458,0.9806871469458488,0.9924265492334001,0.9191614942516574,0.9912247576390915,0.9862545050608422,0.9979986962758093,0.986352264236066,0.9876638882424614,0.9844467922104685,0.9960223989758729,0.9958319781533673,0.9882046903404462,0.9989961571292254,0.9921342150288766,0.9914531855418486
BBT,0.9963057628475144,0.9973727725477173,0.9059399954381557,0.8570637266630884,0.948628678618254,0.9963994182533041,1.0,0.9968994375835274,0.9955886167708198,0.9920467153065696,0.9990092599850636,0.9987293414847858,0.9977698058576233,0.9973995634367399,0.9835971451204565,0.998302114125314,0.9914585034882347,0.9966053359123048,0.9976765979384505,0.9959295240568504,0.9985643870523673,0.9979192256811508,0.9979866894528286,0.999548603917824,0.9991993934663476,0.9993334005478046,0.944173150613276,0.9992434764622272,0.9989775180611833,0.9982292720433256,0.9939205400236548,0.9096001522577553,0.9974420891266943,0.9988285875532141,0.9946737661705802,0.9983623324349278,0.9985774962613491,0.9968430191106455,0.9961528700153892,0.9320506312415578,0.9932460145958687,0.9007090958589072,0.9957064187343312,0.9968454646724734,0.8207211161954284,0.9955108631153303,0.9978315060118644,0.9967411134953291,0.9989294456447925,0.9982135290174566,0.998688155217399,0.9694077011086727,0.9920937471013782,0.9937130100717161,0.9031064710084145,0.9984372612249879,0.9956343697234447,0.9973330306186124,0.9917994287140872,0.9919322873343726,0.9936293053440927,0.9984790540466775,0.99867361408478,0.9967371281442772,0.9982031914949514,0.9986831787886224,0.9981188006774171
BK,0.9870451429655088,0.9891322491769954,0.9171811447355366,0.883901597049952,0.9667063626503856,0.9994010004276334,0.9968994375835274,1.0,0.998497599659642,0.9979480723324815,0.9930040219982138,0.9966450050465282,0.9917424951570815,0.9919589179036594,0.9851989985903998,0.9988794816714103,0.9869704614032461,0.9890820946596229,0.9948326054835166,0.9972422688487201,0.9948641872454537,0.9987477736802349,0.9916849498853999,0.9946286390831199,0.9932445239456068,0.997089337525738,0.9638409836853891,0.9948062437266507,0.9941427700356662,0.991356523472673,0.9894826052059293,0.927485488413257,0.9958123417550413,0.9938369460183681,0.9993633241553834,0.9982396989380056,0.9947994003645433,0.9892209152804885,0.9875560504419879,0.9516305432864359,0.9833052784703096,0.9072471415428438,0.995735210833598,0.9966660941491847,0.8341082433908673,0.988035867683319,0.9901496581511194,0.9889691203415617,0.9948548075761926,0.9909209994373843,0.9922745340857426,0.9834420403156058,0.981033465398113,0.9948449013943815,0.9119681610626807,0.9920692987100443,0.9866760324746998,0.9991333945468451,0.9860107280889977,0.9851077203913489,0.9840556403568362,0.9973950506688244,0.9967604049951191,0.9888051555713779,0.9994282932262051,0.9923930798630063,0.992401001815358
BOKF,0.9854531121679225,0.9878579502237363,0.8988057397575574,0.8759308884978901,0.964696565684655,0.9965160991690778,0.9955886167708198,0.998497599659642,0.9999999999999998,0.9938445926040306,0.9919297628483438,0.9974596641483928,0.9884349838322064,0.9909415975503134,0.9744959965128813,0.9982181764419914,0.9812787921586148,0.9884975269732338,0.9961709130587006,0.9993892091293168,0.9962658443865043,0.9993607466662109,0.9912941287202807,0.9933004641719393,0.9917908054307208,0.9975707376638526,0.9543438821095213,0.9942149582599477,0.9939290856811525,0.9895572827288501,0.9844071080551959,0.9093987315072725,0.9952844438778378,0.9912191921320886,0.9967857441662684,0.9989053881602672,0.9958829835206039,0.9860357869033893,0.9870014576336558,0.9475412963493597,0.9810852184481255,0.8833048795495861,0.9984247458299713,0.9982966167335299,0.8160098753209281,0.9881255392243383,0.9891431321213885,0.9870748360812573,0.9935444864732421,0.9892940722055157,0.9918920092500858,0.9862647721035157,0.9791253549514531,0.9982716368546138,0.8900010060888447,0.9909616445322386,0.9849942716630437,0.9993362990917785,0.9798051544035098,0.9780283059129979,0.9823358896458838,0.9982182411108985,0.9956717244879846,0.9887758946571499,0.9981446247243096,0.9904972230489467,0.9924682865563814
C,0.979301742848427,0.9819550224821814,0.9349468762494978,0.9019908554173246,0.9706106441585729,0.9990721129052784,0.9920467153065696,0.9979480723324815,0.9938445926040306,1.0000000000000002,0.9867261175379798,0.9904255875065052,0.9876092730998544,0.9853227657600881,0.9904282843770504,0.9946174774745581,0.9835210373158981,0.9812917671929139,0.9875314024469765,0.9911574542070074,0.9877329212343041,0.9938737105887847,0.984046182660783,0.98893537202552,0.9874718478229788,0.9911169578579242,0.977272269024766,0.9890134568774989,0.9878365744312804,0.984891647511605,0.9855431352106274,0.9487214717794458,0.989986468406067,0.9892975656447548,0.9994021454937173,0.9929530862183664,0.9873009709736246,0.9839443366947912,0.9797632499918503,0.96051719189443,0.9754286653202066,0.9279361644769119,0.9883404820553832,0.9905303727702016,0.844128465032003,0.9814265847017605,0.9831622972415863,0.9826331156163965,0.989140117257182,0.9844871747436287,0.9851782385953352,0.9839960027951536,0.9725465796298111,0.9880083307379862,0.9291625932715802,0.9851254297861383,0.9791926294606688,0.9951890576298268,0.9825905289163622,0.983728093872435,0.9769019021128346,0.9916209500095424,0.9916934321105105,0.9808946785121709,0.9965277327711625,0.9866246744704404,0.9851236885846271
CFG,0.9988293990840049,0.9995306513873646,0.8927921389342633,0.8348155582869823,0.9345786510754562,0.9926108523147683,0.9990092599850636,0.9930040219982138,0.9919297628483438,0.9867261175379798,1.0,0.9980677585649363,0.9989123230526233,0.9989929199778651,0.980205809581454,0.9952957629447252,0.9922263641690361,0.9990915150820133,0.997802401502938,0.9925288506753056,0.99828651033488,0.9955591615908425,0.9993460720672187,0.9998571014999775,0.9998458767290488,0.9980857021122788,0.9307308390437199,0.999529022488823,0.9996555460184519,0.9991813678977386,0.9927476759791856,0.8965313798595338,0.9961827406510999,0.9994738268383423,0.9901866356932632,0.9965635054756475,0.9984528325592008,0.9988570917715612,0.9989406110368855,0.9155240424864944,0.9969480254864231,0.8945993611785783,0.9938278003761909,0.9955926871398101,0.8050575181204587,0.9977192713515491,0.9997411988431214,0.99921126974149,0.9992529664953763,0.9996860844590053,0.9998775156005643,0.9595441699472054,0.9964199761283334,0.991663961218391,0.8926861003224902,0.999702719417067,0.9984719259427243,0.9946190024957018,0.9920685294595667,0.9933170759082374,0.9974978934267473,0.9972581231940041,0.9981886162688323,0.999096942492655,0.9957283114454043,0.9991944764190251,0.9995309434154754
CFR,0.9944109855822217,0.9960015829493298,0.8890962898055534,0.847957323557654,0.9471901107637136,0.9952781232432708,0.9987293414847858,0.9966450050465282,0.9974596641483928,0.9904255875065052,0.9980677585649363,1.0000000000000002,0.995502803375739,0.9975424885424208,0.9766344472507857,0.9977306919587212,0.9881246774930111,0.9965800964878834,0.9996747494838493,0.9973466065009831,0.999515871686875,0.9991811388653359,0.997644253257548,0.9984375144076428,0.9976335538941,0.9996045311619054,0.9394247480581752,0.9990111233889677,0.9991018132230257,0.9960445422433398,0.9889672461974278,0.898245727118167,0.9972720398385776,0.9971832725322529,0.9941899267254107,0.9996416009864476,0.9994637657433106,0.9945106956896163,0.9958082399854944,0.9270548586747843,0.9917333792439138,0.8850891699910721,0.9982553883433964,0.9994017680402663,0.8027137105920646,0.9955981773071152,0.9967817610783901,0.9956811303193789,0.9983968827643165,0.9964845812571483,0.9981614802994417,0.9730956549172031,0.990732698201624,0.9975317693475252,0.8854579582505541,0.9974906773841656,0.9941746142601764,0.9986645205368242,0.9866378496996362,0.9867428231120472,0.9930212054126233,0.9998628753696044,0.9989528051323956,0.9967407088496256,0.9983645219391732,0.9963433187413201,0.9986516500188268
CIT,0.9980570597154943,0.998597982288348,0.9017147842902508,0.8358608256993024,0.9331490583180734,0.9926551449566786,0.9977698058576233,0.9917424951570815,0.9884349838322064,0.9876092730998544,0.9989123230526233,0.995502803375739,1.0,0.9979233382811715,0.9860981109607659,0.9932510697775367,0.9943882793876732,0.9976779155484781,0.9949785566205521,0.9881011393794639,0.9952288841087663,0.992876927306103,0.9974341086149394,0.9987976770471526,0.9988905844046507,0.9954800849321893,0.935022078587045,0.9982591500536153,0.9981912970131861,0.9980597950756571,0.9940357971763839,0.907663849382909,0.9937052448962096,0.999505280275652,0.9899989978646219,0.9939979261548025,0.995622525181995,0.9995160160615876,0.9978206220520346,0.9138047931683334,0.9967600980797687,0.910933464164478,0.9892188976305535,0.9926121607909683,0.8141136403763851,0.9965616555331914,0.9987139305610023,0.9991116376362039,0.9980598119923412,0.9988023238984539,0.9983152504699091,0.9549580470902599,0.9962009705051758,0.9872679699164093,0.9056228507613359,0.9984239840963585,0.9978325904668036,0.9924681600800929,0.9944154190859148,0.9966551470114676,0.9975604291720281,0.9947276134569576,0.9969530937962351,0.9974969979486419,0.9947319241560402,0.9982857561661768,0.9977695664794779
CMA,0.9979948191554799,0.9986726107849271,0.8855553922724378,0.8233086184687729,0.9303750033785257,0.9911695486427599,0.9973995634367399,0.9919589179036594,0.9909415975503134,0.9853227657600881,0.9989929199778651,0.9975424885424208,0.9979233382811715,0.9999999999999999,0.97913820689265,0.9942525115851226,0.9942973783782538,0.9995478707726546,0.9979386189063241,0.9909860953353656,0.996720500343686,0.9950341455796752,0.9994888119846081,0.9987908454524476,0.9983278075021227,0.9965126729413873,0.9277819651954069,0.9981786302921132,0.9988467101709219,0.998275529099822,0.9912265148129683,0.8917446309916008,0.9969399859098373,0.9988603429299575,0.9889901994723178,0.9959472121160444,0.9974003643287829,0.9981604297295678,0.9981287250513453,0.9089150112299368,0.9979352939324311,0.8924742666323726,0.993997395810682,0.9954140356296006,0.8013220602948598,0.9966378833119968,0.9986868576088064,0.998941131284198,0.9994911882088487,0.9986824914401993,0.9987438686901675,0.9563621432044799,0.9971102960001782,0.9908482295777256,0.8885773248774541,0.9994323073460146,0.9987239383701672,0.9939450151777162,0.9921227873212408,0.9928136724145293,0.9975944010383628,0.996518547527231,0.9988221627291103,0.998076403181318,0.9952046261137795,0.9978543193702117,0.999317351927803
CNND,0.9770849012412485,0.9778320872160744,0.9523432739963797,0.8816781326035538,0.9484822383142575,0.9890235160626631,0.9835971451204565,0.9851989985903998,0.9744959965128813,0.9904282843770504,0.980205809581454,0.9766344472507857,0.9860981109607659,0.97913820689265,1.0,0.9824071592772878,0.9886395491322993,0.9755665977061139,0.973545484193526,0.9715845812195685,0.9734548511890149,0.9782709522206742,0.9769772774775756,0.9822063391678331,0.9815431331609628,0.9779524173631727,0.9687854529031704,0.9799012774381443,0.9784141788001686,0.9810655701667729,0.9884267536889078,0.9600597599678007,0.9798472813625067,0.9855746549107404,0.987484321114895,0.9779539122715408,0.9744394296715545,0.983710023214752,0.9742081321895355,0.9390462083516877,0.9758378336029639,0.9631712851571225,0.9691374404119357,0.9735466796363073,0.8695448372688229,0.9725146228368435,0.9777839462606344,0.9796197423101274,0.9822543908837561,0.9802843174559426,0.9774516257806612,0.9514870111662246,0.973034563644917,0.9655925856133984,0.9601969826605086,0.9795667794574435,0.9771236319815517,0.9796530705778002,0.9894551678300936,0.9915719477966185,0.9748853287610789,0.9769898987126261,0.9827410176895495,0.9735304647695583,0.9848006522811509,0.982165934806414,0.9760973872979659
COF,0.9909122812347594,0.9923296295711955,0.9113146131442049,0.8735891708961093,0.9620109864694073,0.9974317980186663,0.998302114125314,0.9988794816714103,0.9982181764419914,0.9946174774745581,0.9952957629447252,0.9977306919587212,0.9932510697775367,0.9942525115851226,0.9824071592772878,0.9999999999999999,0.9894495464049394,0.9920927096159661,0.9962321236851542,0.9982566588153142,0.996612387524659,0.9989981341970929,0.9949391047400217,0.9965645039302213,0.9954818704740778,0.9983733806722466,0.9540467321580303,0.9961254720833722,0.9959980752679062,0.9947238558589654,0.9922375295194193,0.9149422585577109,0.9981253957924333,0.9952375636599001,0.9967494924698258,0.9986747712734946,0.9967811777239965,0.9914064606019816,0.9902925613365556,0.9459383107647757,0.9873565848587852,0.8979359352701507,0.9974014042750794,0.9968566295588925,0.8354547595247466,0.990446819356769,0.9929423121996228,0.991329628149296,0.9968413080210848,0.9938362581183262,0.9948589655417334,0.9780420174279364,0.9852568031670341,0.9946866589622306,0.9069685249330608,0.9949975297864085,0.9905672493914737,0.9984755223787916,0.9892649665550393,0.9863108868094695,0.9865678323838672,0.9979899486320537,0.9977856886571297,0.9914045315336596,0.9988225978464075,0.9954019830280111,0.994595290575976
DFS,0.992833019212825,0.9921670083241478,0.9073952859529207,0.8269699767611153,0.9325009991359705,0.9871111846085461,0.9914585034882347,0.9869704614032461,0.9812787921586148,0.9835210373158981,0.9922263641690361,0.9881246774930111,0.9943882793876732,0.9942973783782538,0.9886395491322993,0.9894495464049394,0.9999999999999999,0.9925193380510553,0.9880156623286979,0.9806163362326361,0.985597950367052,0.9866191036927252,0.993055175008508,0.9926786838736218,0.9918221218459896,0.987562227480489,0.9353127029006096,0.990145828057563,0.9906244508160992,0.9937652151216526,0.9953854008120763,0.9100165707202637,0.9923019998423297,0.9944656968320659,0.9847934637293008,0.9871809785966021,0.9879684310742763,0.9945087360831288,0.9896467215359929,0.9094529707802625,0.9944023102962604,0.9203710109618523,0.9831993203985395,0.9847584726901994,0.8455770267340412,0.9856120884694834,0.99134370107222,0.9930342548566798,0.9943614147419708,0.9928387615411095,0.9909280811431117,0.9428033395807764,0.9924911244893541,0.9768924084343469,0.9222708173345968,0.9938546553051186,0.9939292042498794,0.9857101596038825,0.9986587309365229,0.9951703234311166,0.9906267858796326,0.9870904321900678,0.9936915746622831,0.9887534466641943,0.9894609560186215,0.993007452839878,0.9908453686512992
EWBC,0.9990395527584179,0.9994415000027663,0.8785887456010155,0.8135582505287249,0.9228799076191873,0.9882506103067921,0.9966053359123048,0.9890820946596229,0.9884975269732338,0.9812917671929139,0.9990915150820133,0.9965800964878834,0.9976779155484781,0.9995478707726546,0.9755665977061139,0.9920927096159661,0.9925193380510553,1.0,0.9972253181369164,0.9892097786821913,0.9965700946224625,0.9930451697143988,0.9995016074475899,0.9985295366510587,0.9984438766744992,0.9957555825620179,0.9189334212112668,0.9979816385897389,0.9986209624730263,0.998445908986825,0.9902090228270634,0.8829264431485458,0.995177054921878,0.9984103440961579,0.9855676900042346,0.9943213475354239,0.9971608547998759,0.9985270497428343,0.9992697948799447,0.9009795690454736,0.998768768099897,0.8860284107854749,0.9923527717336894,0.9939625401372258,0.7921725326373347,0.9971788867417493,0.999373173891487,0.9994341985506136,0.9986598483357425,0.9990986547493806,0.999106650798933,0.9510779279225964,0.9984630344889744,0.9894032304102572,0.8815041229691026,0.9994767246649868,0.9993550112842616,0.9916931136310164,0.9910146944777779,0.9922917682173518,0.9987373068150133,0.995303188826805,0.9972853960182855,0.9991299005163976,0.9928294206182792,0.9978190638850326,0.9993933486340677
FCNCA,0.9947049268696027,0.9960663352660606,0.8788714743481385,0.8353321536619357,0.9424217931858289,0.9930734614200221,0.9976765979384505,0.9948326054835166,0.9961709130587006,0.9875314024469765,0.997802401502938,0.9996747494838493,0.9949785566205521,0.9979386189063241,0.973545484193526,0.9962321236851542,0.9880156623286979,0.9972253181369164,1.0,0.9960179124311099,0.9991219738985149,0.9982393950703551,0.9978143905646092,0.997918534144672,0.9969758354530085,0.9988142510705046,0.932656343452597,0.9986766564355064,0.9989123159224252,0.9954902224465099,0.9879595045834121,0.8898329002589724,0.9964854198700159,0.9966319257330648,0.9919793363383981,0.998940441066616,0.9994697296523306,0.9943978057787378,0.9964265748644149,0.9184720038302429,0.9926479790857774,0.8784033435722546,0.99779736259454,0.9992924413049883,0.7964162199621831,0.9952992361725809,0.9967916731188596,0.9959730196031665,0.9980850896008436,0.996148237857623,0.9981247550774734,0.9694945599535982,0.9919132055748626,0.9973530733493436,0.8779725282452069,0.9975101392454304,0.9945252128716545,0.9976433345299112,0.9859115951531251,0.9854908116112153,0.9939537153833701,0.999413164978895,0.9986756307034867,0.9972668150395223,0.9971106182623164,0.9954251907243596,0.9989908086888128
FFIN,0.9869101833064041,0.988986931327779,0.8970224303973495,0.8732556119547498,0.9614945615730245,0.9947080720548718,0.9959295240568504,0.9972422688487201,0.9993892091293168,0.9911574542070074,0.9925288506753056,0.9973466065009831,0.9881011393794639,0.9909860953353656,0.9715845812195685,0.9982566588153142,0.9806163362326361,0.9892097786821913,0.9960179124311099,1.0000000000000002,0.9969272671912734,0.9988391978799875,0.9923607968974377,0.9937740825456837,0.9925982369151798,0.997979696170737,0.9482515288062778,0.9942398199938417,0.9940791009626011,0.9910451108304729,0.9850118815323753,0.9016802046839544,0.995952500912669,0.991168264741309,0.9945153812848523,0.9984300359176136,0.9964188054705752,0.9863195743056279,0.9877351505467151,0.9462257186090149,0.9821263697977707,0.8761403189890473,0.9989243317962504,0.997477317774585,0.8148487999440805,0.9886262106321646,0.9900553075266,0.9873270150852987,0.9937614513125911,0.9904017275252953,0.9926902992144808,0.983427415484586,0.9802802613222182,0.9975766733343072,0.8860789450634794,0.9918251324063834,0.9861817513681582,0.998170033792693,0.9800877431421323,0.9776920729894748,0.9825186211894453,0.9978175240776576,0.9951002219050185,0.9895549944689915,0.9968407979061038,0.9917963538557405,0.9927817699862866
FHB,0.995148363570288,0.9966188754634981,0.8856710859079518,0.8452300383973925,0.9432755743593846,0.9934519942115766,0.9985643870523673,0.9948641872454537,0.9962658443865043,0.9877329212343041,0.99828651033488,0.999515871686875,0.9952288841087663,0.996720500343686,0.9734548511890149,0.996612387524659,0.985597950367052,0.9965700946224625,0.9991219738985149,0.9969272671912734,0.9999999999999999,0.9980374914925705,0.9975534134761525,0.9984252107699036,0.9980479780320949,0.9996045793021634,0.9335825084941384,0.9991137626856261,0.9991078647247514,0.9963351442085546,0.9881819758830861,0.8920498262422903,0.99592414147792,0.996746262310672,0.9919351329407842,0.9987345568632876,0.9996144133521023,0.9945442340684505,0.9965970286509251,0.9241457222284954,0.9916567044275754,0.8790326200234769,0.997411851286414,0.9984744110335728,0.7961930675344064,0.9963925311117741,0.9974132843246577,0.9957770107504831,0.9976061018624808,0.9969216298026443,0.9986410170247281,0.9708477832056147,0.9910884626320675,0.9969735666376784,0.8800012598356353,0.9974468243087016,0.9943418020885915,0.997289021308553,0.9852043680559283,0.9858594107884173,0.9933591042650464,0.9992507785964087,0.9975138369221285,0.9975914319136724,0.996743160226474,0.996664592205473,0.9986443510118347
FITB,0.9904183063675162,0.9924217782275014,0.8988344613345248,0.8652544044053474,0.9576890409384166,0.9972345568115235,0.9979192256811508,0.9987477736802349,0.9993607466662109,0.9938737105887847,0.9955591615908425,0.9991811388653359,0.992876927306103,0.9950341455796752,0.9782709522206742,0.9989981341970929,0.9866191036927252,0.9930451697143988,0.9982393950703551,0.9988391978799875,0.9980374914925705,1.0,0.995100221916632,0.9965348617712075,0.9953247227263248,0.9990124596381882,0.9502745415992316,0.9970367073909611,0.9969625832059917,0.9936223243942441,0.9880475023629072,0.9083571665466593,0.9974699898779296,0.9951172317556667,0.996846525980394,0.9998771739242056,0.9978703909937596,0.991077569835918,0.9915739485534363,0.9399999407630695,0.9871899963540076,0.8893456245760933,0.9988379601037612,0.9991861879387567,0.8143192655613596,0.9921917512679552,0.9933845879076455,0.9919655519773535,0.9968884873748384,0.9935492604404474,0.9953942453668806,0.9803774760278785,0.985474300570916,0.9978805575963037,0.892838516133195,0.9948965734769557,0.9903155817512738,0.9997324392666419,0.9849742078877333,0.9841099426432349,0.9880810618539548,0.9994778752991247,0.9982939407735285,0.9928462553707575,0.9993077731025454,0.9942817437850149,0.9959332555769643
FMAO,0.9987348041935304,0.9992002536176593,0.8863458444846216,0.8262319411295256,0.931220380313002,0.9903966380124966,0.9979866894528286,0.9916849498853999,0.9912941287202807,0.984046182660783,0.9993460720672187,0.997644253257548,0.9974341086149394,0.9994888119846081,0.9769772774775756,0.9949391047400217,0.993055175008508,0.9995016074475899,0.9978143905646092,0.9923607968974377,0.9975534134761525,0.995100221916632,1.0000000000000002,0.9991592118654855,0.9989482105735247,0.9972788641557907,0.925161216923904,0.9982940844261774,0.9989324762174914,0.9992578730267196,0.9920506126813609,0.8875183043643168,0.997456351119965,0.9985875108199951,0.9879603691368521,0.9959804553127591,0.9980657023558115,0.9979198776834499,0.998268977641943,0.9114474830947256,0.9977933900557119,0.8867391781387578,0.9947652142666954,0.9950762126292902,0.803855677627723,0.9967458662387182,0.9991322676112778,0.9985990050733458,0.9994323465796894,0.9992939712705503,0.9992945378918298,0.9564075399731935,0.9970256859950312,0.990931907813083,0.8868811102606898,0.9998392600569518,0.9989835870158581,0.9935811209507129,0.9920530401678024,0.9918846666372284,0.9968844898348118,0.9965438031449636,0.9982544630329628,0.99838156592672,0.9945847350873911,0.9988372745940731,0.9993126609823061
FMBH,0.9982431829483829,0.9990247686349008,0.8982128372271585,0.8424880747456609,0.9396495288893258,0.9942153958352408,0.999548603917824,0.9946286390831199,0.9933004641719393,0.98893537202552,0.9998571014999775,0.9984375144076428,0.9987976770471526,0.9987908454524476,0.9822063391678331,0.9965645039302213,0.9926786838736218,0.9985295366510587,0.997918534144672,0.9937740825456837,0.9984252107699036,0.9965348617712075,0.9991592118654855,1.0000000000000002,0.9998338611154823,0.9986460510825067,0.9360043099980397,0.9995667227398705,0.9995608927038947,0.9991607442704787,0.9937035678710027,0.9019294464581277,0.9969863448503111,0.999595289953882,0.9920426969342591,0.9973290498959001,0.9986286786400513,0.9985282516163744,0.9981736939754077,0.9213744350539825,0.9960865386331701,0.8981681748051846,0.9945983223320629,0.9961504112169796,0.8119711064601732,0.996929633633797,0.9992768216057847,0.9986486349897212,0.9994765685978557,0.999428215535745,0.999620475240725,0.9628024322389974,0.9953117858458747,0.9923510027660362,0.8977156499481043,0.9995545395815452,0.9978109933460166,0.9957425285926318,0.992612044400811,0.9934393009260613,0.9964269630765823,0.997818424326857,0.9986911506048656,0.9984420082278357,0.996828159683282,0.9992532301644896,0.9992323119317443
FNB,0.9985992106559758,0.9993554547027419,0.8985854934651886,0.8409648131345706,0.935763292329698,0.9931072612416245,0.9991993934663476,0.9932445239456068,0.9917908054307208,0.9874718478229788,0.9998458767290488,0.9976335538941,0.9988905844046507,0.9983278075021227,0.9815431331609628,0.9954818704740778,0.9918221218459896,0.9984438766744992,0.9969758354530085,0.9925982369151798,0.9980479780320949,0.9953247227263248,0.9989482105735247,0.9998338611154823,1.0,0.9980434916121834,0.9331936905245504,0.9992799206428373,0.9993046028352729,0.9993687283167633,0.9931450505389877,0.9003097269780919,0.9961008643888994,0.9994758653513914,0.990551577184752,0.99623033634386,0.9979700057557537,0.9987708332580556,0.9984015638609643,0.9193676350756266,0.9963106325977421,0.8981638237053995,0.9933463663833222,0.9948502469008473,0.8081907664904543,0.9975583344042619,0.9995437936396483,0.9988104942837118,0.9990012658687695,0.9997193275981757,0.9995955488716796,0.9601186664877177,0.9957000987084001,0.9908607966607272,0.8967206624776785,0.9994130722093849,0.9981195622936646,0.9943758611814367,0.9922305079098638,0.9939947491053702,0.9967681990470242,0.9968401627524515,0.9977108264059867,0.9985709496230065,0.9956604447957865,0.9995457128947508,0.9989212985999313
GBCI,0.9945530096085865,0.9959751892777701,0.8961462295652519,0.8562494628812838,0.9506430875982711,0.9958000197483126,0.9993334005478046,0.997089337525738,0.9975707376638526,0.9911169578579242,0.9980857021122788,0.9996045311619054,0.9954800849321893,0.9965126729413873,0.9779524173631727,0.9983733806722466,0.987562227480489,0.9957555825620179,0.9988142510705046,0.997979696170737,0.9996045793021634,0.9990124596381882,0.9972788641557907,0.9986460510825067,0.9980434916121834,0.9999999999999998,0.9419777510814503,0.999003900529299,0.9987757926912597,0.9965291590015131,0.9906475181930824,0.902102407844986,0.9970837545146063,0.9971539974198439,0.9945693017185049,0.9994096811012683,0.9994477562288966,0.9944807165233954,0.9953871700729353,0.9324055766073033,0.9908922993552457,0.8878311713664117,0.9977851143064944,0.9986329062999149,0.8108069363291415,0.9948976253795544,0.9967323124561763,0.9951384856182518,0.9980197341497579,0.99668151032405,0.9981658433294152,0.9741101262315307,0.9898793912843296,0.9968981139855704,0.8912073629156063,0.9973487482727651,0.9936846524611155,0.9984705480387557,0.9874122916974509,0.9871168213813337,0.9919752733983103,0.9995764831289888,0.9982803395551472,0.9964172676913368,0.9982242636235441,0.9969549975351587,0.9980126788398478
GS,0.916671604088274,0.9211419074951211,0.9651395752745607,0.958771973501164,0.9784478423014648,0.9674374787579983,0.944173150613276,0.9638409836853891,0.9543438821095213,0.977272269024766,0.9307308390437199,0.9394247480581752,0.935022078587045,0.9277819651954069,0.9687854529031704,0.9540467321580303,0.9353127029006096,0.9189334212112668,0.932656343452597,0.9482515288062778,0.9335825084941384,0.9502745415992316,0.925161216923904,0.9360043099980397,0.9331936905245504,0.9419777510814503,0.9999999999999999,0.9357281329083273,0.9326314219039789,0.9289566897344254,0.9411099724828483,0.9850553891446022,0.9422512555714117,0.9376087007221495,0.9706364962829631,0.9469309003169093,0.9324927320292425,0.9270989307530627,0.916021526556261,0.983324435495753,0.9099073823742705,0.9447540128604374,0.9392134141621679,0.9415801996678763,0.8764820810557021,0.9207317935882084,0.9232428618533508,0.9225789522215759,0.9366407426095601,0.9269008497594966,0.9271301084158785,0.9716570903553732,0.9040472681373635,0.9399102043400948,0.9528531764933401,0.9276098417080662,0.9163627008106082,0.9542423087451692,0.9353131252863035,0.9359525840275743,0.9114888562081457,0.9430027284855621,0.9428434745148758,0.9180710411677414,0.9567621436554623,0.9328915370010926,0.9264024694475972
HBAN,0.9972292724908366,0.9982980101613392,0.8921662017216495,0.8416093226873516,0.9409446749234489,0.9943929535443999,0.9992434764622272,0.9948062437266507,0.9942149582599477,0.9890134568774989,0.999529022488823,0.9990111233889677,0.9982591500536153,0.9981786302921132,0.9799012774381443,0.9961254720833722,0.990145828057563,0.9979816385897389,0.9986766564355064,0.9942398199938417,0.9991137626856261,0.9970367073909611,0.9982940844261774,0.9995667227398705,0.9992799206428373,0.999003900529299,0.9357281329083273,1.0,0.9997871100083505,0.9976866229787337,0.9916943899636826,0.9003065449455556,0.995571541096705,0.998904140307254,0.9925475400443684,0.9979807627947105,0.9991955111635936,0.9976415800378854,0.9982718863090627,0.920167752712398,0.9945715446588713,0.8935241528645718,0.9948864090821771,0.997453709186442,0.804468617571939,0.9970946143443019,0.9988900297290964,0.9982068278286638,0.9986788446715509,0.9984925052130446,0.9995442134055558,0.9659207691061792,0.9940904610849571,0.9944879676854945,0.8915798499329012,0.998744233772299,0.9964578900849065,0.9966247708277274,0.989876954031504,0.9910685103547127,0.9962814274875439,0.9986487673685742,0.9983862480164124,0.9987526015304838,0.9971263499950702,0.997935831928622,0.9994009779989685
HBHC,0.9975560101372339,0.9986519593920984,0.8887285298358393,0.8370168072238893,0.9379837217920985,0.9935196340554622,0.9989775180611833,0.9941427700356662,0.9939290856811525,0.9878365744312804,0.9996555460184519,0.9991018132230257,0.9981912970131861,0.9988467101709219,0.9784141788001686,0.9959980752679062,0.9906244508160992,0.9986209624730263,0.9989123159224252,0.9940791009626011,0.9991078647247514,0.9969625832059917,0.9989324762174914,0.9995608927038947,0.9993046028352729,0.9987757926912597,0.9326314219039789,0.9997871100083505,1.0,0.998044711074727,0.9909509678934961,0.8957136746167992,0.9962832914354757,0.9988845379211455,0.9915445941491493,0.9978822161338576,0.9991252906103985,0.9976550586931221,0.9984518674018678,0.9175820809543,0.9954387718055188,0.8901597956622722,0.9954352747196765,0.9973975361480562,0.8006819565523413,0.9979395089274585,0.9991289289545924,0.9985116120597158,0.9990858951362768,0.9987709693799129,0.9996709152049725,0.9642168201577885,0.9948952801728627,0.9942432954908191,0.887778852275053,0.9991160346770726,0.9973056668764636,0.9962592314575426,0.9898481135033006,0.9909780162271916,0.9966744610901227,0.998524846128122,0.9986196904331004,0.9988560226706568,0.9968199220396339,0.9982380726182966,0.9997241161360446
HOMB,0.9989884005326919,0.9992532944728686,0.8993519751882751,0.8355444586195063,0.9318444548229782,0.990798843979274,0.9982292720433256,0.991356523472673,0.9895572827288501,0.984891647511605,0.9991813678977386,0.9960445422433398,0.9980597950756571,0.998275529099822,0.9810655701667729,0.9947238558589654,0.9937652151216526,0.998445908986825,0.9954902224465099,0.9910451108304729,0.9963351442085546,0.9936223243942441,0.9992578730267196,0.9991607442704787,0.9993687283167633,0.9965291590015131,0.9289566897344254,0.9976866229787337,0.998044711074727,1.0000000000000002,0.9941497572143165,0.8960477813464283,0.9968023477504265,0.9989094260129123,0.9879001191101145,0.9944280930951752,0.9966097054168805,0.9985437105501194,0.9975196636122472,0.9164887418742449,0.9974946586130939,0.8973529259410004,0.9923892225647061,0.9925142012196903,0.8138468537072883,0.9961178388631472,0.9990089083152696,0.9983069550777237,0.9989041372998843,0.9997093489226667,0.9988061376618307,0.9543375758839469,0.9965954095206062,0.9876939435166322,0.8986484419053831,0.9995144591563748,0.9989166575223214,0.9920470344576624,0.9942109597368759,0.9946440656376789,0.9961416055277726,0.9948795781902084,0.9970834850113297,0.997470397353988,0.9938151980684107,0.9997986084589371,0.9979849211710905
HTH,0.9931297375932568,0.992042265758214,0.917122726658325,0.8491929963903586,0.9485509780646316,0.989127207543085,0.9939205400236548,0.9894826052059293,0.9844071080551959,0.9855431352106274,0.9927476759791856,0.9889672461974278,0.9940357971763839,0.9912265148129683,0.9884267536889078,0.9922375295194193,0.9953854008120763,0.9902090228270634,0.9879595045834121,0.9850118815323753,0.9881819758830861,0.9880475023629072,0.9920506126813609,0.9937035678710027,0.9931450505389877,0.9906475181930824,0.9411099724828483,0.9916943899636826,0.9909509678934961,0.9941497572143165,1.0,0.9151882672777556,0.9909851476939311,0.9938766516445148,0.9869098121936359,0.9886668898546561,0.9905158645766101,0.9937136820553054,0.989512120043003,0.9242858730580499,0.9906505918104135,0.9169212658614185,0.9839337558045935,0.9857353357238263,0.8673203240187614,0.9841041606025989,0.9915870615767783,0.9914349494558939,0.9930226278642645,0.9929089772071621,0.9920290305261531,0.9512709165810072,0.9892576305994195,0.9796710589917176,0.9292434865087223,0.9934854242352382,0.9914043077297305,0.9875568909879965,0.9981509125139356,0.9923072499355351,0.9876743955881969,0.9887406734120163,0.9921895931191074,0.989271836305209,0.9902393936502142,0.9938870066875852,0.990287390740855
