Ticker,ABCB,ABTX,AJX,ALTA,ARI,AXP,BAC,BK,BOH,BOKF,C,CFG,CFR,CIT,CMA,CNND,COF,DFS,EWBC,FCNCA,FFIN,FHB,FITB,FMAO,FMBH,FNB,GBCI,GS,HBAN,HOMB,HTH,HWC,IBKR,IBOC,ISBC,JPM,KEY,LARK,MBWM,MCBC,MS,MTB,NAVI,NKSH,NTRS,OMF,OPY,PACW,PBCT,PGC,PNC,PNFP,PROV,RF,SCHW,SF,SFBC,SIVB,SRCE,STBA,STT,SYF,TCBI,TFC,TFSL,TSC,UMBF,UMPQ,USB,WAL,WFC,WSBC,ZION
ABCB,1.0000000000000002,0.9320327946731021,0.6499417636513697,0.9590783415807174,0.6450549126062998,0.857358148267706,0.9247592319129084,0.9290715496025408,0.9298183644190416,0.9499670555657617,0.910306232257279,0.9349461136696796,0.9331965826103289,0.9245406569085975,0.9310586348424061,0.8767266032163278,0.9308792505013486,0.9070831410760279,0.929658805741067,0.9297874589773849,0.9275674093916716,0.9341163455969127,0.9505457883455816,0.9333355871534886,0.9419425218334088,0.9464041381054246,0.9291460363473664,0.792158707827949,0.9341903841394534,0.9428679042824342,0.8738555434371711,0.9339814582447528,0.6482025754112382,0.9233845276166082,0.9366160676524038,0.9206837540871893,0.9536567187491449,0.9951159351376795,0.9660593932648645,0.9304577405758045,0.8432392245353197,0.9302837926521691,0.6765961188297326,0.9369136939119634,0.9244273518529534,0.6399908724711719,0.46849630914671225,0.9366772111042296,0.9314362063545253,0.9430549862842788,0.934022446547601,0.9301161456474933,0.9253109470119251,0.9359094358856421,0.9172284374675554,0.904057895418122,0.9922850362126083,0.9284988832176806,0.9433135909910608,0.9331167266417724,0.9373832854761046,0.9235937631305225,0.9837478869856009,0.9329152569537104,0.9227345569917843,0.9333528773678952,0.9308671551145145,0.98009170019749,0.9322078122366488,0.929355565266733,0.9507276874229696,0.9354425955984568,0.9312166229062916
ABTX,0.9320327946731021,1.0,0.7174472651610375,0.9951074223408058,0.6875853612619239,0.9303689849169584,0.988517960783445,0.9956877118264802,0.9980253358808328,0.9969486637959544,0.9778554894777407,0.999831458169369,0.9993814203464515,0.9976876419885315,0.997632824827356,0.9492678754532731,0.9948402957304894,0.9797006051109833,0.9991701575012505,0.998715690665107,0.9985202542474506,0.9998452211321291,0.996149354120094,0.9988853117397628,0.999181603581122,0.9987018036369415,0.9997259879796476,0.8639523240751958,0.9993677667277265,0.9981333611212748,0.9757981027663665,0.999639338502604,0.7239412514168541,0.9936115751587586,0.997765204873722,0.9845379909068558,0.9963118893917456,0.9623749983955444,0.9916734184804581,0.9993803083587264,0.8954419089728927,0.9987489789585685,0.7260996598421253,0.9967606826394207,0.9981366611418157,0.6983157054258177,0.5056494061722026,0.9936443265519085,0.9998786464060063,0.9987744442441633,0.9977136720861626,0.9997563666291607,0.9931892832106319,0.9998171634158216,0.9912253069766291,0.9796592843450068,0.9676213183047412,0.9987566374507768,0.9987733391833246,0.9991709805830586,0.9967705351319083,0.9829767953063561,0.9785966933584079,0.9991510964768756,0.9908951993268413,0.9985185817497497,0.9989577120302403,0.9821682312298344,0.9959098035505473,0.999069628558027,0.9931197414342354,0.9990146251489236,0.999447227296627
AJX,0.6499417636513697,0.7174472651610375,1.0000000000000002,0.6900252937422927,0.9791862398855115,0.8585271568057264,0.7997826875730071,0.763081149062517,0.7043092273116915,0.7303627426730401,0.8299453824771774,0.7275629969043196,0.7187168742776352,0.7530874437805684,0.7135838426761414,0.8820429251184362,0.7591075887057835,0.7825191462355359,0.7079130084802369,0.7063483110603839,0.7404778663588583,0.7085881758457643,0.7332345641471198,0.7134033724440454,0.7268785263603118,0.7312028466309973,0.7278512370596177,0.9454627817300956,0.7238793370554765,0.732385030216595,0.7876175718332662,0.7205821462308314,0.9576691419006146,0.7393611099063551,0.7527115030036293,0.8081131701806538,0.7248191103828207,0.6718325522075035,0.734358095849851,0.7067091174903581,0.9315183742587525,0.7110342070076063,0.9596331926004811,0.7063504613116067,0.7243870262442924,0.9609738753968354,0.7296761915401035,0.6947343834093059,0.7164539386272222,0.7220964653671096,0.7363516808184363,0.7271968670560957,0.7372292116605689,0.7153754999357422,0.7891952394308093,0.768282854028563,0.6717747476549296,0.7090596211548379,0.7223039719059811,0.7122526060992113,0.7467021203666345,0.7878546119630985,0.6968663720709211,0.7426056724363737,0.7981035080621447,0.7041389995210681,0.7309954625870333,0.6892239484526694,0.7390085113771698,0.702914509008244,0.753274863301074,0.7309876067985096,0.7077603983516426
ALTA,0.9590783415807174,0.9951074223408058,0.6900252937422927,1.0,0.6599174511397877,0.9170644956958807,0.9823349631132954,0.9908632295725041,0.9954261726493732,0.998004545508559,0.9699414398518597,0.9953540088631834,0.9959741732157779,0.9902779447106589,0.99565270895908,0.9370751503126727,0.9908114032468652,0.9751812000652703,0.9956384233147426,0.9955313789880517,0.9929885370182838,0.9955410483435512,0.9976804958185883,0.9961639920128934,0.9966306395948309,0.9965780638513787,0.9939601630015641,0.8474300780681976,0.9947302234947835,0.9961830396027002,0.9596454741995036,0.9955272464591606,0.6985145396589629,0.9904356692074786,0.9938263698523986,0.9783768403814816,0.9984470810083398,0.9817878849148247,0.9960332570644138,0.9942992384983927,0.8842116082581757,0.9957123347777566,0.7079945364494883,0.9965403966131442,0.993216445953265,0.6757575283573426,0.49071510918816535,0.9916014416024368,0.9946296974028969,0.9970518590204238,0.9951068638885939,0.9942385128498178,0.99122853950708,0.995901216220277,0.9826764818701165,0.9707839081963064,0.9860949955060522,0.9944728332903184,0.9976720472436293,0.9960696060363248,0.9942978476511336,0.9789915824987948,0.991636245678455,0.9938357828556179,0.9835355542716578,0.9951142101909258,0.9945063992116019,0.9917853408863894,0.9938883519193591,0.9937799375041927,0.9945325937095133,0.9947624973077183,0.9957397862194077
ARI,0.6450549126062998,0.6875853612619239,0.9791862398855115,0.6599174511397877,0.9999999999999999,0.8091956593661497,0.7599403255779977,0.7228795051106552,0.6633606241111314,0.6966644347855272,0.7849752255654985,0.6976125994094928,0.6831135688322576,0.7173290900871231,0.6730686101084099,0.8323283757618192,0.7229974142327525,0.7274088411109777,0.6714295614520803,0.6672018032917949,0.7075213942159245,0.6802352143398496,0.697931087879041,0.6789614675071652,0.6962867622241992,0.7059318645158162,0.696257325579676,0.8883925857332291,0.6917247379523563,0.7052979136313674,0.7439154587483273,0.6875052324524892,0.9016581821888402,0.6993229173054007,0.7187764756170569,0.7642973948313069,0.6907792137722616,0.6570118935038229,0.707669177712814,0.6758950332766361,0.8836824292215437,0.673198048761624,0.9055235051182602,0.6710479477569066,0.682719553768608,0.9136803277162613,0.676976603929676,0.6691298710514144,0.6871587424826985,0.6897155195252623,0.6989108340313401,0.6979159686303565,0.6915779696685467,0.6848182268060518,0.7496493787476388,0.7280873609807393,0.6528528312765837,0.6713523927494001,0.6900700441695203,0.6791119090376441,0.7074604376492948,0.745545368574096,0.6740748947964361,0.7109303681748632,0.7625258750256179,0.6699754967185653,0.6937681329871801,0.6732362600068994,0.6953466294145019,0.6726714263124064,0.7160134633179769,0.7042718030960503,0.6722453490336308
AXP,0.857358148267706,0.9303689849169584,0.8585271568057264,0.9170644956958807,0.8091956593661497,1.0,0.9561191412131672,0.9485823545263793,0.9264573543758052,0.9367721743405621,0.9632883727706245,0.934740104262861,0.9310761384261315,0.9476496410634028,0.9309153994532223,0.9747751970965315,0.9557823018078285,0.9699837510631779,0.9267250317485464,0.9291452844963685,0.9424916462967652,0.9250911784828387,0.9366662405345425,0.9312722392782924,0.9330558663630278,0.9323631085737619,0.9372708075916301,0.9427845858625777,0.9350881476986855,0.9369297718308843,0.9793453463785812,0.9319907662860679,0.851200741026683,0.9387227754808686,0.9427818219699629,0.9599255381328584,0.9337000037371397,0.8887626872656846,0.9308830346504772,0.9255820817616789,0.9569761095156358,0.9313534900980998,0.85201426350118,0.9247120328484971,0.9367542292512502,0.8943658335230406,0.7738652978666534,0.8998812563534819,0.9283218988431022,0.930683131658626,0.9391913661338694,0.9338207873066974,0.9374923225302688,0.9318747858071678,0.9525927419425169,0.9784304553217269,0.889171294928209,0.9287537276573101,0.9354535659479994,0.9285255363806665,0.9433811836961242,0.9762318592994561,0.9027910476662513,0.9432900663704875,0.9529042623180118,0.9209510083959529,0.938762958884771,0.9063598393546274,0.942880481578488,0.9234220588208276,0.9423859710399988,0.9344059189558225,0.9280736120260263
BAC,0.9247592319129084,0.988517960783445,0.7997826875730071,0.9823349631132954,0.7599403255779977,0.9561191412131672,1.0000000000000002,0.9977016494013106,0.9883809445484274,0.9913232600984567,0.9980820073410036,0.9906533203699386,0.9905603345751912,0.9954014142981127,0.9885189049255968,0.9845395588002821,0.9918220564368295,0.9874174783737791,0.9879488787552895,0.9882746431868378,0.990861578507132,0.9868316399713047,0.9922221026241042,0.9872566119503671,0.9917445817467213,0.99061034696796,0.9902241193141439,0.9284798726087091,0.9910406125890356,0.9886555756075109,0.9773133459144323,0.9907329241508233,0.8161985233538642,0.9876433829067777,0.9961131153355428,0.9995608685322454,0.9910410164807166,0.9542552060605508,0.9895677232852502,0.9871261513444853,0.951111862354137,0.9878904836361394,0.8200431529070874,0.9845434294633881,0.9918144996198632,0.7807046512817097,0.5593565075466977,0.9815129675193739,0.9884917337308136,0.9915500795921492,0.9922499188400054,0.9892698588983336,0.990237646287109,0.9887615962400416,0.9992967144405487,0.9776487418182598,0.9594489994277957,0.9890701960531402,0.9896070127836363,0.9872869522474617,0.9959650579886388,0.9882658031592136,0.9740451071293945,0.9931663616562482,0.9992126106346149,0.9882834173632715,0.9929314990695289,0.9723876987103438,0.9934891256745543,0.9859871702234322,0.9954397464656364,0.9886479707543658,0.9882550409537377
BK,0.9290715496025408,0.9956877118264802,0.763081149062517,0.9908632295725041,0.7228795051106552,0.9485823545263793,0.9977016494013106,0.9999999999999999,0.9961310431425158,0.9968987185488838,0.9923840599071607,0.9968412844894226,0.9973185726019159,0.9987521559849658,0.9964000841063256,0.9722734164887257,0.9965492009872841,0.9897364027345069,0.9959583197078823,0.9961635997005647,0.9969968865864145,0.9944624399358704,0.9972120003773363,0.9955417966936235,0.9971928419548864,0.9958535982495272,0.9966540931267011,0.9036011563365095,0.9967900593453937,0.9951846861962894,0.9799018107737667,0.9970536953894608,0.7771120333208742,0.9945716164312375,0.9993399298310276,0.9960771779544463,0.9963634300213103,0.9595178550065103,0.9924400398313216,0.9944298208965879,0.9294430622688188,0.9960903516367869,0.7807394992220426,0.9936164811019362,0.9979922594557381,0.7469861975819652,0.5418320512991206,0.9884461761524528,0.9954400293032843,0.9971040879668515,0.9981041419214873,0.9960509752081941,0.9962953280786194,0.9957695336206985,0.9982570942180455,0.9820224885265191,0.9652471417900811,0.9961297580800352,0.9964683706109879,0.9954472885917772,0.9995165173206515,0.9900062256957061,0.978096881328064,0.9980599614800792,0.9980182239316815,0.9951201542163319,0.9984509777358068,0.9774647607299202,0.9986406203816829,0.9935335031168916,0.9976629465443376,0.9953364938174435,0.9959724546391979
BOH,0.9298183644190416,0.9980253358808328,0.7043092273116915,0.9954261726493732,0.6633606241111314,0.9264573543758052,0.9883809445484274,0.9961310431425158,1.0000000000000002,0.9968326842695856,0.9784062115711678,0.9977789733054319,0.9994332898945733,0.9963187869155002,0.9991799485785017,0.9491408160803185,0.9932471078728441,0.9825152935087593,0.9995935708243456,0.9998637367138771,0.996634262085761,0.9978107493243984,0.9966642138592335,0.998393165280438,0.9978745018233901,0.9958581250562261,0.9977921629838661,0.8646936395173065,0.9980490908917804,0.995360024578539,0.9721242830067339,0.9987899082319803,0.7235472500884269,0.9940944691951327,0.9968177905391902,0.9853728062317965,0.9967372456372396,0.9612555980665136,0.9905510995942407,0.9980150365205728,0.8945399074183761,0.9992756458074511,0.7265370168174771,0.9971690907057708,0.9994243874406908,0.6907930012919504,0.4960115942680663,0.9923545498756984,0.997796318000352,0.9983070582957729,0.9979677920128875,0.997282427092479,0.9958063155430239,0.9981679767778782,0.9907954547964877,0.9761156854578733,0.9677352979022722,0.999455456493083,0.9978331150864976,0.9984033179830054,0.9975806358746887,0.9817591595295978,0.9788366438312109,0.9970425448788018,0.9893614091156496,0.9987961359842467,0.9989810188050063,0.9796006486474902,0.9979189170618156,0.9976172875335386,0.994035345877379,0.9958522013430199,0.999508674895238
BOKF,0.9499670555657617,0.9969486637959544,0.7303627426730401,0.998004545508559,0.6966644347855272,0.9367721743405621,0.9913232600984567,0.9968987185488838,0.9968326842695856,1.0,0.9824230154024227,0.9978355643098684,0.998068804808165,0.9956759010007477,0.997847040282287,0.9560029176994358,0.99670983906965,0.9855036485584671,0.9971538845179692,0.9970658431006139,0.997185136724106,0.996423543567922,0.9998870626383,0.9979978906812166,0.9985574195211863,0.9983261919092781,0.9968850228913648,0.8764904042092826,0.996972916568632,0.9985189180445426,0.9720949427314213,0.9976317906904939,0.7364479145228993,0.9953231602336527,0.9982445777251288,0.9884235643143924,0.9996992795357376,0.9752319210597332,0.9967332159400835,0.99527841249847,0.9087151730597613,0.9976610970659444,0.7442854519889947,0.9976439177395624,0.9966274302052178,0.7160397362048883,0.5269519520990994,0.9909391305097307,0.9963807026224766,0.998563278642988,0.9987404598833671,0.9969788629580786,0.9959919263551533,0.99738335263184,0.99124436529438,0.9799802869966154,0.9798829763313134,0.9960924150389968,0.9994258146761971,0.9977492063015949,0.9984965969768493,0.9882782496346703,0.9879947279922947,0.9977588074919721,0.9923684409786697,0.9957743585318091,0.9977927287471442,0.9874617146335947,0.9981562056139826,0.9944521737970259,0.9983461173602728,0.9974603931260753,0.9970936841185246
C,0.910306232257279,0.9778554894777407,0.8299453824771774,0.9699414398518597,0.7849752255654985,0.9632883727706245,0.9980820073410036,0.9923840599071607,0.9784062115711678,0.9824230154024227,1.0,0.9808118657805853,0.9808691437637008,0.9884882543639734,0.9791897386062557,0.9930964771025192,0.9854790281823071,0.9865146032812937,0.9775395810675848,0.9781080583454836,0.9824485261824579,0.9753046094907916,0.9838543027157909,0.9769555276052401,0.9820320853156634,0.980528193384278,0.9805786428941939,0.9491975925887198,0.9812402179825295,0.9788460650832767,0.9751520133795665,0.9808380402363335,0.8478079751191416,0.9805150151764389,0.9889908067254357,0.9991017890246262,0.9818316972916385,0.9406845578791178,0.9804755739763884,0.9758113924650891,0.9671903868587266,0.9778893706452805,0.8514646424692124,0.973998439029396,0.9834564854746359,0.8121332945457896,0.5854090385679436,0.9692593647549558,0.9777153156227694,0.9817588272991705,0.9842816019743829,0.9792925900793009,0.9838199777496547,0.9780272919233658,0.9963096444147808,0.9731863303236447,0.9461356295767144,0.9789354949837829,0.9797028005342885,0.976754690706607,0.9891550820657216,0.9857356044535138,0.9625320484044653,0.9847458210249137,0.9964161907908359,0.9773925564872781,0.9844148920143599,0.9589361150397253,0.9867040126090623,0.9743176839158387,0.989185650041771,0.9786760382646342,0.9776585945913239
CFG,0.9349461136696796,0.999831458169369,0.7275629969043196,0.9953540088631834,0.6976125994094928,0.934740104262861,0.9906533203699386,0.9968412844894226,0.9977789733054319,0.9978355643098684,0.9808118657805853,1.0,0.9994058698621995,0.9983229009155108,0.9976734052691828,0.953743962294969,0.9959884655200397,0.98170640528997,0.9988656359553835,0.9984461782207632,0.9988499146589468,0.999510142535726,0.9971786593370048,0.9988394040078656,0.9995718915096026,0.9992442691006944,0.9997186636604342,0.8712292694965428,0.9994527395738827,0.9986577854829086,0.9768341243274057,0.9996977640743835,0.7332848654366605,0.9942292688010375,0.9986915793308941,0.9869619839634404,0.9972000434745724,0.9644435019132018,0.9931866127473518,0.9989154264855534,0.902372957498528,0.9986131470051639,0.7362230445135874,0.9967873411143847,0.9981985905840158,0.7086436591601978,0.5149621640827217,0.9934527438415743,0.9996826946288003,0.999128992737043,0.9982803115779026,0.9997547582670898,0.993947726257528,0.9997364517664064,0.9927522135640064,0.9810331674748759,0.9694672509393527,0.9984407627205728,0.9991676063158226,0.9990842659940548,0.997737760773941,0.9852618692189905,0.9803333199965525,0.9996615064188756,0.9927708049996162,0.9982001520035735,0.9992216409100423,0.9832708724312181,0.9966896192207998,0.998467446311249,0.9948011822547675,0.9992855283871632,0.9991483261490797
CFR,0.9331965826103289,0.9993814203464515,0.7187168742776352,0.9959741732157779,0.6831135688322576,0.9310761384261315,0.9905603345751912,0.9973185726019159,0.9994332898945733,0.998068804808165,0.9808691437637008,0.9994058698621995,1.0,0.9978640924852329,0.9991045385880136,0.9528744500235624,0.9953278158093151,0.9830318515613585,0.9997732699134523,0.999646344678199,0.9983813572306168,0.9990670007175075,0.9977184534557453,0.9991901922641936,0.99928323661897,0.9981412394734122,0.999223478556345,0.8701414797341585,0.9991668948894472,0.997656263477033,0.9746893497128303,0.9997357627847587,0.730850147500241,0.9951006107384223,0.9985014121924783,0.9872633347362737,0.99767015051409,0.9635381150881424,0.9926008306319364,0.9988039912769796,0.900436323875981,0.999497313176275,0.7340887733283857,0.9977082771968538,0.9993728698088031,0.7014172857797373,0.5052948490424812,0.9935150869249152,0.9991737000189127,0.99929165676126,0.9989079469485718,0.9990514411526755,0.9958562668613108,0.9993503061559452,0.9926802059526175,0.9787154527113829,0.9693820150313178,0.9993827217353166,0.999088727807911,0.9993062533510487,0.9984128024833745,0.9841678484867644,0.9803990124808277,0.9989015805158687,0.9921374264028934,0.9989599368921889,0.9996677477524057,0.9818558195174174,0.9981029603688151,0.998348185857139,0.9953277552569952,0.998165403335981,0.9997903921894163
CIT,0.9245406569085975,0.9976876419885315,0.7530874437805684,0.9902779447106589,0.7173290900871231,0.9476496410634028,0.9954014142981127,0.9987521559849658,0.9963187869155002,0.9956759010007477,0.9884882543639734,0.9983229009155108,0.9978640924852329,1.0000000000000004,0.9956397007605061,0.96712545294029,0.9957763300352541,0.9856661171450175,0.9966927298045176,0.9968605515934145,0.9975645054485694,0.996813634372191,0.99543329486364,0.995968442213057,0.998058472107517,0.9968971420517059,0.998475056034122,0.8934976436254977,0.9986960600253372,0.9955375583419339,0.9827900005695365,0.9984015236416479,0.766291243109795,0.9923553392122709,0.9990127387609695,0.9930153731297301,0.995150139147071,0.9565260217615059,0.9912304115771167,0.9971304124906462,0.9205357233880336,0.996432162195199,0.7671582170214771,0.9926754715757301,0.9983339616648274,0.7381142128307906,0.5385280046713639,0.9898782762099808,0.9977200758992414,0.9976371893234436,0.9970330118770172,0.997698085551753,0.9932511480467586,0.9977813007774616,0.9973178634253116,0.9841636080854717,0.9617334303521514,0.9975161612264988,0.9966204892043402,0.9961641222886457,0.9984125312280837,0.9881797241079279,0.9752395090247701,0.9992374881357922,0.9962218150974984,0.9966466891639244,0.999018218916069,0.9779917009043209,0.996743808753749,0.9965309317161971,0.995037718953729,0.9965340264989992,0.9972733657314407
CMA,0.9310586348424061,0.997632824827356,0.7135838426761414,0.99565270895908,0.6730686101084099,0.9309153994532223,0.9885189049255968,0.9964000841063256,0.9991799485785017,0.997847040282287,0.9791897386062557,0.9976734052691828,0.9991045385880136,0.9956397007605061,1.0000000000000002,0.9507097164163,0.9959826826148149,0.9865617615959141,0.9993114373044221,0.9992223497897654,0.9980125929981851,0.9969547563999182,0.9975670680792637,0.9994008981983878,0.997283269842314,0.9958201546060347,0.9976029186403881,0.8675821834947575,0.9967713355761582,0.9970310084636234,0.9745110026824857,0.9980071283291843,0.7234633639676795,0.9975338254807092,0.9968612427392146,0.9854803609731511,0.9969750097200338,0.9616074657213239,0.9901150844482832,0.9962566262576933,0.8973153919881282,0.9997413184375713,0.7279854218375998,0.9990972337997718,0.9988144403107504,0.6992593200989662,0.5124723278988141,0.9906639027238395,0.9970033216631572,0.9974171029265122,0.9992698448625804,0.997654723844494,0.9982202580405111,0.9974290223141444,0.99021943079979,0.9792666697316135,0.9681322571484304,0.9978937904907361,0.9986102754469411,0.9991017310308005,0.9975397310867262,0.9855239752872483,0.9782561593456226,0.9971879322162767,0.990290921813661,0.996726268823596,0.9984839644050522,0.9777910657816039,0.9989311578423089,0.995603922389415,0.9946140583436289,0.9970774457935775,0.9987136292588402
CNND,0.8767266032163278,0.9492678754532731,0.8820429251184362,0.9370751503126727,0.8323283757618192,0.9747751970965315,0.9845395588002821,0.9722734164887257,0.9491408160803185,0.9560029176994358,0.9930964771025192,0.953743962294969,0.9528744500235624,0.96712545294029,0.9507097164163,1.0,0.9647547708216601,0.9742796683483096,0.9479278892893439,0.9491296958417348,0.9576332012342095,0.9452197650124728,0.9580128267013317,0.9478052528454456,0.9549860293300192,0.9533230158847236,0.9541787933326785,0.9780071622722604,0.9547158669068994,0.9518418081952185,0.9665804219378046,0.9531979065599248,0.8996649056076985,0.9553949765098063,0.966219013628079,0.988163498816058,0.9549178925019307,0.9080499676795621,0.955024578426018,0.9463815246111731,0.9884652462162973,0.9490369062637982,0.9018862586035754,0.9431390277731417,0.9577236791641666,0.8721190757225896,0.6466312451372593,0.9354904992306462,0.948919442358309,0.9541998042770751,0.9588830215614512,0.951854019405555,0.9591574215818501,0.9496740603972744,0.9810199787502278,0.9606463271272905,0.9125223206199002,0.9506102520720635,0.9520055455018884,0.9470755516285172,0.9663798812551428,0.9735372705938207,0.9317374589861497,0.9606104190508841,0.9810688088181893,0.9474565851323488,0.9591187168098865,0.9275314299121674,0.9630024422192652,0.9443898553232891,0.967139673558924,0.9512202026731238,0.9483791818684344
COF,0.9308792505013486,0.9948402957304894,0.7591075887057835,0.9908114032468652,0.7229974142327525,0.9557823018078285,0.9918220564368295,0.9965492009872841,0.9932471078728441,0.99670983906965,0.9854790281823071,0.9959884655200397,0.9953278158093151,0.9957763300352541,0.9959826826148149,0.9647547708216601,0.9999999999999998,0.9933535762775659,0.9944790406198377,0.9942363883297698,0.9984126536345589,0.9931240819579346,0.99614727758491,0.9966503998217333,0.994902147987888,0.9947747228139676,0.9961471413264559,0.89092617424881,0.9942182149172458,0.9975652421169863,0.986086119247912,0.9947464436715119,0.7539079473658573,0.9974744889015295,0.9965362998778461,0.9895551439991972,0.9947969772585695,0.9599429744777205,0.9894274586549803,0.9916782847676673,0.919190922440664,0.9960546168219951,0.7590305940877596,0.995499087909173,0.9951382586357705,0.7505095726543938,0.5778241780573945,0.9826091729987992,0.9937057565986226,0.9940267388699593,0.9979932048264718,0.9961996875144684,0.9962017392902117,0.9946625388082009,0.9920051111169431,0.9906834139175406,0.9646612549271686,0.9927186932870748,0.9971036977045388,0.9958579143245347,0.9962852989091951,0.995671266589413,0.9744665866364925,0.9972845768632088,0.9937557637709331,0.9903587798192799,0.9960846527969881,0.9750745568953486,0.9973110044681817,0.990631971630591,0.9944735669595607,0.9967915621847265,0.9940638513538722
DFS,0.9070831410760279,0.9797006051109833,0.7825191462355359,0.9751812000652703,0.7274088411109777,0.9699837510631779,0.9874174783737791,0.9897364027345069,0.9825152935087593,0.9855036485584671,0.9865146032812937,0.98170640528997,0.9830318515613585,0.9856661171450175,0.9865617615959141,0.9742796683483096,0.9933535762775659,1.0000000000000002,0.9820275161752602,0.9829588787917813,0.9876133783349644,0.9764274067286393,0.9857890238392556,0.9844361959468972,0.9806297541138084,0.9785650966614892,0.9829163151363911,0.9144604367090475,0.9803703572765758,0.9837243202005233,0.987475574303756,0.9810974855922165,0.7857016860236491,0.9910769089270685,0.9858554393255954,0.9881045808890163,0.9830689311332802,0.9393243772690151,0.9747911250829706,0.9757287667944832,0.9353648134649724,0.9850477506175418,0.7909659835459316,0.9837507311831513,0.9860877008007078,0.7907909361412099,0.6297487777686223,0.9616960147856632,0.9777498619975612,0.980154070417601,0.9889466858862035,0.9818287287681393,0.991538132830456,0.97979074101062,0.9860925235980759,0.989583078815759,0.945132835768561,0.9804141374023578,0.9845114953129523,0.98253842555088,0.9878936101418152,0.9966809895220502,0.956392075379866,0.9850787845453397,0.9871340026676291,0.9753400580629995,0.9854830673006594,0.9530345087497176,0.9914026685357352,0.9741347373569947,0.986113632437645,0.9818799982815313,0.9809100420036463
EWBC,0.929658805741067,0.9991701575012505,0.7079130084802369,0.9956384233147426,0.6714295614520803,0.9267250317485464,0.9879488787552895,0.9959583197078823,0.9995935708243456,0.9971538845179692,0.9775395810675848,0.9988656359553835,0.9997732699134523,0.9966927298045176,0.9993114373044221,0.9479278892893439,0.9944790406198377,0.9820275161752602,1.0,0.9998070738737855,0.998092306217471,0.9989251157279551,0.9966634197592137,0.9993515171548625,0.9984115947490431,0.9970754255711097,0.9989057660254429,0.8623447147210301,0.998500469705857,0.9971099647616318,0.9737527136046573,0.999260035794045,0.7197607806284374,0.9952233141854019,0.997209234826477,0.9844211377007105,0.9965958336381209,0.9609030528357847,0.9904470607898019,0.9986536779259809,0.8928245600205527,0.9997292561919905,0.7225289849006462,0.9981005611842949,0.9991597626366086,0.6910259558552772,0.4978382276817029,0.9929145039678838,0.9988563384905395,0.9984606259094173,0.998507274993105,0.9988054589087038,0.995727285706263,0.9989848776273399,0.9905768725188632,0.9775293314453923,0.9671226227356681,0.9993186444235606,0.9986256912354861,0.9993994941815819,0.9972118490020905,0.9823677169314142,0.9780244252757946,0.9980214080515768,0.9898942932330614,0.9986886022727725,0.9991252639312627,0.9796727144520827,0.9975441197392836,0.9982961083848999,0.9934370656451227,0.9977296448644948,0.9998290654214997
FCNCA,0.9297874589773849,0.998715690665107,0.7063483110603839,0.9955313789880517,0.6672018032917949,0.9291452844963685,0.9882746431868378,0.9961635997005647,0.9998637367138771,0.9970658431006139,0.9781080583454836,0.9984461782207632,0.999646344678199,0.9968605515934145,0.9992223497897654,0.9491296958417348,0.9942363883297698,0.9829588787917813,0.9998070738737855,1.0,0.997512410447661,0.9984574682664354,0.9966904038119878,0.9989057056073358,0.9982477489916391,0.9965126470135018,0.9986047316907316,0.8639912456454589,0.9985877289060485,0.9963153630240857,0.9745813434577463,0.9991407123479704,0.7223772872288164,0.9944371553183438,0.9970833257034609,0.9851268193650997,0.9967737474199125,0.9612622188717217,0.9906427035792476,0.9985646471867858,0.8942106800758419,0.9995884759941446,0.725025473193949,0.997419959222961,0.9994899447248852,0.693770468693549,0.5031317307015679,0.991972773249506,0.9984068674336466,0.9984692495139703,0.9982258209223843,0.9981068895150335,0.9955312345966056,0.9988284146963069,0.9908133699394731,0.978538561771944,0.9673813382637466,0.9996159848168895,0.9983767637270587,0.9988409008433216,0.9975439043099859,0.9830584898776483,0.9783018391890344,0.997787309911985,0.9895255234017635,0.9987723750965375,0.9992746531939234,0.9799813864210909,0.9978315877042598,0.9982017295387259,0.9937744043968597,0.996775089463318,0.9998097210129681
FFIN,0.9275674093916716,0.9985202542474506,0.7404778663588583,0.9929885370182838,0.7075213942159245,0.9424916462967652,0.990861578507132,0.9969968865864145,0.996634262085761,0.997185136724106,0.9824485261824579,0.9988499146589468,0.9983813572306168,0.9975645054485694,0.9980125929981851,0.9576332012342095,0.9984126536345589,0.9876133783349644,0.998092306217471,0.997512410447661,1.0000000000000002,0.9974916101962188,0.9964353933153962,0.9989457086123301,0.997589078854128,0.9972848218777666,0.9991684484076303,0.8781388180151697,0.9974926142356794,0.9988748336196626,0.9825549213690858,0.9979704841934355,0.7392672943826273,0.9973309905650619,0.9979352641803636,0.9876845102769631,0.9956086525565518,0.9584189895592956,0.9898567085048939,0.9965204468531755,0.9072332009533529,0.9985717318412431,0.7422183063895611,0.9973958698197719,0.9977076003741898,0.7240707991721758,0.5380542760271202,0.9885023150827841,0.9977771418516684,0.9968672723320885,0.999054057304004,0.9993184479232908,0.9960530725072185,0.9980098968723874,0.9926957512664955,0.9854481718624566,0.9637795570250206,0.9967417316111598,0.9986279101330325,0.9986209993965455,0.9970708815741502,0.9895290486588223,0.9747175792693265,0.999093336531122,0.9935001211840999,0.995222619411035,0.9984677921449691,0.9769104925984778,0.9975242361089979,0.9959217341807746,0.9936568383334533,0.9990687117156577,0.9977919606046408
FHB,0.9341163455969127,0.9998452211321291,0.7085881758457643,0.9955410483435512,0.6802352143398496,0.9250911784828387,0.9868316399713047,0.9944624399358704,0.9978107493243984,0.996423543567922,0.9753046094907916,0.999510142535726,0.9990670007175075,0.996813634372191,0.9969547563999182,0.9452197650124728,0.9931240819579346,0.9764274067286393,0.9989251157279551,0.9984574682664354,0.9974916101962188,1.0,0.9955923655371626,0.998345529828903,0.9990664452290705,0.998627250124112,0.999267866207236,0.8576998650456842,0.9992546922297466,0.997526189471519,0.9725013235686827,0.9994635800877535,0.7167007739284939,0.9919421705666198,0.9970156607069298,0.9825633111433145,0.9960745104486822,0.963940078889168,0.9918603624164429,0.9996250171530389,0.8902359426456762,0.9982208234102115,0.7189322617327566,0.9961856002112031,0.9974868637116151,0.6884714754847608,0.49369946810829124,0.994502619764963,0.9998510183503972,0.9987633711347513,0.9967484974322262,0.9993013151489832,0.991662709599513,0.9997636034191346,0.989752663937408,0.9768567966630677,0.9690726400612235,0.9987004631352064,0.9983383815294076,0.9987732112788306,0.9959483465530878,0.9801693784718897,0.97974301846966,0.9984617148207577,0.9891941020832565,0.9988688844949953,0.9984007040743181,0.9837235460341811,0.9947471213401343,0.9994283127371031,0.9923269343415885,0.9984610412049508,0.999336502710622
FITB,0.9505457883455816,0.996149354120094,0.7332345641471198,0.9976804958185883,0.697931087879041,0.9366662405345425,0.9922221026241042,0.9972120003773363,0.9966642138592335,0.9998870626383,0.9838543027157909,0.9971786593370048,0.9977184534557453,0.99543329486364,0.9975670680792637,0.9580128267013317,0.99614727758491,0.9857890238392556,0.9966634197592137,0.9966904038119878,0.9964353933153962,0.9955923655371626,1.0,0.9972868990080228,0.9982267639175605,0.9977947647311249,0.9961178100285986,0.8803681310804917,0.996484669447148,0.9977000457890685,0.9707347460132147,0.9971872901264144,0.7420263081781368,0.9949215333648924,0.9982480882730459,0.989613653201181,0.9997698625764968,0.9755962973610229,0.9970402304397576,0.9945691778735335,0.9120340939194876,0.9971187511279832,0.7502685216831217,0.9970661448481988,0.9964772622409298,0.7186021189009776,0.5254656279944144,0.9907342289361208,0.9956274208680358,0.9983936056894464,0.9985202854367605,0.9961201942178782,0.996163321948154,0.996666244125951,0.9918491801926408,0.9785742347603693,0.9804034078637334,0.9957585679481037,0.9988958762449534,0.9970480346931659,0.9987558108065073,0.9879641752562939,0.9887101985778826,0.997217102211186,0.9928721798260897,0.9955336414116199,0.9975469792441508,0.987364603825849,0.9983228835876471,0.9936857462477204,0.9989703643112021,0.9965420892275105,0.9965744925021388
FMAO,0.9333355871534886,0.9988853117397628,0.7134033724440454,0.9961639920128934,0.6789614675071652,0.9312722392782924,0.9872566119503671,0.9955417966936235,0.998393165280438,0.9979978906812166,0.9769555276052401,0.9988394040078656,0.9991901922641936,0.995968442213057,0.9994008981983878,0.9478052528454456,0.9966503998217333,0.9844361959468972,0.9993515171548625,0.9989057056073358,0.9989457086123301,0.998345529828903,0.9972868990080228,1.0000000000000002,0.9980162006319758,0.9973621855954676,0.9986948652995986,0.8620986361291622,0.9975441041839718,0.9986470900628653,0.9758693344159461,0.9985769632194234,0.7164074890771326,0.9971908131615552,0.996958960734516,0.9835187521147268,0.9968732685933828,0.9631272601732817,0.9906526652351572,0.9972482004870998,0.8934556925450682,0.9997739430159864,0.7206123168045309,0.9993015231928404,0.998108348682112,0.6974404237622099,0.5154276342724744,0.9915602591076236,0.9982869642059151,0.997729381042397,0.9990565664066933,0.9990534638656935,0.9966474710144877,0.9985715550030762,0.9892331387185751,0.9811596245405275,0.968936914735155,0.9977070407485633,0.9993543402764294,0.9998418689026,0.9967839050261884,0.985761265852782,0.978527269642465,0.9981813998549587,0.9898360505190871,0.9967678551271661,0.9984074940893026,0.9798028352114331,0.9977006953250874,0.9966774785409427,0.9937374175527466,0.9988633119887411,0.998962963139001
FMBH,0.9419425218334088,0.999181603581122,0.7268785263603118,0.9966306395948309,0.6962867622241992,0.9330558663630278,0.9917445817467213,0.9971928419548864,0.9978745018233901,0.9985574195211863,0.9820320853156634,0.9995718915096026,0.99928323661897,0.998058472107517,0.997283269842314,0.9549860293300192,0.994902147987888,0.9806297541138084,0.9984115947490431,0.9982477489916391,0.997589078854128,0.9990664452290705,0.9982267639175605,0.9980162006319758,0.9999999999999998,0.9995597411416108,0.998904158808251,0.8737100160231891,0.9995058522060133,0.9980442669744108,0.9730750872928217,0.9996392516251041,0.7375853278715362,0.9927796621031287,0.9990710595478544,0.9883349368699823,0.9985431864008607,0.9697799431814759,0.995801109472297,0.9986802501664206,0.905438928876282,0.9979637591792763,0.7418591832074629,0.996122421703139,0.9979800741161977,0.7083458606273436,0.5091273312301134,0.9943235197976842,0.9991748641774736,0.9998805082755182,0.9979496720440487,0.9987386096310595,0.9934965321226704,0.9994764301456192,0.9932284972917963,0.9784157340337841,0.974558625837685,0.9984650741533446,0.9991053382936788,0.9983311693239897,0.9985014792692717,0.984352899591452,0.9849331039519814,0.999215447316016,0.9930185866312151,0.9987195718542758,0.9991555248015643,0.9870257407727931,0.9968413451953976,0.9981962625560953,0.9966200788913069,0.9982918775682869,0.9988830074386803
FNB,0.9464041381054246,0.9987018036369415,0.7312028466309973,0.9965780638513787,0.7059318645158162,0.9323631085737619,0.99061034696796,0.9958535982495272,0.9958581250562261,0.9983261919092781,0.980528193384278,0.9992442691006944,0.9981412394734122,0.9968971420517059,0.9958201546060347,0.9533230158847236,0.9947747228139676,0.9785650966614892,0.9970754255711097,0.9965126470135018,0.9972848218777666,0.998627250124112,0.9977947647311249,0.9973621855954676,0.9995597411416108,1.0000000000000002,0.9983015076567124,0.8717162105681998,0.9985963199329392,0.9986990151867021,0.971721290011029,0.9986994263716185,0.7348332865730303,0.992122640968031,0.998457548210418,0.9867591610305745,0.998098761390893,0.9724605804330834,0.9963369713724431,0.9976672283900094,0.9047742463116158,0.996705389428341,0.7400754274644019,0.9956265665234367,0.9959660986992893,0.7094514589419924,0.5113355971714767,0.9939526388305954,0.9986387592875723,0.9991398690367039,0.9971250104043775,0.9985517120511374,0.9918924223196595,0.9988783212442387,0.9917579299158856,0.9779757895128215,0.9766181072760974,0.9966606835868499,0.9988502387206182,0.9977239631172515,0.9972280372554067,0.9840068549277652,0.9860995684337364,0.9988146381506976,0.9925249108588531,0.9972248098481243,0.9978243011483425,0.9886243806169388,0.9952157701426461,0.9971575980625036,0.9959879336680952,0.9987346890257991,0.9975642403342283
GBCI,0.9291460363473664,0.9997259879796476,0.7278512370596177,0.9939601630015641,0.696257325579676,0.9372708075916301,0.9902241193141439,0.9966540931267011,0.9977921629838661,0.9968850228913648,0.9805786428941939,0.9997186636604342,0.999223478556345,0.998475056034122,0.9976029186403881,0.9541787933326785,0.9961471413264559,0.9829163151363911,0.9989057660254429,0.9986047316907316,0.9991684484076303,0.999267866207236,0.9961178100285986,0.9986948652995986,0.998904158808251,0.9983015076567124,1.0,0.871637115839242,0.9993911380713106,0.9981949770659078,0.9800160254787811,0.9993781925419676,0.734068951052259,0.9942039571315409,0.998206788764623,0.9867792125251827,0.9960721704606817,0.9602642738783763,0.9912249013033523,0.9990155329336528,0.9018481236303152,0.9986706154386236,0.7357673477569406,0.9962653199296849,0.9984831449296289,0.7119239399937424,0.5207779362523177,0.9912582400834696,0.9994035407495774,0.9984092898287746,0.9981090470099493,0.9997226825050093,0.9936577424955256,0.9995799290140726,0.9927908997497559,0.9828867839941262,0.965351017623697,0.9986982823675968,0.9986786044757718,0.9987136330630402,0.9972781406998884,0.9858692390375545,0.9767426313643727,0.9995467759368039,0.9923013411113674,0.9978430911505096,0.9993033506161395,0.9805355172788242,0.996582449976258,0.9986832311253536,0.9933798793805176,0.9988209295691247,0.9991847727988348
GS,0.792158707827949,0.8639523240751958,0.9454627817300956,0.8474300780681976,0.8883925857332291,0.9427845858625777,0.9284798726087091,0.9036011563365095,0.8646936395173065,0.8764904042092826,0.9491975925887198,0.8712292694965428,0.8701414797341585,0.8934976436254977,0.8675821834947575,0.9780071622722604,0.89092617424881,0.9144604367090475,0.8623447147210301,0.8639912456454589,0.8781388180151697,0.8576998650456842,0.8803681310804917,0.8620986361291622,0.8737100160231891,0.8717162105681998,0.871637115839242,1.0000000000000002,0.8725831914111936,0.8693275502095295,0.9027064223753202,0.8703784352828575,0.967427880756785,0.8782482846465567,0.8928460349232025,0.9365074835886879,0.8750972055013153,0.8220115743776404,0.8786643627931306,0.8595194049886069,0.9957724050678656,0.8639455492569573,0.9699463112125939,0.8565392336367048,0.8781205803856066,0.9320177349746116,0.6825621887559448,0.8484315842511335,0.8636363992936913,0.872711046155174,0.8808872541786666,0.868461512258916,0.8844525504564716,0.8642572762536318,0.9211032808505524,0.8898278123664012,0.8262873225733623,0.86642672700767,0.8687121103524705,0.861077385065917,0.8932013539892287,0.910517955154985,0.8504337577356423,0.8823070292198029,0.9220817644676488,0.862279333176604,0.8799687722880131,0.8403440740440196,0.8880951147626327,0.8565550286095942,0.8970603906383411,0.8680895933611714,0.8625716150766124
