Ticker,ABCB,ABTX,AJX,ARI,AXP,BAC,BBT,BK,BOKF,C,CFG,CFR,CIT,CMA,CNND,COF,DFS,EWBC,FCNCA,FFIN,FHB,FITB,FMAO,FMBH,FNB,GBCI,GS,HBAN,HBHC,HOMB,HTH,IBKR,IBOC,ISBC,JPM,KEY,LARK,MBWM,MCBC,MS,MTB,NAVI,NKSH,NTRS,OPY,PACW,PBCT,PGC,PNC,PNFP,RF,SCHW,SFBC,SIVB,SLFC,SRCE,STBA,STT,SYF,TFSL,TSC,UMBF,USB,WAL,WFC,WSBC,ZION
ABCB,1.0,0.9996611873118392,0.9878159337061314,0.9096021061047407,0.9377816339058138,0.9905148538799241,0.9965425076619333,0.9886092331710227,0.9831463344661479,0.9877150833430601,0.9986769695199815,0.9931246533296653,0.9988587759343969,0.997531610629871,0.998611635242186,0.9909477623931976,0.9951555853307397,0.9988683314292678,0.9934200864828457,0.9842460395664153,0.9939472859691785,0.9889796771090095,0.9984225806795171,0.998258997871294,0.9986585947951477,0.9935277378948608,0.9688917874744853,0.9967495309717747,0.9969735311704602,0.9991072418162475,0.9961143047196646,0.9871816393406799,0.9925256036883988,0.9987705395695526,0.9872154605273549,0.990456182659716,0.9949488308384616,0.9995778796344676,0.9989827343045323,0.9385182771984408,0.9986570528298532,0.9941906626517847,0.9863138641537282,0.9885937490667885,0.8975971702902872,0.9945556723170169,0.9992661015438757,0.9990785461697818,0.9973284870598101,0.9994080517816218,0.9985487961435342,0.9436469861722607,0.9988019810487795,0.982012389686371,0.9928781391667105,0.9990489853634408,0.9992960631922494,0.9877790002428841,0.9968725128601374,0.9985971527427314,0.9979604611382118,0.991584334407608,0.9948790869250301,0.9985911884501252,0.9911005128644536,0.9986700244271506,0.9976576441918468
ABTX,0.9996611873118392,1.0000000000000004,0.9886996453487894,0.9156268503021188,0.9400619499671926,0.992878784778413,0.9977049633399747,0.9908315309113024,0.9859719403831594,0.9903577869988923,0.999504505604729,0.9950779683412571,0.9993929805895725,0.9983638458079779,0.9987606918684019,0.9924831901752168,0.9940829042517669,0.9994177270251853,0.9951715104293485,0.9867225445661093,0.9958114362529512,0.9913329483793093,0.9990147123788478,0.9991318967996314,0.9995078384024934,0.9952130748385846,0.972857996476321,0.9980221127508464,0.9983326477791638,0.9993457254757128,0.9944847636095323,0.9899058883074066,0.9938396413658982,0.9995535193634384,0.9898284474490299,0.992642030909422,0.9961853810949675,0.999640052396426,0.999470748913867,0.9431425123311464,0.9981337160555246,0.9938772618583945,0.9888134302103205,0.9910070550598129,0.8904735174078668,0.9966707115880488,0.9998848498326963,0.9995406532719815,0.9982934256088295,0.9998989698413883,0.9993334832449501,0.9493146862589033,0.9983292350026639,0.9851117464567396,0.9901877293511254,0.9994652409501122,0.9993262859926785,0.9902673079408086,0.995135657262302,0.9984181446523583,0.9983016487789558,0.9936450016383904,0.996208385281541,0.99929476100947,0.9932635249500537,0.9992458713887378,0.9987558958906796
AJX,0.9878159337061314,0.9886996453487894,1.0000000000000002,0.9502532107749587,0.9503151910515016,0.9861711617607962,0.9916778369778688,0.9865496683775258,0.9849148057860412,0.9840242398697613,0.9894911917362903,0.9877087914371578,0.984754730258035,0.9850698053136603,0.9833465531594298,0.9908110911109008,0.9775948131660668,0.9860931378559628,0.9854890494431192,0.98961898431867,0.9903646317216644,0.9870350591870689,0.9901246857303505,0.990143728522827,0.9910581280333962,0.9906949730133976,0.9727468276812753,0.9876854407196748,0.9880170764910694,0.9924513921414656,0.9856093697162359,0.9802956410488198,0.9910363930650856,0.9875006786373619,0.983187920738797,0.9868773614674945,0.9888797563137716,0.9845663338272703,0.9848240326702526,0.9697480233101606,0.982048046890386,0.9672058379199155,0.9883329425697085,0.982655630641711,0.8991320233863733,0.9858203786874068,0.988583928682509,0.9839967118026078,0.9888882792005393,0.990440852713897,0.9895455331145249,0.9571814140637671,0.980609121943757,0.980012090846417,0.9814818496583465,0.9895137318573357,0.9867453165263386,0.9840194510654527,0.9821723440834522,0.982338999309341,0.9789024281923305,0.9863899427192998,0.9859840706783426,0.9860945375817751,0.9856725590823534,0.9932566725328953,0.986962731188775
ARI,0.9096021061047407,0.9156268503021188,0.9502532107749587,1.0000000000000002,0.9690608261160347,0.946753910714664,0.9381832296363192,0.9507465253992307,0.9598539705428676,0.9493663510113238,0.925257633918973,0.9420197938547179,0.9129399639549175,0.9158524455420052,0.91037780119142,0.9498146353242767,0.890948231112024,0.9131023210684288,0.9366704669362699,0.963355979875369,0.9451538450474928,0.9501771548973791,0.922970766958384,0.928718992868946,0.9275207023939978,0.9465677969077965,0.9663412245379112,0.9317340912570393,0.9305868936679732,0.9220238261818561,0.9125262511396975,0.9445271683591143,0.9369537703093436,0.9198149982398014,0.949407854861763,0.947371840401219,0.9397896551041897,0.90625953312618,0.9129023429549691,0.9941191676598287,0.8928906656111475,0.8699310598182504,0.9542194553426078,0.9452648866996226,0.8436453970471344,0.9232899850449159,0.9191892166392864,0.9084706390388491,0.9257578250561105,0.9198353991025098,0.9267637555519442,0.9809721071882495,0.8913794910236218,0.9562885726198521,0.9011391559253897,0.920941744178359,0.9059388950743366,0.9494467098540135,0.8960976559651772,0.8932186089078273,0.8965525305816555,0.9447790802766733,0.9294753579072914,0.9190494136166409,0.9432170271429426,0.9263575278493349,0.9250524822348416
AXP,0.9377816339058138,0.9400619499671926,0.9503151910515016,0.9690608261160347,1.0000000000000002,0.9679899655091706,0.9597885531543301,0.9733175024630226,0.978355607501493,0.9712385021730408,0.9490710311803345,0.9645278578069467,0.9413829780043026,0.9458638174381071,0.9452728445944854,0.9720969588107792,0.9359378569570219,0.9412612929564265,0.9633999027368969,0.9776936616241622,0.9630683242900263,0.9713454233233139,0.9487302744653235,0.9525397046598691,0.9483386311103601,0.9662766728378498,0.9846161150181892,0.9558439847599296,0.9543024333304948,0.9441207322284236,0.9528984931516431,0.9665679369491411,0.9592320468075616,0.9457500857801857,0.9721943400959078,0.9697977786666013,0.9648960989972302,0.9354551278910787,0.9399662195709196,0.9822297303345799,0.926299631130495,0.9084256501759903,0.9721526009871305,0.9704043217102037,0.924561681405009,0.9370626082961272,0.9427786188085432,0.9370221251479053,0.9519103516048544,0.9421402278389244,0.9509174042279107,0.9857453169759735,0.9247969103563063,0.9768639327222463,0.945935646850031,0.94782972787187,0.933251347457423,0.9726531819035811,0.9380290899849629,0.9211542363833576,0.9271389382996128,0.9680814962646013,0.9586096456670448,0.9445793763875737,0.9675305125189966,0.9458018097636846,0.9515115980129112
BAC,0.9905148538799241,0.992878784778413,0.9861711617607962,0.946753910714664,0.9679899655091706,1.0,0.9981377154353476,0.9995780707313462,0.9984510949551421,0.9997814975954205,0.9960787241129307,0.9997632418911251,0.9933781577604232,0.9951998127400391,0.9938290903443455,0.9983467323702782,0.9855660197891528,0.9939420189872852,0.9994669608707126,0.9975559897951762,0.9991947421250517,0.9996666382478439,0.99529329349587,0.9968444775913374,0.9956440216626092,0.999282187426348,0.9933700938768867,0.997938780700613,0.9978490945998376,0.9930253654199487,0.9876823185241881,0.9986695623564236,0.9958849686708161,0.9954996989987791,0.9996863412428851,0.9998914721257004,0.9989142878332864,0.9912008112574211,0.9932251436660369,0.9689681515046007,0.986641722951958,0.9800238340050013,0.9982060007918756,0.9997349523764664,0.8886638049098862,0.9928881080634726,0.994146233998592,0.9925183407239936,0.9966904033096486,0.9936159955733659,0.9963036846481225,0.9793293558617486,0.9864563948543293,0.998475193277564,0.9803704443499432,0.9949876966134895,0.9900711500910653,0.9997204627634049,0.9845069761834845,0.9859508679536848,0.9890866839575855,0.9999227679537197,0.9981316355565367,0.9947625772826914,0.9998150973894997,0.9938485302955059,0.9972215388754041
BBT,0.9965425076619333,0.9977049633399747,0.9916778369778688,0.9381832296363192,0.9597885531543301,0.9981377154353476,1.0000000000000002,0.997369942731401,0.9947118809426351,0.9967832855077489,0.9992358775793014,0.9990685432975758,0.9972821117902911,0.9975562213741077,0.997205198255309,0.9981221385241329,0.9907610687756219,0.9975147286903333,0.9987168570881504,0.9952457947058005,0.9994858810409532,0.9975283177586693,0.9986704193399226,0.9995989131228754,0.9991983616221978,0.9994684654202105,0.9856302763007904,0.9994474683010793,0.9994151295395078,0.9980467335761256,0.9939281952068894,0.9956742256545241,0.9969534310609742,0.9985969281122257,0.9964891576261153,0.9981666901909177,0.9995820877622638,0.9962522427558501,0.997215095518098,0.9621222221223924,0.9929897514042142,0.9859631304241324,0.995874324782748,0.9969119278627551,0.8982566359057341,0.995412426560903,0.9982663947522405,0.9966490439719639,0.9988389517351517,0.9982078364383069,0.9993866151564302,0.9677008688794548,0.9928136258025367,0.9937579309283245,0.9884940660923386,0.9987235862591052,0.9956701500086514,0.9968192059638462,0.9916966871593953,0.9925850044147222,0.993717467809933,0.9985390825669936,0.9984472448504947,0.9980985400681076,0.9981508500271093,0.9984644757189606,0.9991190712465163
BK,0.9886092331710227,0.9908315309113024,0.9865496683775258,0.9507465253992307,0.9733175024630226,0.9995780707313462,0.997369942731401,1.0,0.9993710879470604,0.9997067173051278,0.9944566711760342,0.9992096817160873,0.9910042965346382,0.993841531517345,0.992289289836768,0.9990838015697329,0.9849102479337772,0.9921560429065901,0.9988930275623792,0.9987688274538565,0.9983425661842159,0.999920889906917,0.9943175882930672,0.9955627935476338,0.9939923604774753,0.9989108507973358,0.9950308756745534,0.9964205316302176,0.996332003776279,0.9918306124991462,0.9878072573206009,0.9976098512936575,0.9964544302872855,0.9937366835145298,0.9996677482128029,0.9998400733293457,0.9984300019385396,0.9887849399583912,0.9907499937565916,0.9733281455097648,0.9844668665158427,0.9758632553636316,0.9991692137484716,0.9995411318757705,0.8970791491720121,0.989850496851745,0.9920556580024418,0.9900347027145869,0.9958142883042305,0.9918168962441505,0.9947505327601281,0.9817130471004895,0.9838178547317159,0.9987307574475417,0.9808748371878019,0.9937689221224925,0.9880595638582783,0.9998124892847441,0.9838728120421151,0.9830474547592297,0.9858366664916945,0.9995518137683338,0.9976518368902867,0.9925381779536702,0.9995374335708705,0.9925231529709982,0.9957068625771588
BOKF,0.9831463344661479,0.9859719403831594,0.9849148057860412,0.9598539705428676,0.978355607501493,0.9984510949551421,0.9947118809426351,0.9993710879470604,0.9999999999999997,0.999134545946235,0.9905623623240928,0.9974333008393522,0.9861224898632313,0.9895847079035717,0.9873552921450545,0.9980673062368134,0.9788423904931745,0.9873910988167085,0.9967213369663716,0.9993780903846363,0.9965409871234375,0.9992432619597948,0.9903550895987608,0.9920102026125547,0.9901994251876406,0.9972746014590802,0.9976107291205188,0.9932790094343932,0.9931698585881877,0.9875114175990397,0.9828475462722834,0.9965104878876244,0.9943374462002129,0.9894753180590604,0.9991416811497045,0.9987798225041365,0.9961455461172742,0.9832081566460996,0.985773262965107,0.9799540717144799,0.9779507619209805,0.967938616622044,0.9990760546104184,0.9985793826524313,0.8940527185234828,0.9862123205453861,0.9875418246945767,0.9847888945022382,0.9922941430401275,0.9873159795763431,0.9909647267317228,0.987497549755157,0.9771280435582447,0.9992088246169847,0.9751879117048483,0.9895314957269603,0.9825409770262433,0.9992291463276118,0.977721282844241,0.9764636881376287,0.979694385062426,0.9981519493505074,0.9948104314659801,0.9881053148673876,0.9981446697620401,0.9885810456194009,0.9920458468986868
C,0.9877150833430601,0.9903577869988923,0.9840242398697613,0.9493663510113238,0.9712385021730408,0.9997814975954205,0.9967832855077489,0.9997067173051278,0.999134545946235,1.0000000000000007,0.9941460595955384,0.9991991612861294,0.991084205773,0.9936543673191295,0.9919176782454071,0.998080769478391,0.983634042856278,0.9918854237199174,0.9989294998247694,0.9978828097775068,0.9982094493246496,0.9997477375243327,0.9935267799743936,0.9951043286718908,0.9935563777823518,0.9984668108867575,0.9953750083697472,0.9964667807818564,0.9964137476634695,0.9907038733655044,0.9854530442118482,0.9985387521477264,0.9952402676557551,0.9935491431301418,0.9999610498265096,0.9997631817217817,0.9979560118033154,0.9885241650187014,0.990781359889704,0.9713560567853197,0.9837697219135851,0.976675238026749,0.9985497827117031,0.999863329222737,0.8882686468686671,0.9907745476923813,0.991797452669521,0.9900952442324418,0.995295988577331,0.9912276544052415,0.9943998335106783,0.98250418704549,0.9834144811615547,0.9992038854773743,0.9778349446506619,0.993040009367947,0.9874384966944946,0.9999473572044706,0.981966565849053,0.9827317911824144,0.9863051684630373,0.9995887971925496,0.9973911747938663,0.9925548745351749,0.9996376115353794,0.9916066357762192,0.995683969850004
CFG,0.9986769695199815,0.999504505604729,0.9894911917362903,0.925257633918973,0.9490710311803345,0.9960787241129307,0.9992358775793014,0.9944566711760342,0.9905623623240928,0.9941460595955384,0.9999999999999997,0.9976347765591814,0.9992517840879538,0.9987938253929486,0.9988174636916722,0.9954177197781244,0.9932004665631307,0.9992690838755172,0.9976136510590814,0.9908964631120641,0.9980796749155416,0.9948339913593486,0.99934742234019,0.9999034401897489,0.9998767640446894,0.9976595867798858,0.9795233033896473,0.9994254276265762,0.9995923037907389,0.9990409925128587,0.9942736136404363,0.9936411471201776,0.995587925769351,0.9998193832726017,0.9937346701929309,0.9958818818281496,0.9983039428064006,0.9987956359849377,0.9992129391408738,0.9512751412222658,0.9964248900503617,0.9915196014321925,0.9925121542987543,0.9946065320171346,0.8920919638290943,0.9970245843009538,0.9997662673357594,0.9990432998232922,0.9991522629239825,0.9996156425814013,0.9999579149245573,0.9584877442450034,0.9965360762042172,0.9899466142292995,0.9892757940743253,0.999645116191779,0.9982250513272484,0.9940612365572786,0.9938611839613493,0.9964361385307902,0.9972241275491086,0.9966354334658163,0.9980007854563486,0.9994927921802998,0.9963129522278565,0.9992130271799226,0.9996998414241873
CFR,0.9931246533296653,0.9950779683412571,0.9877087914371578,0.9420197938547179,0.9645278578069467,0.9997632418911251,0.9990685432975758,0.9992096817160873,0.9974333008393522,0.9991991612861294,0.9976347765591814,0.9999999999999999,0.9953037268926352,0.9969666427619392,0.9958091415582377,0.9986112999824164,0.988666957609023,0.9959991891222938,0.9998139777502189,0.9968602206266362,0.9995083644307113,0.9993725796464387,0.9971539387714049,0.998249511598665,0.9972427286300184,0.9995712089996883,0.9909378894331541,0.9988157264373607,0.9988777961947365,0.9952672245456262,0.9901855493201703,0.9978675580591366,0.9970422400741334,0.9972123128482208,0.9990160800118795,0.9997254396305026,0.9994585510791598,0.9936070913543349,0.9951370471426417,0.9656984873798923,0.9898431563835783,0.9832734637468947,0.9979099718851981,0.9992676383206892,0.8916000847046356,0.9942402124228494,0.9960418203426308,0.9946678473921232,0.9981924538217941,0.9957054864484886,0.9977660072293331,0.974978325532003,0.9895851502391696,0.9971102906114427,0.9835798141348606,0.9969006703238079,0.9928231030678993,0.9991554716697034,0.9878241195012721,0.9891312081534999,0.991515445765106,0.999858376214095,0.9990545496740982,0.9963705044356526,0.9997777450436337,0.9958509607648524,0.9984907303464213
CIT,0.9988587759343969,0.9993929805895725,0.984754730258035,0.9129399639549175,0.9413829780043026,0.9933781577604232,0.9972821117902911,0.9910042965346382,0.9861224898632313,0.991084205773,0.9992517840879538,0.9953037268926352,0.9999999999999998,0.998379083215863,0.9990323659314324,0.9920012152294604,0.9939488478163817,0.9990893588291443,0.9956663372156983,0.9858104246505172,0.9956404747656582,0.9914902475765978,0.9981973147612925,0.9987315635013043,0.9988835790390123,0.9948576271036884,0.9739571418511516,0.9983699437752517,0.9986813980298266,0.9978712655797672,0.9936484518794702,0.9913513270372722,0.9924476322360288,0.9993560762715543,0.9906174653509977,0.9929641218921826,0.9961530837206614,0.9994655052028865,0.9995452494710552,0.9405493250027388,0.9975171079775935,0.9949257191396328,0.9881628822996973,0.9919482346949278,0.888782769264132,0.9972897002955292,0.9995646425182383,0.9997036405548666,0.9977848592443934,0.9990203899982601,0.9991357631457336,0.9505460204042028,0.9980562311726712,0.986122878165624,0.9888416526782834,0.9988365196515406,0.9985980028195901,0.9909539442491067,0.9944127208042309,0.9977413461660228,0.9988277247917295,0.9941070747750277,0.9963844400513908,0.999311006921195,0.9939107978464279,0.9980020163997964,0.9989514873865581
CMA,0.997531610629871,0.9983638458079779,0.9850698053136603,0.9158524455420052,0.9458638174381071,0.9951998127400391,0.9975562213741077,0.993841531517345,0.9895847079035717,0.9936543673191295,0.9987938253929486,0.9969666427619392,0.998379083215863,0.9999999999999997,0.9992991113602672,0.9945634600894483,0.9962777981110285,0.9996299238669077,0.9975862674868344,0.9890945600427824,0.9959887008833828,0.9943924132401003,0.9994053124105045,0.9987371421205378,0.9981454128567856,0.9958009966164885,0.9788530619520934,0.9978177240052954,0.9985666031567112,0.998045630508118,0.9931075578875026,0.9919622500271753,0.9967151545519737,0.9993605614602536,0.9931803019653194,0.9952532305391049,0.9968351197573022,0.9981382300989844,0.997950360796519,0.9461064601237451,0.9975012926597269,0.9927935974243826,0.9925796607408178,0.994323106953984,0.891204989932721,0.9955200663429137,0.998382390876152,0.9986957440359118,0.9995837400819451,0.9984327554643903,0.9984609138024187,0.9555221091763458,0.9970702541901303,0.9887199351829161,0.9883311937172561,0.9992960485550428,0.9984381250907547,0.9935399642363494,0.9946114273599294,0.9966312117369268,0.9971511893939524,0.995763754393492,0.9989741038432467,0.9979451888066277,0.9961524530762883,0.9977724240780025,0.9992667485321759
CNND,0.998611635242186,0.9987606918684019,0.9833465531594298,0.91037780119142,0.9452728445944854,0.9938290903443455,0.997205198255309,0.992289289836768,0.9873552921450545,0.9919176782454071,0.9988174636916722,0.9958091415582377,0.9990323659314324,0.9992991113602672,1.0,0.9931153498829028,0.9966758624398802,0.999492349724256,0.9966927154132104,0.9868989171205649,0.9952440940635114,0.9925207522443068,0.9988231939243725,0.9986583641574874,0.9981306461884731,0.9950807535152101,0.9758325387027099,0.997953014110952,0.9981879002868875,0.9978269527288793,0.9955266326830872,0.9912990809631952,0.9943007804707225,0.9993293348801423,0.9916285553679934,0.9938090052256608,0.9967661813357168,0.9991078107983766,0.9989159585634161,0.9408380577216913,0.9980608168697689,0.9945282227608775,0.9897455667143332,0.9930396851237767,0.8977324476444031,0.9941965786296968,0.9987303010272995,0.9992371905391797,0.9986658690994493,0.9984505973656151,0.9987005824574576,0.9514336879859523,0.9981078372937402,0.9870920665098722,0.9913829857443694,0.9992394802673679,0.9984102602736311,0.992018042357472,0.9962071761002191,0.9971591316445054,0.9981162963974846,0.9947527982312035,0.9978513164691333,0.9987465540534789,0.9947039457781384,0.9973188698946407,0.9990675655597238
COF,0.9909477623931976,0.9924831901752168,0.9908110911109008,0.9498146353242767,0.9720969588107792,0.9983467323702782,0.9981221385241329,0.9990838015697329,0.9980673062368134,0.998080769478391,0.9954177197781244,0.9986112999824164,0.9920012152294604,0.9945634600894483,0.9931153498829028,0.9999999999999999,0.9879245868933785,0.9931632728215867,0.9980681996225064,0.9985240976454101,0.9981144660807453,0.9991098733740859,0.9959349852569962,0.9964559605400243,0.9951992613055151,0.9988600613674699,0.991741433886275,0.9963039590117245,0.9965984114738405,0.9943245447499917,0.9913300642968627,0.9947594167636434,0.9980611797656277,0.9944658500073341,0.9978308816094513,0.9989852301597398,0.9984216975450282,0.9900939572007672,0.991283154520085,0.9733827329364696,0.9868781860447915,0.9762878098500463,0.9989144011661583,0.997755462026831,0.9081726101713997,0.9903620819973072,0.993233100540553,0.9908814910726419,0.9967657324610638,0.9935592525738154,0.9956520589211246,0.9766848125558197,0.9858075180136276,0.996057910239727,0.9859917100852507,0.9953221922869804,0.9904702394150648,0.9982679683776381,0.9880661089388206,0.9851840931111612,0.9862515840761573,0.9985753420663106,0.9976967127893074,0.9928428198111574,0.9986341641146963,0.994866177468011,0.995895510194144
DFS,0.9951555853307397,0.9940829042517669,0.9775948131660668,0.890948231112024,0.9359378569570219,0.9855660197891528,0.9907610687756219,0.9849102479337772,0.9788423904931745,0.983634042856278,0.9932004665631307,0.988666957609023,0.9939488478163817,0.9962777981110285,0.9966758624398802,0.9879245868933785,0.9999999999999998,0.9958501331499302,0.9902165658603191,0.9787306558406792,0.9867658446689955,0.9853499067770551,0.9955556047844294,0.9929760500726977,0.9920242102477659,0.9872663333890023,0.9651499669892097,0.9905488682120002,0.9917645503294227,0.9944042567563443,0.994633324518419,0.9804027850223381,0.9920719935196057,0.9942828396990068,0.9830850093384429,0.9864437864891878,0.9897687693391818,0.9947953002687628,0.992798348444982,0.9282380066420225,0.9973992811328014,0.991579063010117,0.9836809456744995,0.9849042123168165,0.9108625744005456,0.9865156190496063,0.9930999812722918,0.9945416872032796,0.9949556824000781,0.9937814659248011,0.9927376681461928,0.935345154158364,0.9961960084827419,0.976627633624941,0.9935433408580341,0.9955489487983071,0.9963734315022007,0.9838418305702792,0.9985043899018319,0.9946956749173728,0.9933156513360635,0.9869461033699756,0.9937861554006145,0.991980142682923,0.9878162084633372,0.9930071805775929,0.9933966769858182
EWBC,0.9988683314292678,0.9994177270251853,0.9860931378559628,0.9131023210684288,0.9412612929564265,0.9939420189872852,0.9975147286903333,0.9921560429065901,0.9873910988167085,0.9918854237199174,0.9992690838755172,0.9959991891222938,0.9990893588291443,0.9996299238669077,0.999492349724256,0.9931632728215867,0.9958501331499302,1.0,0.9965099430817472,0.9874010444006113,0.9957277289374291,0.9926899435682702,0.9994299076445451,0.9990255116385399,0.9988675771763309,0.9953228803191017,0.9753469273127482,0.9979706869392386,0.9984787509839542,0.9988199022425928,0.9937375822712139,0.9909371989381859,0.9953231796502924,0.9997703410000723,0.9914084691873216,0.9938194988502252,0.9964495054989467,0.9993331148607134,0.9990880341459983,0.9426967819690176,0.9984855123887549,0.9944442974587232,0.9904695890987352,0.9926413011037482,0.8889860081791675,0.9959798869337637,0.9993221577672264,0.9995511987421929,0.9991918542276869,0.9993520705368351,0.9989718413351812,0.9513412631579955,0.9983655252136026,0.9866823724581265,0.9892930848988286,0.9996051714782287,0.9992657740915699,0.9917598620766676,0.9952019492158258,0.998160966135748,0.9984076286092943,0.9946234313871356,0.9978439914582927,0.998924165469477,0.9946433329697837,0.998467371779693,0.9992450300634196
FCNCA,0.9934200864828457,0.9951715104293485,0.9854890494431192,0.9366704669362699,0.9633999027368969,0.9994669608707126,0.9987168570881504,0.9988930275623792,0.9967213369663716,0.9989294998247694,0.9976136510590814,0.9998139777502189,0.9956663372156983,0.9975862674868344,0.9966927154132104,0.9980681996225064,0.9902165658603191,0.9965099430817472,1.0,0.9957530456080015,0.9989175645076032,0.9989940008555518,0.9972975926290426,0.9981898785270142,0.9969750435524074,0.9990489623287891,0.9901795794886008,0.9987756550184123,0.9988068798978085,0.995085984985381,0.990815945094104,0.9977625695498904,0.9968376306829108,0.9974720166942223,0.9988122203384264,0.9994540355421012,0.9993364888074865,0.9941490661064324,0.9955142320829979,0.9619738576057644,0.9907975259619886,0.9849710132849364,0.9972777144589702,0.9992628234971445,0.8929024207164853,0.9936366851526415,0.9960697731369964,0.995197553451818,0.9983977726683162,0.9956295487712491,0.9977200358295734,0.9730477698394913,0.9905548471914536,0.9966762991946791,0.9844037402499229,0.997110807341437,0.99320229754219,0.9989348143186664,0.9888462712630222,0.9897744963599597,0.9923951341088607,0.9996726574687076,0.9994623306408231,0.9965881339289517,0.9996927612226314,0.99542384753941,0.9987342911630154
FFIN,0.9842460395664153,0.9867225445661093,0.98961898431867,0.963355979875369,0.9776936616241622,0.9975559897951762,0.9952457947058005,0.9987688274538565,0.9993780903846363,0.9978828097775068,0.9908964631120641,0.9968602206266362,0.9858104246505172,0.9890945600427824,0.9868989171205649,0.9985240976454101,0.9787306558406792,0.9874010444006113,0.9957530456080015,1.0000000000000002,0.9966735092777904,0.9986316647899358,0.9909898944397915,0.9924172937901621,0.9909747883427522,0.9975452848867338,0.9956978412707338,0.9929748872998818,0.9928323795956768,0.989094741064815,0.9844279529059482,0.9946929783791032,0.9951513410650017,0.9895103421288246,0.9977974158689488,0.9980731514709079,0.996117583064447,0.9834370729846417,0.9857290357364659,0.9827348428229692,0.9784266134599245,0.966549372063663,0.9990746976459687,0.9970814258091261,0.8989072448080689,0.985878000955987,0.9880207335355057,0.9845671862648878,0.9924158052671931,0.9882974395865669,0.9913130516485424,0.9855254096634366,0.9773501530933025,0.9976189737339858,0.9775146898704828,0.9901082545245955,0.9832879671241429,0.9980422268666662,0.9789102500606641,0.9770740142912695,0.9790194465058586,0.9973561829885944,0.9940909604392019,0.9880973255258142,0.9970969816136637,0.9900724708288846,0.9916558514245186
FHB,0.9939472859691785,0.9958114362529512,0.9903646317216644,0.9451538450474928,0.9630683242900263,0.9991947421250517,0.9994858810409532,0.9983425661842159,0.9965409871234375,0.9982094493246496,0.9980796749155416,0.9995083644307113,0.9956404747656582,0.9959887008833828,0.9952440940635114,0.9981144660807453,0.9867658446689955,0.9957277289374291,0.9989175645076032,0.9966735092777904,1.0000000000000002,0.9984754422357396,0.9969454372642035,0.998599918539058,0.9980945445124788,0.9998472080987648,0.9891790126656811,0.9991632290839503,0.9989601477091075,0.9959357040142746,0.9904947035517312,0.9974889859225641,0.9958806785196436,0.9972939918245523,0.9980073266695383,0.998982976974593,0.9995075589597358,0.9940841101656102,0.9957983509423344,0.9666154637747209,0.9895658946464464,0.9829557835713213,0.9967688404918849,0.9981619079829556,0.8901687434311526,0.9950447206446744,0.9967965029771326,0.9948605710800109,0.9975874321837586,0.9964426868507671,0.9983192418756395,0.9739319577534838,0.989627022313713,0.996217114330523,0.98393978292895,0.9969314284489115,0.9929466829786554,0.9981581336907276,0.9873972160297417,0.9895465455909925,0.9916886131154108,0.9993184655673828,0.997770615310063,0.9970789832395038,0.998786305020549,0.9966987993488262,0.9983080358691433
FITB,0.9889796771090095,0.9913329483793093,0.9870350591870689,0.9501771548973791,0.9713454233233139,0.9996666382478439,0.9975283177586693,0.999920889906917,0.9992432619597948,0.9997477375243327,0.9948339913593486,0.9993725796464387,0.9914902475765978,0.9943924132401003,0.9925207522443068,0.9991098733740859,0.9853499067770551,0.9926899435682702,0.9989940008555518,0.9986316647899358,0.9984754422357396,1.0,0.9947798415096719,0.9958461443996295,0.9943914259699155,0.9989178920717293,0.9946361837480676,0.9965826360094928,0.9967013760068332,0.992332524009236,0.9873628416513588,0.9974926602755672,0.9969446151846556,0.994167104670512,0.9996116091987824,0.999892894846061,0.998330171696518,0.9892310588976994,0.9910868074962779,0.9728993338252904,0.9851647339819619,0.9766352334593132,0.9993578595122511,0.9994886268445098,0.8940732813721217,0.9909738915069758,0.9925143784719992,0.9905699924581595,0.9962589736362326,0.9923467392679899,0.9950310383097809,0.9810440476808321,0.9844588844685843,0.9984678929327033,0.980359793090334,0.9941504265892205,0.9888206530370266,0.9997526270691232,0.984050826364399,0.9839028300728209,0.9864632607134538,0.9995624342398205,0.9979417659192905,0.9927936306452206,0.999681741446053,0.9931003765019034,0.9960393317709764
FMAO,0.9984225806795171,0.9990147123788478,0.9901246857303505,0.922970766958384,0.9487302744653235,0.99529329349587,0.9986704193399226,0.9943175882930672,0.9903550895987608,0.9935267799743936,0.99934742234019,0.9971539387714049,0.9981973147612925,0.9994053124105045,0.9988231939243725,0.9959349852569962,0.9955556047844294,0.9994299076445451,0.9972975926290426,0.9909898944397915,0.9969454372642035,0.9947798415096719,1.0,0.9994339707736825,0.9991355107076552,0.9969231854266872,0.978951420985486,0.9980991662947729,0.9987073771323981,0.9994800923763489,0.9949489184163519,0.9914124542856478,0.9976745726095387,0.9994363390242362,0.9930107722162752,0.9955197850328678,0.9975845129078427,0.9981488191195654,0.997935981054794,0.9515978011198585,0.9972464009257193,0.9905670342442295,0.9934682209613832,0.9939152609799023,0.8978539313532791,0.995455383618961,0.9989220069794327,0.99833297184196,0.9997722275267225,0.9993319991327823,0.9991240717891295,0.9565358016115353,0.9966520822228553,0.9886725174477303,0.9906489186251335,0.9998752854956537,0.9987248564852994,0.9935136150461555,0.9954013378934143,0.9964975824369583,0.9961230624328334,0.995922377864211,0.9985929065145164,0.9981169738470731,0.9960043565065505,0.9992810908487566,0.9991541304281718
FMBH,0.998258997871294,0.9991318967996314,0.990143728522827,0.928718992868946,0.9525397046598691,0.9968444775913374,0.9995989131228754,0.9955627935476338,0.9920102026125547,0.9951043286718908,0.9999034401897489,0.998249511598665,0.9987315635013043,0.9987371421205378,0.9986583641574874,0.9964559605400243,0.9929760500726977,0.9990255116385399,0.9981898785270142,0.9924172937901621,0.998599918539058,0.9958461443996295,0.9994339707736825,1.0000000000000004,0.9997981304288025,0.9983687849881183,0.9815421961051758,0.9995203783567126,0.9996380711044293,0.9989798502836676,0.9945767578590212,0.9942255096394873,0.9963936798669377,0.9996664445227784,0.9947469797497965,0.9967538175375533,0.9989026498843795,0.9982401673160737,0.9987716825486513,0.954506199716631,0.9957266973674197,0.9901020726417145,0.9938129380065578,0.9955165275249033,0.8949455181055647,0.9963672987555202,0.9994397241145649,0.9985047748826464,0.9993566314770272,0.999355743101898,0.9999110528979488,0.9612324069171037,0.9957097818571689,0.9912464895784894,0.9895171686789713,0.9996233612559475,0.9976898247825567,0.9950982481895544,0.9936116666847818,0.9955156963677212,0.9963216410602167,0.9973941103172579,0.9984443724507629,0.999225900564125,0.9970441709144539,0.9991193119514122,0.9997150013088899
FNB,0.9986585947951477,0.9995078384024934,0.9910581280333962,0.9275207023939978,0.9483386311103601,0.9956440216626092,0.9991983616221978,0.9939923604774753,0.9901994251876406,0.9935563777823518,0.9998767640446894,0.9972427286300184,0.9988835790390123,0.9981454128567856,0.9981306461884731,0.9951992613055151,0.9920242102477659,0.9988675771763309,0.9969750435524074,0.9909747883427522,0.9980945445124788,0.9943914259699155,0.9991355107076552,0.9997981304288025,0.9999999999999999,0.9976220375335573,0.9787840759770364,0.9991597065927026,0.9993066293353631,0.9992270892431265,0.9939788298589511,0.9929552221248792,0.9953292068365525,0.9995443849679121,0.9931023626050605,0.9954177164675951,0.9980421174113878,0.9985415742910039,0.9989964547724917,0.9525785464363737,0.9959601919848734,0.990609550839577,0.9922290882230655,0.9938935059640267,0.8912159500389258,0.9971325269574248,0.9997400394431047,0.9986836270147877,0.9987745961831292,0.9996987080102789,0.999848073207247,0.9581882274474355,0.9961059079522856,0.9893544303768275,0.9889134328128592,0.9994263032600996,0.9980388836798942,0.993476070760863,0.9932363398292844,0.9962674787072167,0.9966976688126002,0.9961856820063968,0.9972655456341917,0.999323404361482,0.9957014962597754,0.9994834751364993,0.9992879098016004
GBCI,0.9935277378948608,0.9952130748385846,0.9906949730133976,0.9465677969077965,0.9662766728378498,0.999282187426348,0.9994684654202105,0.9989108507973358,0.9972746014590802,0.9984668108867575,0.9976595867798858,0.9995712089996883,0.9948576271036884,0.9958009966164885,0.9950807535152101,0.9988600613674699,0.9872663333890023,0.9953228803191017,0.9990489623287891,0.9975452848867338,0.9998472080987648,0.9989178920717293,0.9969231854266872,0.9983687849881183,0.9976220375335573,1.0000000000000002,0.9902235178728449,0.9987761064542074,0.9985385839496691,0.9957747933501545,0.9914066965308105,0.9972373534337103,0.996586319147546,0.9968469775380768,0.9983204156528643,0.9992960277271707,0.9997074210034991,0.9933823103776197,0.9950163663308582,0.9686016318132187,0.9890865602155191,0.9814884017309989,0.9975451359257547,0.9984238677628838,0.8962627118852707,0.9935378730853364,0.9961360766646632,0.9940773690778383,0.9976107754014065,0.9959399253597572,0.9979459260505271,0.9750577882335161,0.9888980412731433,0.9966205193373917,0.9851816328232448,0.9968100915250369,0.9924110406223111,0.9985377360242708,0.9879075752323888,0.9885803466779718,0.9905434684249186,0.9994835506044494,0.9980103278561817,0.9964013924712198,0.9989891028037559,0.9963870656706838,0.9979707088710204
GS,0.9688917874744853,0.972857996476321,0.9727468276812753,0.9663412245379112,0.9846161150181892,0.9933700938768867,0.9856302763007904,0.9950308756745534,0.9976107291205188,0.9953750083697472,0.9795233033896473,0.9909378894331541,0.9739571418511516,0.9788530619520934,0.9758325387027099,0.991741433886275,0.9651499669892097,0.9753469273127482,0.9901795794886008,0.9956978412707338,0.9891790126656811,0.9946361837480676,0.978951420985486,0.9815421961051758,0.9787840759770364,0.9902235178728449,1.0000000000000004,0.9842929749298346,0.9838769110176351,0.974447556478903,0.9697548616433906,0.9928263868410518,0.9857366551647934,0.9782051910067991,0.9956790365730007,0.9936698936525513,0.9885315506085502,0.9696512157555333,0.9735147497680424,0.9835349839460479,0.9625904369055549,0.9522159337002747,0.9947172788169404,0.9945778636806879,0.8832471899410669,0.975060205570875,0.9752642537816183,0.9720878032452764,0.9821698562900502,0.9745321726820757,0.9801593823099097,0.9951316237301209,0.9617271101347904,0.9977626725847379,0.9602799556287541,0.9778068443831527,0.9681942269326311,0.9954802602764401,0.9625806179120981,0.960576835482418,0.9660786826842954,0.9926117287484255,0.9868386150812243,0.9767405274498598,0.9927553430396006,0.9760132944552762,0.9822497653006774
HBAN,0.9967495309717747,0.9980221127508464,0.9876854407196748,0.9317340912570393,0.9558439847599296,0.997938780700613,0.9994474683010793,0.9964205316302176,0.9932790094343932,0.9964667807818564,0.9994254276265762,0.9988157264373607,0.9983699437752517,0.9978177240052954,0.997953014110952,0.9963039590117245,0.9905488682120002,0.9979706869392386,0.9987756550184123,0.9929748872998818,0.9991632290839503,0.9965826360094928,0.9980991662947729,0.9995203783567126,0.9991597065927026,0.9987761064542074,0.9842929749298346,1.0000000000000002,0.9997747800802144,0.9971947933898468,0.9928367549914341,0.996698446232145,0.9947977144098771,0.9990545119243684,0.9962640999963882,0.9975866768389416,0.9992903373861952,0.9972712975740313,0.9984729655117902,0.9557868375118321,0.9935450525419856,0.989210233136071,0.9938813647632155,0.9969331622101167,0.8904441417183285,0.9963027360704244,0.9987534625764575,0.9978262243053935,0.9984251346489124,0.998151165491907,0.9995891632952245,0.9657525431403682,0.9939434553889697,0.9935300770744191,0.9869429715180346,0.9984864376149875,0.9957817888313193,0.9964095501292171,0.9910605701819598,0.9935434079387204,0.9957886205873924,0.9983430268905444,0.9981943249887879,0.9991637425671481,0.9978576252744891,0.9976346436306445,0.9996052552195199
HBHC,0.9969735311704602,0.9983326477791638,0.9880170764910694,0.9305868936679732,0.9543024333304948,0.9978490945998376,0.9994151295395078,0.996332003776279,0.9931698585881877,0.9964137476634695,0.9995923037907389,0.9988777961947365,0.9986813980298266,0.9985666031567112,0.9981879002868875,0.9965984114738405,0.9917645503294227,0.9984787509839542,0.9988068798978085,0.9928323795956768,0.9989601477091075,0.9967013760068332,0.9987073771323981,0.9996380711044293,0.9993066293353631,0.9985385839496691,0.9838769110176351,0.9997747800802144,0.9999999999999998,0.9977144918954591,0.9926194404872475,0.9958284411229119,0.9958546775581791,0.9993274898296947,0.9960566802352095,0.9975880150968172,0.9989674245229954,0.9974687306308799,0.9983651637807028,0.9555057511809799,0.9943968815952176,0.9896671726877119,0.9943608150920201,0.9967703923793941,0.889910506133246,0.9972641646786123,0.9989344423108912,0.9981572556694518,0.999028240841436,0.9985132770064188,0.9996075894515154,0.9646683148324506,0.9945651865707346,0.992957269437905,0.9868273857540002,0.9988815550723847,0.9966881949234144,0.9962898645086046,0.9917611409692579,0.9943189763149447,0.9960229559889202,0.9982086421267651,0.9986758929538088,0.9989295917148593,0.9980258534022746,0.9981950713858936,0.9997830694701909
HOMB,0.9991072418162475,0.9993457254757128,0.9924513921414656,0.9220238261818561,0.9441207322284236,0.9930253654199487,0.9980467335761256,0.9918306124991462,0.9875114175990397,0.9907038733655044,0.9990409925128587,0.9952672245456262,0.9978712655797672,0.998045630508118,0.9978269527288793,0.9943245447499917,0.9944042567563443,0.9988199022425928,0.995085984985381,0.989094741064815,0.9959357040142746,0.992332524009236,0.9994800923763489,0.9989798502836676,0.9992270892431265,0.9957747933501545,0.974447556478903,0.9971947933898468,0.9977144918954591,1.0000000000000002,0.995281660761106,0.9887694431462122,0.9961937359130684,0.9988809155839057,0.9900943287955466,0.9932201909077801,0.9963304813413527,0.9982753709463419,0.9978471814975276,0.9496885445589106,0.9973772963710417,0.9902359179913857,0.9910096854065191,0.9909892421079677,0.8979962360621297,0.9952067581204018,0.9990375726497687,0.9980330521870927,0.9986694352410969,0.9996726933854415,0.9988374840617733,0.9515053796249318,0.9968821746987149,0.9853875209626999,0.9916150285510522,0.9995305499590551,0.9989700054748138,0.9906881398440607,0.9956741545542716,0.9971250060252237,0.9958622309508148,0.993772737682357,0.9965124725760752,0.9979025846305962,0.9935286025897188,0.9997955189848202,0.998078294487143
HTH,0.9961143047196646,0.9944847636095323,0.9856093697162359,0.9125262511396975,0.9528984931516431,0.9876823185241881,0.9939281952068894,0.9878072573206009,0.9828475462722834,0.9854530442118482,0.9942736136404363,0.9901855493201703,0.9936484518794702,0.9931075578875026,0.9955266326830872,0.9913300642968627,0.994633324518419,0.9937375822712139,0.990815945094104,0.9844279529059482,0.9904947035517312,0.9873628416513588,0.9949489184163519,0.9945767578590212,0.9939788298589511,0.9914066965308105,0.9697548616433906,0.9928367549914341,0.9926194404872475,0.995281660761106,1.0,0.9834230308218862,0.990856978963506,0.993845842706646,0.9852975196162301,0.9885967353579695,0.993507535961134,0.9941929488138518,0.9933514470163376,0.9430221636980519,0.9934970807628709,0.9853210127662271,0.9851938180535447,0.9866169024751134,0.9320886762877276,0.985052719551478,0.993922840585353,0.9931113523528572,0.9937874847078797,0.9943182942581895,0.9946239162295624,0.9448587725848803,0.9930200494053234,0.9806648511669454,0.9986392938988294,0.9956252406774111,0.9938771766510748,0.986261652149472,0.9978509351490762,0.9912194620563015,0.9903846629182592,0.9893801996361666,0.9923397702105727,0.9933585068652934,0.9887951194090608,0.9943721458943509,0.9933476979661557
