Ticker,ABCB,ABTX,AJX,ARI,AXP,BAC,BBT,BK,BOKF,C,CFG,CFR,CIT,CMA,CNND,COF,DFS,EWBC,FCNCA,FFIN,FHB,FITB,FMAO,FMBH,FNB,GBCI,GS,HBAN,HBHC,HOMB,HTH,IBKR,IBOC,ISBC,JPM,KEY,LARK,MBWM,MCBC,MS,MTB,NAVI,NKSH,NTRS,OPY,PACW,PBCT,PGC,PNC,PNFP,RF,SCHW,SFBC,SIVB,SLFC,SRCE,STBA,STT,SYF,TFSL,TSC,UMBF,USB,WAL,WFC,WSBC,ZION
ABCB,0.9999999999999996,0.999661187311839,0.9878159337061313,0.9096021061047408,0.9377816339058134,0.9905148538799238,0.9965425076619333,0.9886092331710225,0.9831463344661479,0.9877150833430599,0.9986769695199814,0.9931246533296649,0.9988587759343968,0.9975316106298712,0.9986116352421858,0.9909477623931976,0.9951555853307396,0.9988683314292676,0.9934200864828459,0.9842460395664153,0.9939472859691783,0.9889796771090095,0.998422580679517,0.9982589978712937,0.9986585947951475,0.9935277378948604,0.9688917874744852,0.9967495309717744,0.99697353117046,0.9991072418162474,0.9961143047196644,0.9871816393406799,0.9925256036883987,0.9987705395695524,0.9872154605273546,0.9904561826597158,0.9949488308384614,0.9995778796344675,0.9989827343045324,0.9385182771984407,0.9986570528298532,0.9941906626517845,0.9863138641537281,0.9885937490667883,0.897597170290287,0.9945556723170168,0.9992661015438756,0.9990785461697816,0.9973284870598099,0.9994080517816216,0.9985487961435344,0.9436469861722607,0.9988019810487796,0.982012389686371,0.9928781391667102,0.9990489853634407,0.9992960631922493,0.9877790002428841,0.9968725128601374,0.9985971527427313,0.9979604611382118,0.9915843344076077,0.9948790869250301,0.9985911884501251,0.9911005128644531,0.9986700244271504,0.9976576441918468
ABTX,0.999661187311839,1.0000000000000004,0.9886996453487893,0.9156268503021185,0.9400619499671923,0.9928787847784128,0.9977049633399747,0.9908315309113024,0.9859719403831594,0.9903577869988923,0.9995045056047288,0.9950779683412572,0.9993929805895725,0.9983638458079781,0.9987606918684019,0.9924831901752168,0.9940829042517669,0.9994177270251853,0.9951715104293486,0.9867225445661093,0.9958114362529512,0.9913329483793092,0.9990147123788478,0.9991318967996313,0.9995078384024931,0.9952130748385843,0.972857996476321,0.9980221127508463,0.9983326477791639,0.9993457254757125,0.9944847636095323,0.9899058883074066,0.9938396413658984,0.9995535193634385,0.9898284474490298,0.9926420309094222,0.9961853810949676,0.9996400523964258,0.9994707489138671,0.9431425123311463,0.9981337160555246,0.9938772618583945,0.9888134302103206,0.991007055059813,0.8904735174078667,0.9966707115880488,0.9998848498326963,0.9995406532719815,0.9982934256088295,0.9998989698413883,0.9993334832449504,0.9493146862589033,0.9983292350026641,0.9851117464567396,0.9901877293511255,0.9994652409501122,0.9993262859926785,0.9902673079408087,0.995135657262302,0.9984181446523583,0.998301648778956,0.9936450016383904,0.9962083852815411,0.99929476100947,0.9932635249500534,0.9992458713887378,0.9987558958906797
AJX,0.9878159337061313,0.9886996453487893,1.0,0.9502532107749588,0.9503151910515014,0.9861711617607962,0.9916778369778687,0.9865496683775258,0.9849148057860412,0.9840242398697613,0.9894911917362902,0.9877087914371578,0.984754730258035,0.9850698053136606,0.9833465531594296,0.9908110911109008,0.9775948131660668,0.9860931378559628,0.9854890494431193,0.9896189843186701,0.9903646317216646,0.9870350591870688,0.9901246857303506,0.9901437285228267,0.9910581280333963,0.9906949730133974,0.9727468276812753,0.9876854407196748,0.9880170764910694,0.9924513921414656,0.9856093697162359,0.9802956410488197,0.9910363930650855,0.9875006786373619,0.9831879207387969,0.9868773614674945,0.9888797563137715,0.9845663338272703,0.9848240326702526,0.9697480233101605,0.9820480468903859,0.9672058379199157,0.9883329425697085,0.982655630641711,0.8991320233863731,0.9858203786874068,0.9885839286825091,0.9839967118026078,0.9888882792005392,0.9904408527138969,0.9895455331145253,0.9571814140637671,0.9806091219437574,0.980012090846417,0.9814818496583466,0.9895137318573357,0.9867453165263386,0.9840194510654527,0.9821723440834522,0.982338999309341,0.9789024281923306,0.9863899427192997,0.9859840706783425,0.986094537581775,0.9856725590823534,0.9932566725328952,0.986962731188775
ARI,0.9096021061047408,0.9156268503021185,0.9502532107749588,1.0000000000000002,0.9690608261160345,0.9467539107146639,0.9381832296363192,0.9507465253992308,0.9598539705428677,0.9493663510113239,0.925257633918973,0.942019793854718,0.9129399639549175,0.9158524455420055,0.9103778011914199,0.9498146353242768,0.8909482311120241,0.9131023210684288,0.9366704669362701,0.9633559798753691,0.9451538450474928,0.9501771548973789,0.922970766958384,0.9287189928689459,0.9275207023939978,0.9465677969077964,0.9663412245379113,0.9317340912570393,0.9305868936679732,0.9220238261818561,0.9125262511396975,0.9445271683591143,0.9369537703093437,0.9198149982398014,0.9494078548617629,0.947371840401219,0.9397896551041897,0.90625953312618,0.9129023429549692,0.9941191676598287,0.8928906656111474,0.8699310598182504,0.9542194553426077,0.9452648866996224,0.8436453970471341,0.9232899850449157,0.9191892166392863,0.9084706390388492,0.9257578250561106,0.9198353991025099,0.9267637555519446,0.9809721071882496,0.8913794910236219,0.956288572619852,0.9011391559253898,0.920941744178359,0.9059388950743364,0.9494467098540134,0.8960976559651772,0.8932186089078273,0.8965525305816556,0.9447790802766733,0.9294753579072914,0.9190494136166409,0.9432170271429426,0.9263575278493348,0.9250524822348416
AXP,0.9377816339058134,0.9400619499671923,0.9503151910515014,0.9690608261160345,0.9999999999999999,0.9679899655091703,0.95978855315433,0.9733175024630223,0.9783556075014928,0.9712385021730403,0.9490710311803343,0.9645278578069468,0.9413829780043024,0.9458638174381072,0.9452728445944852,0.9720969588107791,0.9359378569570218,0.9412612929564265,0.9633999027368968,0.977693661624162,0.9630683242900262,0.9713454233233136,0.9487302744653233,0.9525397046598687,0.94833863111036,0.9662766728378495,0.9846161150181892,0.9558439847599296,0.9543024333304948,0.9441207322284234,0.9528984931516428,0.9665679369491408,0.9592320468075615,0.9457500857801854,0.9721943400959074,0.9697977786666011,0.9648960989972302,0.9354551278910785,0.9399662195709195,0.9822297303345797,0.9262996311304948,0.9084256501759904,0.9721526009871304,0.9704043217102034,0.9245616814050087,0.9370626082961272,0.9427786188085432,0.9370221251479051,0.9519103516048542,0.9421402278389243,0.9509174042279108,0.9857453169759732,0.9247969103563063,0.9768639327222459,0.9459356468500307,0.9478297278718697,0.9332513474574229,0.9726531819035811,0.9380290899849627,0.9211542363833574,0.9271389382996128,0.9680814962646012,0.9586096456670447,0.9445793763875736,0.9675305125189962,0.9458018097636842,0.9515115980129111
BAC,0.9905148538799238,0.9928787847784128,0.9861711617607962,0.9467539107146639,0.9679899655091703,1.0000000000000002,0.9981377154353476,0.9995780707313461,0.9984510949551422,0.9997814975954205,0.9960787241129309,0.999763241891125,0.9933781577604233,0.9951998127400397,0.9938290903443455,0.9983467323702782,0.9855660197891527,0.9939420189872853,0.9994669608707129,0.9975559897951763,0.9991947421250517,0.9996666382478437,0.99529329349587,0.9968444775913373,0.9956440216626091,0.999282187426348,0.9933700938768866,0.997938780700613,0.9978490945998375,0.9930253654199488,0.9876823185241881,0.9986695623564235,0.9958849686708162,0.9954996989987789,0.999686341242885,0.9998914721257003,0.9989142878332863,0.9912008112574212,0.9932251436660369,0.9689681515046006,0.9866417229519578,0.9800238340050013,0.9982060007918756,0.9997349523764665,0.8886638049098861,0.9928881080634726,0.9941462339985921,0.9925183407239935,0.9966904033096485,0.9936159955733658,0.9963036846481229,0.9793293558617486,0.9864563948543296,0.998475193277564,0.9803704443499431,0.9949876966134895,0.9900711500910652,0.9997204627634049,0.9845069761834847,0.9859508679536849,0.9890866839575856,0.9999227679537197,0.9981316355565366,0.9947625772826914,0.9998150973894996,0.9938485302955058,0.9972215388754041
BBT,0.9965425076619333,0.9977049633399747,0.9916778369778687,0.9381832296363192,0.95978855315433,0.9981377154353476,1.0000000000000002,0.9973699427314009,0.9947118809426351,0.9967832855077489,0.9992358775793015,0.9990685432975757,0.997282111790291,0.9975562213741079,0.9972051982553088,0.9981221385241329,0.990761068775622,0.9975147286903333,0.9987168570881506,0.9952457947058004,0.9994858810409532,0.9975283177586693,0.9986704193399225,0.9995989131228752,0.9991983616221977,0.9994684654202103,0.9856302763007904,0.9994474683010793,0.999415129539508,0.9980467335761255,0.9939281952068895,0.995674225654524,0.9969534310609742,0.9985969281122258,0.996489157626115,0.9981666901909176,0.9995820877622639,0.9962522427558501,0.9972150955180981,0.9621222221223924,0.9929897514042142,0.9859631304241324,0.995874324782748,0.996911927862755,0.8982566359057339,0.995412426560903,0.9982663947522405,0.996649043971964,0.9988389517351516,0.9982078364383071,0.9993866151564306,0.9677008688794548,0.9928136258025368,0.9937579309283244,0.9884940660923386,0.9987235862591053,0.9956701500086516,0.9968192059638462,0.9916966871593953,0.9925850044147221,0.993717467809933,0.9985390825669936,0.9984472448504949,0.9980985400681077,0.9981508500271093,0.9984644757189604,0.9991190712465164
BK,0.9886092331710225,0.9908315309113024,0.9865496683775258,0.9507465253992308,0.9733175024630223,0.9995780707313461,0.9973699427314009,0.9999999999999999,0.9993710879470605,0.9997067173051277,0.9944566711760342,0.9992096817160873,0.9910042965346381,0.9938415315173452,0.9922892898367682,0.999083801569733,0.9849102479337772,0.9921560429065901,0.9988930275623793,0.9987688274538565,0.9983425661842159,0.999920889906917,0.994317588293067,0.9955627935476337,0.9939923604774752,0.9989108507973358,0.9950308756745534,0.9964205316302176,0.9963320037762788,0.9918306124991462,0.9878072573206009,0.9976098512936574,0.9964544302872855,0.9937366835145298,0.9996677482128026,0.9998400733293458,0.9984300019385396,0.9887849399583915,0.9907499937565916,0.9733281455097648,0.9844668665158427,0.9758632553636316,0.9991692137484715,0.9995411318757705,0.897079149172012,0.989850496851745,0.992055658002442,0.990034702714587,0.9958142883042305,0.9918168962441506,0.9947505327601284,0.9817130471004895,0.983817854731716,0.9987307574475417,0.9808748371878019,0.9937689221224925,0.9880595638582783,0.999812489284744,0.983872812042115,0.9830474547592296,0.9858366664916948,0.9995518137683337,0.9976518368902867,0.9925381779536702,0.9995374335708704,0.992523152970998,0.9957068625771589
BOKF,0.9831463344661479,0.9859719403831594,0.9849148057860412,0.9598539705428677,0.9783556075014928,0.9984510949551422,0.9947118809426351,0.9993710879470605,0.9999999999999998,0.9991345459462351,0.9905623623240929,0.9974333008393522,0.9861224898632313,0.9895847079035719,0.9873552921450544,0.9980673062368134,0.9788423904931746,0.9873910988167085,0.9967213369663718,0.9993780903846362,0.9965409871234375,0.999243261959795,0.990355089598761,0.9920102026125546,0.9901994251876406,0.9972746014590799,0.997610729120519,0.9932790094343932,0.9931698585881877,0.9875114175990397,0.9828475462722833,0.9965104878876244,0.9943374462002129,0.9894753180590603,0.9991416811497044,0.9987798225041365,0.9961455461172742,0.9832081566460995,0.985773262965107,0.97995407171448,0.9779507619209805,0.9679386166220441,0.9990760546104183,0.9985793826524312,0.8940527185234828,0.986212320545386,0.9875418246945769,0.984788894502238,0.9922941430401276,0.9873159795763432,0.9909647267317229,0.987497549755157,0.9771280435582449,0.9992088246169847,0.9751879117048483,0.9895314957269602,0.9825409770262432,0.9992291463276117,0.9777212828442409,0.9764636881376288,0.9796943850624263,0.9981519493505076,0.9948104314659801,0.9881053148673876,0.9981446697620401,0.9885810456194005,0.9920458468986869
C,0.9877150833430599,0.9903577869988923,0.9840242398697613,0.9493663510113239,0.9712385021730403,0.9997814975954205,0.9967832855077489,0.9997067173051277,0.9991345459462351,1.0000000000000007,0.9941460595955384,0.9991991612861293,0.9910842057729999,0.9936543673191299,0.9919176782454071,0.998080769478391,0.983634042856278,0.9918854237199174,0.9989294998247695,0.9978828097775068,0.9982094493246497,0.9997477375243325,0.9935267799743936,0.9951043286718906,0.993556377782352,0.9984668108867573,0.9953750083697472,0.9964667807818561,0.9964137476634694,0.9907038733655044,0.9854530442118481,0.9985387521477264,0.9952402676557551,0.9935491431301418,0.9999610498265096,0.9997631817217816,0.9979560118033155,0.9885241650187014,0.9907813598897038,0.9713560567853198,0.9837697219135851,0.9766752380267492,0.998549782711703,0.999863329222737,0.8882686468686668,0.9907745476923813,0.9917974526695212,0.9900952442324419,0.9952959885773309,0.9912276544052415,0.9943998335106786,0.9825041870454899,0.9834144811615549,0.9992038854773743,0.9778349446506619,0.993040009367947,0.9874384966944947,0.9999473572044707,0.9819665658490531,0.9827317911824144,0.9863051684630375,0.9995887971925496,0.9973911747938662,0.9925548745351749,0.9996376115353793,0.991606635776219,0.9956839698500041
CFG,0.9986769695199814,0.9995045056047288,0.9894911917362902,0.925257633918973,0.9490710311803343,0.9960787241129309,0.9992358775793015,0.9944566711760342,0.9905623623240929,0.9941460595955384,0.9999999999999998,0.9976347765591814,0.9992517840879538,0.9987938253929488,0.9988174636916722,0.9954177197781244,0.9932004665631307,0.999269083875517,0.9976136510590814,0.990896463112064,0.9980796749155416,0.9948339913593487,0.99934742234019,0.9999034401897485,0.9998767640446895,0.9976595867798854,0.9795233033896472,0.9994254276265762,0.9995923037907389,0.9990409925128585,0.9942736136404362,0.9936411471201775,0.995587925769351,0.9998193832726016,0.9937346701929308,0.9958818818281495,0.9983039428064006,0.9987956359849377,0.9992129391408738,0.9512751412222659,0.9964248900503616,0.9915196014321925,0.9925121542987543,0.9946065320171347,0.8920919638290942,0.9970245843009538,0.9997662673357594,0.9990432998232922,0.9991522629239826,0.9996156425814015,0.9999579149245578,0.9584877442450034,0.9965360762042174,0.9899466142292995,0.9892757940743252,0.9996451161917791,0.9982250513272485,0.9940612365572785,0.9938611839613493,0.9964361385307902,0.9972241275491086,0.9966354334658163,0.9980007854563486,0.9994927921802998,0.9963129522278562,0.9992130271799226,0.9996998414241873
CFR,0.9931246533296649,0.9950779683412572,0.9877087914371578,0.942019793854718,0.9645278578069468,0.999763241891125,0.9990685432975757,0.9992096817160873,0.9974333008393522,0.9991991612861293,0.9976347765591814,0.9999999999999999,0.9953037268926354,0.9969666427619395,0.9958091415582377,0.9986112999824163,0.988666957609023,0.9959991891222938,0.999813977750219,0.9968602206266363,0.9995083644307112,0.9993725796464387,0.997153938771405,0.9982495115986649,0.9972427286300185,0.9995712089996881,0.9909378894331541,0.9988157264373607,0.9988777961947365,0.9952672245456262,0.9901855493201703,0.9978675580591365,0.9970422400741336,0.9972123128482208,0.9990160800118792,0.9997254396305026,0.9994585510791598,0.9936070913543348,0.9951370471426417,0.9656984873798922,0.9898431563835783,0.9832734637468947,0.9979099718851983,0.9992676383206893,0.8916000847046355,0.9942402124228494,0.9960418203426309,0.9946678473921232,0.9981924538217941,0.9957054864484884,0.9977660072293333,0.9749783255320031,0.9895851502391698,0.9971102906114426,0.9835798141348607,0.9969006703238078,0.9928231030678994,0.9991554716697035,0.9878241195012721,0.9891312081534998,0.9915154457651061,0.9998583762140949,0.9990545496740982,0.9963705044356524,0.9997777450436336,0.9958509607648524,0.9984907303464213
CIT,0.9988587759343968,0.9993929805895725,0.984754730258035,0.9129399639549175,0.9413829780043024,0.9933781577604233,0.997282111790291,0.9910042965346381,0.9861224898632313,0.9910842057729999,0.9992517840879538,0.9953037268926354,0.9999999999999998,0.9983790832158634,0.9990323659314325,0.9920012152294604,0.9939488478163817,0.9990893588291444,0.9956663372156985,0.9858104246505172,0.9956404747656582,0.9914902475765978,0.9981973147612925,0.9987315635013041,0.9988835790390123,0.9948576271036882,0.9739571418511517,0.9983699437752516,0.9986813980298266,0.9978712655797672,0.9936484518794703,0.991351327037272,0.9924476322360288,0.9993560762715543,0.9906174653509976,0.9929641218921826,0.9961530837206614,0.9994655052028862,0.9995452494710553,0.9405493250027389,0.9975171079775935,0.9949257191396328,0.9881628822996972,0.9919482346949279,0.8887827692641319,0.9972897002955292,0.9995646425182383,0.9997036405548666,0.9977848592443934,0.9990203899982601,0.9991357631457339,0.9505460204042028,0.9980562311726714,0.9861228781656242,0.9888416526782834,0.9988365196515406,0.9985980028195899,0.9909539442491065,0.9944127208042308,0.997741346166023,0.9988277247917297,0.9941070747750278,0.9963844400513907,0.9993110069211951,0.9939107978464277,0.9980020163997961,0.9989514873865581
CMA,0.9975316106298712,0.9983638458079781,0.9850698053136606,0.9158524455420055,0.9458638174381072,0.9951998127400397,0.9975562213741079,0.9938415315173452,0.9895847079035719,0.9936543673191299,0.9987938253929488,0.9969666427619395,0.9983790832158634,1.0000000000000004,0.9992991113602674,0.9945634600894486,0.9962777981110289,0.9996299238669081,0.9975862674868351,0.9890945600427826,0.9959887008833831,0.9943924132401006,0.9994053124105048,0.9987371421205379,0.998145412856786,0.9958009966164886,0.9788530619520939,0.9978177240052959,0.9985666031567115,0.9980456305081183,0.9931075578875029,0.9919622500271758,0.996715154551974,0.9993605614602542,0.9931803019653196,0.995253230539105,0.9968351197573025,0.9981382300989846,0.9979503607965194,0.9461064601237456,0.9975012926597274,0.9927935974243829,0.9925796607408182,0.9943231069539844,0.8912049899327212,0.9955200663429139,0.9983823908761524,0.998695744035912,0.9995837400819456,0.9984327554643908,0.9984609138024194,0.9555221091763462,0.9970702541901307,0.9887199351829167,0.9883311937172563,0.9992960485550431,0.9984381250907549,0.9935399642363497,0.9946114273599298,0.996631211736927,0.9971511893939529,0.9957637543934924,0.998974103843247,0.9979451888066281,0.9961524530762885,0.9977724240780028,0.9992667485321763
CNND,0.9986116352421858,0.9987606918684019,0.9833465531594296,0.9103778011914199,0.9452728445944852,0.9938290903443455,0.9972051982553088,0.9922892898367682,0.9873552921450544,0.9919176782454071,0.9988174636916722,0.9958091415582377,0.9990323659314325,0.9992991113602674,1.0,0.9931153498829027,0.99667586243988,0.9994923497242562,0.9966927154132107,0.9868989171205648,0.9952440940635114,0.9925207522443068,0.9988231939243725,0.9986583641574872,0.998130646188473,0.9950807535152097,0.9758325387027098,0.9979530141109519,0.9981879002868875,0.9978269527288792,0.9955266326830872,0.9912990809631951,0.9943007804707223,0.9993293348801423,0.9916285553679933,0.9938090052256608,0.9967661813357167,0.9991078107983765,0.9989159585634161,0.9408380577216912,0.9980608168697689,0.9945282227608776,0.9897455667143332,0.9930396851237766,0.8977324476444029,0.9941965786296969,0.9987303010272996,0.9992371905391797,0.9986658690994494,0.998450597365615,0.9987005824574577,0.9514336879859523,0.9981078372937408,0.9870920665098722,0.9913829857443693,0.9992394802673679,0.998410260273631,0.992018042357472,0.996207176100219,0.9971591316445053,0.9981162963974848,0.9947527982312034,0.9978513164691332,0.9987465540534789,0.9947039457781381,0.9973188698946406,0.9990675655597238
COF,0.9909477623931976,0.9924831901752168,0.9908110911109008,0.9498146353242768,0.9720969588107791,0.9983467323702782,0.9981221385241329,0.999083801569733,0.9980673062368134,0.998080769478391,0.9954177197781244,0.9986112999824163,0.9920012152294604,0.9945634600894486,0.9931153498829027,0.9999999999999998,0.9879245868933786,0.9931632728215867,0.9980681996225066,0.9985240976454101,0.9981144660807454,0.9991098733740857,0.9959349852569962,0.996455960540024,0.9951992613055151,0.9988600613674695,0.9917414338862749,0.9963039590117245,0.9965984114738405,0.9943245447499917,0.9913300642968627,0.9947594167636434,0.9980611797656277,0.994465850007334,0.9978308816094513,0.9989852301597398,0.9984216975450283,0.9900939572007673,0.9912831545200849,0.9733827329364696,0.9868781860447914,0.9762878098500463,0.9989144011661583,0.997755462026831,0.9081726101713995,0.9903620819973071,0.9932331005405529,0.9908814910726418,0.9967657324610638,0.9935592525738154,0.9956520589211251,0.9766848125558197,0.9858075180136281,0.996057910239727,0.9859917100852508,0.9953221922869804,0.9904702394150647,0.9982679683776381,0.9880661089388206,0.9851840931111611,0.9862515840761577,0.9985753420663105,0.9976967127893074,0.9928428198111573,0.9986341641146964,0.9948661774680109,0.9958955101941439
DFS,0.9951555853307396,0.9940829042517669,0.9775948131660668,0.8909482311120241,0.9359378569570218,0.9855660197891527,0.990761068775622,0.9849102479337772,0.9788423904931746,0.983634042856278,0.9932004665631307,0.988666957609023,0.9939488478163817,0.9962777981110289,0.99667586243988,0.9879245868933786,0.9999999999999997,0.9958501331499302,0.9902165658603194,0.9787306558406791,0.9867658446689956,0.9853499067770551,0.9955556047844294,0.9929760500726976,0.9920242102477659,0.987266333389002,0.9651499669892099,0.9905488682120003,0.9917645503294226,0.9944042567563443,0.9946333245184191,0.9804027850223381,0.9920719935196056,0.9942828396990067,0.9830850093384427,0.9864437864891878,0.9897687693391818,0.9947953002687627,0.992798348444982,0.9282380066420224,0.9973992811328014,0.991579063010117,0.9836809456744994,0.9849042123168165,0.9108625744005454,0.9865156190496063,0.9930999812722918,0.9945416872032795,0.9949556824000781,0.9937814659248011,0.9927376681461931,0.935345154158364,0.9961960084827421,0.9766276336249409,0.9935433408580341,0.9955489487983072,0.9963734315022008,0.9838418305702792,0.9985043899018319,0.9946956749173728,0.9933156513360638,0.9869461033699756,0.9937861554006145,0.9919801426829229,0.9878162084633372,0.9930071805775927,0.9933966769858182
EWBC,0.9988683314292676,0.9994177270251853,0.9860931378559628,0.9131023210684288,0.9412612929564265,0.9939420189872853,0.9975147286903333,0.9921560429065901,0.9873910988167085,0.9918854237199174,0.999269083875517,0.9959991891222938,0.9990893588291444,0.9996299238669081,0.9994923497242562,0.9931632728215867,0.9958501331499302,1.0,0.9965099430817471,0.9874010444006113,0.995727728937429,0.9926899435682702,0.9994299076445451,0.9990255116385397,0.998867577176331,0.9953228803191014,0.9753469273127482,0.9979706869392387,0.9984787509839542,0.9988199022425929,0.993737582271214,0.9909371989381857,0.9953231796502923,0.9997703410000722,0.9914084691873215,0.9938194988502251,0.9964495054989467,0.9993331148607134,0.9990880341459982,0.9426967819690176,0.9984855123887552,0.9944442974587232,0.9904695890987352,0.9926413011037482,0.8889860081791673,0.9959798869337636,0.9993221577672264,0.9995511987421929,0.9991918542276869,0.9993520705368351,0.9989718413351815,0.9513412631579955,0.9983655252136027,0.9866823724581264,0.9892930848988285,0.9996051714782287,0.9992657740915699,0.9917598620766674,0.9952019492158258,0.998160966135748,0.9984076286092944,0.9946234313871356,0.9978439914582927,0.998924165469477,0.9946433329697836,0.9984673717796928,0.9992450300634196
FCNCA,0.9934200864828459,0.9951715104293486,0.9854890494431193,0.9366704669362701,0.9633999027368968,0.9994669608707129,0.9987168570881506,0.9988930275623793,0.9967213369663718,0.9989294998247695,0.9976136510590814,0.999813977750219,0.9956663372156985,0.9975862674868351,0.9966927154132107,0.9980681996225066,0.9902165658603194,0.9965099430817471,1.0000000000000002,0.9957530456080017,0.9989175645076035,0.9989940008555519,0.9972975926290428,0.9981898785270145,0.9969750435524074,0.9990489623287891,0.9901795794886009,0.9987756550184125,0.9988068798978086,0.9950859849853814,0.9908159450941042,0.9977625695498904,0.996837630682911,0.9974720166942224,0.9988122203384263,0.9994540355421013,0.9993364888074865,0.9941490661064326,0.9955142320829982,0.9619738576057646,0.9907975259619888,0.9849710132849364,0.9972777144589705,0.9992628234971446,0.8929024207164854,0.9936366851526417,0.9960697731369968,0.9951975534518183,0.9983977726683163,0.9956295487712493,0.9977200358295737,0.9730477698394915,0.9905548471914539,0.9966762991946794,0.9844037402499232,0.997110807341437,0.9932022975421902,0.9989348143186665,0.9888462712630223,0.98977449635996,0.992395134108861,0.9996726574687076,0.9994623306408232,0.9965881339289518,0.9996927612226316,0.99542384753941,0.9987342911630158
FFIN,0.9842460395664153,0.9867225445661093,0.9896189843186701,0.9633559798753691,0.977693661624162,0.9975559897951763,0.9952457947058004,0.9987688274538565,0.9993780903846362,0.9978828097775068,0.990896463112064,0.9968602206266363,0.9858104246505172,0.9890945600427826,0.9868989171205648,0.9985240976454101,0.9787306558406791,0.9874010444006113,0.9957530456080017,1.0,0.9966735092777903,0.9986316647899358,0.9909898944397916,0.992417293790162,0.9909747883427522,0.9975452848867336,0.9956978412707338,0.9929748872998817,0.9928323795956768,0.989094741064815,0.9844279529059482,0.9946929783791031,0.9951513410650017,0.9895103421288245,0.9977974158689487,0.9980731514709079,0.9961175830644471,0.9834370729846417,0.9857290357364658,0.9827348428229692,0.9784266134599247,0.9665493720636629,0.9990746976459686,0.9970814258091261,0.8989072448080687,0.985878000955987,0.9880207335355058,0.9845671862648877,0.9924158052671931,0.9882974395865668,0.9913130516485427,0.9855254096634366,0.9773501530933026,0.9976189737339858,0.9775146898704828,0.9901082545245955,0.9832879671241429,0.9980422268666661,0.978910250060664,0.9770740142912694,0.9790194465058587,0.9973561829885944,0.9940909604392018,0.9880973255258142,0.9970969816136636,0.9900724708288844,0.9916558514245186
FHB,0.9939472859691783,0.9958114362529512,0.9903646317216646,0.9451538450474928,0.9630683242900262,0.9991947421250517,0.9994858810409532,0.9983425661842159,0.9965409871234375,0.9982094493246497,0.9980796749155416,0.9995083644307112,0.9956404747656582,0.9959887008833831,0.9952440940635114,0.9981144660807454,0.9867658446689956,0.995727728937429,0.9989175645076035,0.9966735092777903,1.0000000000000002,0.9984754422357397,0.9969454372642034,0.9985999185390579,0.9980945445124789,0.9998472080987646,0.9891790126656811,0.9991632290839502,0.9989601477091075,0.9959357040142746,0.9904947035517312,0.997488985922564,0.9958806785196437,0.9972939918245524,0.9980073266695382,0.998982976974593,0.9995075589597358,0.9940841101656102,0.9957983509423344,0.9666154637747209,0.9895658946464464,0.9829557835713213,0.9967688404918847,0.9981619079829557,0.8901687434311525,0.9950447206446743,0.9967965029771327,0.9948605710800108,0.9975874321837586,0.9964426868507671,0.9983192418756397,0.9739319577534837,0.9896270223137131,0.9962171143305231,0.98393978292895,0.9969314284489115,0.9929466829786555,0.9981581336907278,0.9873972160297417,0.9895465455909924,0.991688613115411,0.9993184655673828,0.997770615310063,0.997078983239504,0.9987863050205488,0.996698799348826,0.9983080358691433
FITB,0.9889796771090095,0.9913329483793092,0.9870350591870688,0.9501771548973789,0.9713454233233136,0.9996666382478437,0.9975283177586693,0.999920889906917,0.999243261959795,0.9997477375243325,0.9948339913593487,0.9993725796464387,0.9914902475765978,0.9943924132401006,0.9925207522443068,0.9991098733740857,0.9853499067770551,0.9926899435682702,0.9989940008555519,0.9986316647899358,0.9984754422357397,1.0,0.9947798415096719,0.9958461443996292,0.9943914259699154,0.9989178920717292,0.9946361837480676,0.9965826360094929,0.9967013760068331,0.992332524009236,0.9873628416513589,0.997492660275567,0.9969446151846556,0.9941671046705121,0.9996116091987823,0.999892894846061,0.998330171696518,0.9892310588976992,0.991086807496278,0.9728993338252904,0.9851647339819619,0.9766352334593131,0.9993578595122511,0.9994886268445097,0.8940732813721215,0.9909738915069758,0.9925143784719993,0.9905699924581594,0.9962589736362327,0.9923467392679897,0.9950310383097811,0.9810440476808321,0.9844588844685843,0.9984678929327033,0.980359793090334,0.9941504265892205,0.9888206530370266,0.9997526270691232,0.9840508263643991,0.9839028300728208,0.9864632607134539,0.9995624342398204,0.9979417659192904,0.9927936306452206,0.9996817414460527,0.9931003765019032,0.9960393317709764
FMAO,0.998422580679517,0.9990147123788478,0.9901246857303506,0.922970766958384,0.9487302744653233,0.99529329349587,0.9986704193399225,0.994317588293067,0.990355089598761,0.9935267799743936,0.99934742234019,0.997153938771405,0.9981973147612925,0.9994053124105048,0.9988231939243725,0.9959349852569962,0.9955556047844294,0.9994299076445451,0.9972975926290428,0.9909898944397916,0.9969454372642034,0.9947798415096719,1.0000000000000002,0.9994339707736823,0.999135510707655,0.9969231854266871,0.978951420985486,0.9980991662947728,0.9987073771323979,0.999480092376349,0.9949489184163519,0.9914124542856478,0.9976745726095387,0.9994363390242362,0.9930107722162753,0.9955197850328678,0.9975845129078427,0.9981488191195654,0.997935981054794,0.9515978011198584,0.9972464009257193,0.9905670342442296,0.9934682209613832,0.9939152609799023,0.897853931353279,0.995455383618961,0.9989220069794327,0.9983329718419599,0.9997722275267223,0.9993319991327823,0.9991240717891299,0.9565358016115354,0.9966520822228556,0.9886725174477304,0.9906489186251335,0.9998752854956539,0.9987248564852995,0.9935136150461555,0.9954013378934143,0.9964975824369583,0.9961230624328336,0.9959223778642109,0.9985929065145164,0.9981169738470732,0.9960043565065503,0.9992810908487565,0.9991541304281718
FMBH,0.9982589978712937,0.9991318967996313,0.9901437285228267,0.9287189928689459,0.9525397046598687,0.9968444775913373,0.9995989131228752,0.9955627935476337,0.9920102026125546,0.9951043286718906,0.9999034401897485,0.9982495115986649,0.9987315635013041,0.9987371421205379,0.9986583641574872,0.996455960540024,0.9929760500726976,0.9990255116385397,0.9981898785270145,0.992417293790162,0.9985999185390579,0.9958461443996292,0.9994339707736823,1.0,0.9997981304288024,0.9983687849881178,0.9815421961051756,0.9995203783567124,0.999638071104429,0.9989798502836674,0.9945767578590209,0.994225509639487,0.9963936798669376,0.9996664445227782,0.9947469797497959,0.9967538175375532,0.9989026498843794,0.9982401673160737,0.9987716825486511,0.9545061997166306,0.9957266973674195,0.9901020726417143,0.9938129380065576,0.9955165275249032,0.8949455181055642,0.9963672987555201,0.9994397241145649,0.9985047748826462,0.999356631477027,0.9993557431018977,0.9999110528979491,0.9612324069171033,0.9957097818571689,0.9912464895784892,0.9895171686789712,0.9996233612559473,0.9976898247825566,0.995098248189554,0.9936116666847815,0.995515696367721,0.9963216410602166,0.9973941103172577,0.9984443724507627,0.9992259005641246,0.9970441709144535,0.9991193119514118,0.9997150013088897
FNB,0.9986585947951475,0.9995078384024931,0.9910581280333963,0.9275207023939978,0.94833863111036,0.9956440216626091,0.9991983616221977,0.9939923604774752,0.9901994251876406,0.993556377782352,0.9998767640446895,0.9972427286300185,0.9988835790390123,0.998145412856786,0.998130646188473,0.9951992613055151,0.9920242102477659,0.998867577176331,0.9969750435524074,0.9909747883427522,0.9980945445124789,0.9943914259699154,0.999135510707655,0.9997981304288024,0.9999999999999998,0.9976220375335569,0.9787840759770363,0.9991597065927026,0.999306629335363,0.9992270892431265,0.9939788298589511,0.9929552221248791,0.9953292068365525,0.9995443849679121,0.9931023626050602,0.995417716467595,0.9980421174113879,0.9985415742910039,0.9989964547724917,0.9525785464363737,0.9959601919848733,0.9906095508395771,0.9922290882230655,0.9938935059640268,0.8912159500389256,0.9971325269574249,0.9997400394431049,0.9986836270147877,0.9987745961831292,0.999698708010279,0.9998480732072476,0.9581882274474356,0.9961059079522858,0.9893544303768276,0.988913432812859,0.9994263032600997,0.9980388836798944,0.9934760707608629,0.9932363398292843,0.9962674787072168,0.9966976688126004,0.9961856820063968,0.9972655456341918,0.9993234043614821,0.9957014962597752,0.9994834751364989,0.9992879098016004
GBCI,0.9935277378948604,0.9952130748385843,0.9906949730133974,0.9465677969077964,0.9662766728378495,0.999282187426348,0.9994684654202103,0.9989108507973358,0.9972746014590799,0.9984668108867573,0.9976595867798854,0.9995712089996881,0.9948576271036882,0.9958009966164886,0.9950807535152097,0.9988600613674695,0.987266333389002,0.9953228803191014,0.9990489623287891,0.9975452848867336,0.9998472080987646,0.9989178920717292,0.9969231854266871,0.9983687849881178,0.9976220375335569,1.0,0.9902235178728447,0.9987761064542072,0.9985385839496689,0.9957747933501544,0.9914066965308103,0.99723735343371,0.9965863191475458,0.9968469775380767,0.9983204156528639,0.9992960277271704,0.9997074210034987,0.9933823103776194,0.995016366330858,0.9686016318132185,0.9890865602155191,0.9814884017309989,0.9975451359257544,0.9984238677628836,0.8962627118852705,0.9935378730853364,0.9961360766646631,0.994077369077838,0.9976107754014062,0.995939925359757,0.9979459260505271,0.9750577882335159,0.9888980412731432,0.9966205193373915,0.9851816328232447,0.9968100915250367,0.992411040622311,0.9985377360242707,0.9879075752323888,0.9885803466779715,0.9905434684249186,0.9994835506044493,0.9980103278561817,0.9964013924712195,0.9989891028037556,0.9963870656706834,0.99797070887102
GS,0.9688917874744852,0.972857996476321,0.9727468276812753,0.9663412245379113,0.9846161150181892,0.9933700938768866,0.9856302763007904,0.9950308756745534,0.997610729120519,0.9953750083697472,0.9795233033896472,0.9909378894331541,0.9739571418511517,0.9788530619520939,0.9758325387027098,0.9917414338862749,0.9651499669892099,0.9753469273127482,0.9901795794886009,0.9956978412707338,0.9891790126656811,0.9946361837480676,0.978951420985486,0.9815421961051756,0.9787840759770363,0.9902235178728447,1.0000000000000004,0.9842929749298346,0.983876911017635,0.9744475564789029,0.9697548616433905,0.9928263868410516,0.9857366551647934,0.9782051910067991,0.9956790365730008,0.9936698936525513,0.9885315506085502,0.9696512157555331,0.9735147497680423,0.983534983946048,0.9625904369055548,0.9522159337002747,0.9947172788169404,0.994577863680688,0.8832471899410668,0.975060205570875,0.9752642537816186,0.9720878032452764,0.9821698562900502,0.9745321726820756,0.9801593823099101,0.9951316237301209,0.9617271101347904,0.9977626725847379,0.9602799556287542,0.9778068443831527,0.968194226932631,0.99548026027644,0.9625806179120983,0.9605768354824181,0.9660786826842956,0.9926117287484254,0.9868386150812242,0.97674052744986,0.9927553430396006,0.976013294455276,0.9822497653006774
HBAN,0.9967495309717744,0.9980221127508463,0.9876854407196748,0.9317340912570393,0.9558439847599296,0.997938780700613,0.9994474683010793,0.9964205316302176,0.9932790094343932,0.9964667807818561,0.9994254276265762,0.9988157264373607,0.9983699437752516,0.9978177240052959,0.9979530141109519,0.9963039590117245,0.9905488682120003,0.9979706869392387,0.9987756550184125,0.9929748872998817,0.9991632290839502,0.9965826360094929,0.9980991662947728,0.9995203783567124,0.9991597065927026,0.9987761064542072,0.9842929749298346,1.0000000000000002,0.9997747800802144,0.9971947933898471,0.9928367549914341,0.9966984462321451,0.9947977144098771,0.9990545119243686,0.9962640999963882,0.9975866768389415,0.9992903373861952,0.9972712975740312,0.9984729655117903,0.9557868375118321,0.9935450525419856,0.9892102331360709,0.9938813647632155,0.9969331622101167,0.8904441417183284,0.9963027360704245,0.9987534625764576,0.9978262243053935,0.9984251346489124,0.998151165491907,0.999589163295225,0.9657525431403682,0.9939434553889699,0.9935300770744191,0.9869429715180345,0.9984864376149872,0.9957817888313192,0.9964095501292172,0.9910605701819599,0.9935434079387204,0.9957886205873925,0.9983430268905443,0.9981943249887879,0.999163742567148,0.9978576252744888,0.9976346436306441,0.9996052552195197
HBHC,0.99697353117046,0.9983326477791639,0.9880170764910694,0.9305868936679732,0.9543024333304948,0.9978490945998375,0.999415129539508,0.9963320037762788,0.9931698585881877,0.9964137476634694,0.9995923037907389,0.9988777961947365,0.9986813980298266,0.9985666031567115,0.9981879002868875,0.9965984114738405,0.9917645503294226,0.9984787509839542,0.9988068798978086,0.9928323795956768,0.9989601477091075,0.9967013760068331,0.9987073771323979,0.999638071104429,0.999306629335363,0.9985385839496689,0.983876911017635,0.9997747800802144,0.9999999999999998,0.9977144918954592,0.9926194404872475,0.9958284411229118,0.995854677558179,0.9993274898296948,0.9960566802352092,0.9975880150968173,0.9989674245229955,0.9974687306308799,0.9983651637807028,0.9555057511809798,0.9943968815952174,0.9896671726877119,0.9943608150920201,0.9967703923793941,0.8899105061332458,0.9972641646786126,0.9989344423108915,0.9981572556694517,0.999028240841436,0.9985132770064187,0.9996075894515157,0.9646683148324506,0.9945651865707348,0.9929572694379051,0.9868273857540002,0.9988815550723847,0.9966881949234144,0.9962898645086047,0.9917611409692579,0.9943189763149446,0.9960229559889204,0.9982086421267653,0.9986758929538087,0.9989295917148593,0.9980258534022743,0.9981950713858934,0.9997830694701909
HOMB,0.9991072418162474,0.9993457254757125,0.9924513921414656,0.9220238261818561,0.9441207322284234,0.9930253654199488,0.9980467335761255,0.9918306124991462,0.9875114175990397,0.9907038733655044,0.9990409925128585,0.9952672245456262,0.9978712655797672,0.9980456305081183,0.9978269527288792,0.9943245447499917,0.9944042567563443,0.9988199022425929,0.9950859849853814,0.989094741064815,0.9959357040142746,0.992332524009236,0.999480092376349,0.9989798502836674,0.9992270892431265,0.9957747933501544,0.9744475564789029,0.9971947933898471,0.9977144918954592,1.0000000000000002,0.9952816607611062,0.9887694431462122,0.9961937359130683,0.9988809155839057,0.9900943287955465,0.99322019090778,0.9963304813413527,0.9982753709463419,0.9978471814975276,0.9496885445589107,0.9973772963710417,0.9902359179913856,0.9910096854065191,0.9909892421079677,0.8979962360621295,0.9952067581204018,0.9990375726497688,0.9980330521870926,0.9986694352410967,0.9996726933854415,0.9988374840617736,0.9515053796249315,0.9968821746987151,0.9853875209626999,0.9916150285510521,0.9995305499590551,0.9989700054748138,0.9906881398440608,0.9956741545542713,0.9971250060252236,0.995862230950815,0.9937727376823569,0.9965124725760752,0.9979025846305962,0.9935286025897186,0.9997955189848201,0.998078294487143
HTH,0.9961143047196644,0.9944847636095323,0.9856093697162359,0.9125262511396975,0.9528984931516428,0.9876823185241881,0.9939281952068895,0.9878072573206009,0.9828475462722833,0.9854530442118481,0.9942736136404362,0.9901855493201703,0.9936484518794703,0.9931075578875029,0.9955266326830872,0.9913300642968627,0.9946333245184191,0.993737582271214,0.9908159450941042,0.9844279529059482,0.9904947035517312,0.9873628416513589,0.9949489184163519,0.9945767578590209,0.9939788298589511,0.9914066965308103,0.9697548616433905,0.9928367549914341,0.9926194404872475,0.9952816607611062,1.0000000000000002,0.9834230308218862,0.9908569789635061,0.9938458427066459,0.98529751961623,0.9885967353579695,0.9935075359611341,0.9941929488138518,0.9933514470163377,0.9430221636980519,0.993497080762871,0.9853210127662271,0.9851938180535447,0.9866169024751132,0.9320886762877276,0.9850527195514779,0.9939228405853531,0.9931113523528572,0.9937874847078797,0.9943182942581895,0.9946239162295626,0.9448587725848803,0.9930200494053236,0.9806648511669455,0.9986392938988294,0.9956252406774111,0.9938771766510748,0.986261652149472,0.9978509351490762,0.9912194620563015,0.9903846629182593,0.9893801996361667,0.9923397702105726,0.9933585068652934,0.988795119409061,0.9943721458943506,0.9933476979661559
