Ticker,ABCB,ABTX,AJX,ALTA,ARI,AXP,BAC,BBT,BK,BOH,BOKF,C,CFG,CFR,CIT,CMA,CNND,COF,DFS,EWBC,FCNCA,FFIN,FHB,FITB,FMAO,FMBH,FNB,GBCI,GS,HBAN,HOMB,HTH,HWC,IBKR,IBOC,ISBC,JPM,KEY,LARK,MBWM,MCBC,MS,MTB,NAVI,NKSH,NTRS,OPY,PACW,PBCT,PGC,PNC,PNFP,RF,SCHW,SFBC,SIVB,SLFC,SRCE,STBA,STT,SYF,TCBI,TFSL,TSC,UMBF,USB,WAL,WFC,WSBC,ZION
ABCB,0.9999999999999999,0.9997805198091098,0.8619810899714071,0.998690174899118,0.8534551234160178,0.9632984352627724,0.993422816848559,0.9993273700725326,0.9959542558745426,0.9978702602695972,0.999195395328334,0.9875201340844435,0.9997721811205931,0.9992933882098215,0.9988102104654496,0.9982570707067261,0.9730166909041738,0.997401160466972,0.9902867861382157,0.9988694576402379,0.9986378070179823,0.9992072313603029,0.9995214605528957,0.9987917136133035,0.9993009671434999,0.99955261837924,0.9995140995305132,0.9998531919439392,0.9292153074374588,0.9995202623951255,0.9991516863583635,0.9910891918254963,0.9994842961214071,0.8607195368625524,0.9958842414694729,0.9986679366729068,0.991946299803796,0.9992229489761358,0.9997896278950346,0.9992082402334955,0.9990478634712608,0.9440492184427621,0.9990975913805092,0.8614642444995958,0.9979899770329642,0.9988601938472245,0.7408146044656441,0.9953292172450438,0.9996432941186646,0.9993941077724474,0.998667626748415,0.9995420025022569,0.9998371737572992,0.9946287657947107,0.9993407555685371,0.9986489342766725,0.853692838168667,0.9996418395589617,0.999329618044756,0.9986310483431363,0.9915686924338116,0.999048616106104,0.9937062714636424,0.9982978915710597,0.9994161309923486,0.9978382914105309,0.9987063641856624,0.9975987244275198,0.9987907364233843,0.9993257089081399
ABTX,0.9997805198091098,1.0,0.8596588884715509,0.9990651922362729,0.850655163636579,0.9591764066097705,0.9934773782705579,0.9991964943519613,0.9956909588902749,0.9985105467709533,0.9992128931706801,0.9873929826383924,0.9998869320360574,0.9997009363659864,0.9987398844247826,0.9986003916929371,0.9720593167659184,0.9967102348176076,0.9890009446951223,0.9993830212087887,0.9990637599895024,0.9990313937943531,0.9998939521635254,0.9989127180417777,0.999401581285746,0.9995431990963959,0.9996444574939428,0.9998789628111655,0.9280387527511078,0.9996981622140364,0.9989370751635496,0.9886854562342469,0.9998072812663434,0.8596945935983337,0.9957131620930603,0.9988472122055622,0.9919224900929611,0.9993847810641526,0.9996594082597733,0.9993485172899446,0.9995080833466101,0.9427756569794973,0.9992420104918107,0.8603146510679052,0.9981974046974077,0.9992002725022843,0.728959607213853,0.9967263775963632,0.9999353227853536,0.9998056185775211,0.9987710160468154,0.9996718141411433,0.9999447783144753,0.9948455726072842,0.9995434977891426,0.9991941680414222,0.848466036676144,0.9996033649551137,0.9995690963610873,0.9988063689961941,0.989713038077983,0.9996228871484051,0.9938030211419392,0.9991240863765048,0.9996233851920022,0.9979438287223474,0.9992322902075474,0.9976988899739655,0.998667067501036,0.9997192385830247
AJX,0.8619810899714071,0.8596588884715509,0.9999999999999999,0.8422015143862744,0.9949523557510268,0.9341332278484928,0.9083441075083962,0.8783575995176298,0.8982551641982061,0.8409729247731891,0.868953383042845,0.9245583235396123,0.8669725948668793,0.8573688715633571,0.8805239607053635,0.8523467838123306,0.9502974091775442,0.8889137864875649,0.8950313712674662,0.8485538219553638,0.8455668255849875,0.8759586823829263,0.853634917578276,0.8715538087338762,0.8573315647905118,0.8740678471894996,0.8724342048047135,0.8652910917583079,0.9817099380903417,0.8638981072547672,0.8772975524781419,0.900306391305296,0.8614709701286497,0.9896826903995086,0.8778182279702064,0.8809875604253121,0.9113052627326643,0.8654277495107502,0.8540431731938766,0.8743852021611292,0.8476581152420634,0.9763668144751384,0.8573599358588906,0.9910919205487413,0.8555466454671236,0.8556804435688482,0.8516799049670079,0.852291756559568,0.8617370815912235,0.859646856754209,0.8707673162064643,0.8716120343466787,0.8604480697680092,0.9027810901880339,0.8499751677816,0.8464017751467019,0.9847094791835072,0.8648357975722181,0.857357996307914,0.8735283418829967,0.9031054474021436,0.8574303532606353,0.9092394725158156,0.8494485809885941,0.8630004792542431,0.8702126506623155,0.8443554947867843,0.8836984220948781,0.8820769165151644,0.8527976413102463
ALTA,0.998690174899118,0.9990651922362729,0.8422015143862744,1.0,0.8308210500473321,0.9525630859833265,0.9897168308455896,0.9971743177406819,0.9931071979828857,0.9997100555412622,0.9985982221738041,0.9826603896579335,0.9985422089795388,0.9994927172886519,0.996489029866496,0.9995037807900189,0.9649476759445477,0.9947394238260664,0.9881790204324054,0.999870234838048,0.9998297306268356,0.9976743185712348,0.9991487266462081,0.9982418145978788,0.9994887350967603,0.997838730534232,0.9976914049698856,0.9987040029271272,0.9170676740241926,0.9983716339585064,0.9972201709561861,0.9853026217536467,0.9988385266557349,0.8432042748580477,0.9954631575172177,0.9968901339659803,0.9881776144550335,0.9988859391615533,0.9992591872973101,0.9975368535063752,0.9990288317619863,0.9324456691575748,0.999487388363338,0.8444241001861347,0.9989505007327467,0.9993743691175401,0.7176657059885341,0.995390250616801,0.9986548874231719,0.9990676221535225,0.9982728499392465,0.9980258235776843,0.998862190597091,0.9912292606137025,0.9998476204061516,0.9994645454001694,0.8328200023738054,0.9989952031649184,0.9994395376701455,0.9978076398876091,0.9871253903971741,0.9991185714858353,0.9898623130575155,0.9988579995466738,0.999011870106953,0.9978472356200877,0.9988458793367747,0.9961406776458401,0.9963725915433533,0.9996240600263844
ARI,0.8534551234160178,0.850655163636579,0.9949523557510268,0.8308210500473321,1.0000000000000002,0.9223834798797926,0.8961192029278925,0.8688564893575856,0.8858410586304395,0.8276405260439955,0.8573569863068785,0.911094956704845,0.8578453895515995,0.8460502352888521,0.8701536486730873,0.8391372647027395,0.9365139375696606,0.8781931923361906,0.8784792106213706,0.8370043049373163,0.8330687559892659,0.8662125027642927,0.844968697503355,0.8592132035905505,0.8464143691326035,0.8646229430567316,0.8641799303104543,0.8560162828526042,0.9661547511134018,0.8540241703515672,0.868822263536801,0.8904346089246886,0.851372014353012,0.9752191681793536,0.865204388706057,0.8703325978716057,0.8978359031275732,0.8533547996920969,0.8443656483821217,0.8641414126513369,0.8383916366321307,0.9626964517470817,0.8453349387833161,0.9756646520417,0.84365138509746,0.842744867337807,0.8409072364981482,0.8437847871500055,0.8530282757453163,0.8489692744634699,0.8587378045422223,0.8629451230247328,0.8513704324591725,0.8911150663226971,0.838872278528283,0.8345906403786905,0.974777829288132,0.8542683593591127,0.8468725202935791,0.8608136651245056,0.8908621030901108,0.8461320324675585,0.8986226427438838,0.8380975716223217,0.8514878541090489,0.8559987357732743,0.8353418999696836,0.8706337363361444,0.8739985769150027,0.8417822749824964
AXP,0.9632984352627724,0.9591764066097705,0.9341332278484928,0.9525630859833265,0.9223834798797926,1.0,0.976002493519715,0.9687122715444376,0.9764561538566462,0.9513343026601973,0.9652024028299417,0.9800766892936538,0.962630395369907,0.9582274420777888,0.9698557528361822,0.9571673498326908,0.9868966426522237,0.9757847838507322,0.9817770054828774,0.9539419589778151,0.9545776136755569,0.967427103382,0.9555271900088254,0.9656318217153195,0.9598067758250634,0.9661964457764082,0.9635855961564596,0.9628919681708155,0.9720537832527121,0.9620820595335797,0.9671149563207238,0.9899931606530652,0.9599219143433787,0.9296062837170885,0.966881627659533,0.9674108078591703,0.9776875022051595,0.963551478569388,0.9607356522233116,0.9658967237720573,0.9533062092713109,0.9794170839576687,0.9603574321957109,0.9316586585344035,0.9574737333365633,0.9594558011876444,0.8882262979470406,0.9446819422509912,0.959249165331297,0.9589953251613539,0.9647562840646678,0.9633289523810391,0.9607164568837504,0.9732922344066988,0.9571568340993596,0.9537542938057324,0.951538501723138,0.9637710219688435,0.9584966688496411,0.9666233649571241,0.9873037528411545,0.9571612358413033,0.9744047944988121,0.9522377555545034,0.962291631397593,0.9659757065724347,0.9511949299157391,0.9702584345705959,0.967825612986081,0.9567605616560808
BAC,0.993422816848559,0.9934773782705579,0.9083441075083962,0.9897168308455896,0.8961192029278925,0.976002493519715,0.9999999999999998,0.996932321694906,0.9993224196664822,0.9899695262568716,0.9955247736815604,0.9989722450786589,0.9949647114296974,0.9936220483054188,0.9975371617659922,0.9920550968080394,0.992075067888677,0.9971403764509843,0.9939091398393095,0.99152680749407,0.9910136278799487,0.9960751028641635,0.992097449742217,0.9961839813955157,0.9928644258842199,0.9962773160515049,0.9956600302713822,0.994614209401593,0.9640817495845256,0.9946754155080852,0.9957851792248787,0.9923058531440431,0.9942621039149413,0.911309821449463,0.9943707617700244,0.9977674693412687,0.9998441527373744,0.99526810797358,0.9921130939143847,0.9967135971040806,0.9908984136476895,0.9740455967054127,0.9932274224608327,0.9121603224996329,0.991648492802078,0.9934683209711686,0.7685616537114043,0.9897176424008113,0.9938767120457773,0.9941135173952522,0.9956581185482751,0.995563572899219,0.9936744149559431,0.9998427005118229,0.9916779466524931,0.9912823295517164,0.8969246886069943,0.9945764793893349,0.9929717751256811,0.9968555224877773,0.9946523998173842,0.9937994947236823,0.9997174340091267,0.9919425910582702,0.9948451684541466,0.9957367772370762,0.9899319896812285,0.9982207878795855,0.9965769775564186,0.9926041995844034
BBT,0.9993273700725326,0.9991964943519613,0.8783575995176298,0.9971743177406819,0.8688564893575856,0.9687122715444376,0.996932321694906,1.0000000000000002,0.9984191388311489,0.9966533469798602,0.99940357482976,0.9925710555842652,0.9996735644625182,0.9988580315744734,0.9998298222012925,0.9976074690854876,0.9804920851874244,0.9987451303786162,0.9926726190321418,0.9978782598050103,0.9975296815790563,0.9996185795197878,0.9985799902802737,0.999328020218945,0.9986331392871248,0.9999412558985422,0.999747786846642,0.9995898622096206,0.9417013916640513,0.99937266410335,0.9995338701127041,0.9928552978510056,0.9992429464032788,0.87820267335109,0.9967850078443348,0.9997955881644753,0.9958347586963359,0.9993200353318118,0.9987183157386926,0.9998188929570422,0.9978382091650003,0.9550305524906318,0.998582618129528,0.8789582945356229,0.997337476513278,0.998476398713905,0.7507437175846243,0.9951263887015648,0.9992552683038907,0.9991031140711234,0.9990710321254023,0.9997258404990654,0.9992958135774039,0.9977081022668879,0.9982618457342237,0.9976277398705116,0.8687483164734539,0.99941652345342,0.9987100704925889,0.9994291982682546,0.9938794984727866,0.998756240607491,0.9970884142263073,0.9976340551676621,0.9993230786548675,0.9984852137663409,0.9972883103547268,0.9991775656926765,0.9995778096197048,0.9985582035473717
BK,0.9959542558745426,0.9956909588902749,0.8982551641982061,0.9931071979828857,0.8858410586304395,0.9764561538566462,0.9993224196664822,0.9984191388311489,0.9999999999999999,0.9930211899961734,0.9978556866898568,0.9973872074172164,0.9968967607637497,0.995968067468758,0.9986026359785182,0.9952186266043824,0.9889804050246501,0.9990635015230422,0.9964228540982558,0.9943562505406995,0.994002664636829,0.9981955307582202,0.9943717104848967,0.9982552698118581,0.9958716381165691,0.997954106990917,0.9971714346227875,0.9967230438893407,0.9572880359009347,0.9963711285231107,0.9978420026966155,0.9944905557293688,0.9961863631017763,0.8991341854100876,0.9971881798928635,0.9988540420843605,0.9990214818420278,0.9974568005724074,0.9949683987390415,0.9979815839981347,0.993175561330482,0.9682685416813354,0.9961447641676707,0.9005467522900397,0.9950721535593813,0.9959538078057036,0.771169092739806,0.9907553363418015,0.9957643379548475,0.9960533577477323,0.9979638108003877,0.9973051402842639,0.9958222513997865,0.999211130377728,0.9947019255043424,0.9937649652304585,0.889921221992315,0.9971046652956341,0.9957279931229249,0.9984938369450872,0.9967073160977105,0.9957029386814807,0.9991525618148968,0.9937693400110679,0.9969517716127075,0.9980436293748632,0.9922430314196689,0.999402279901325,0.9981140329785956,0.9950914057486905
BOH,0.9978702602695972,0.9985105467709533,0.8409729247731891,0.9997100555412622,0.8276405260439955,0.9513343026601973,0.9899695262568716,0.9966533469798602,0.9930211899961734,0.9999999999999999,0.998261077659004,0.983117249963875,0.9979836587712029,0.9993660030732588,0.9963119741626227,0.9994186426327161,0.9653969191298328,0.9939627269993376,0.988030290817328,0.9997379246550123,0.9999043718536669,0.9969013493877058,0.9986381751544654,0.9981067883649958,0.998942228297208,0.9973031191120562,0.997025592158809,0.9981408924566461,0.9181032381821659,0.9981894698186304,0.9961851201093963,0.9840155545179319,0.9986125020451379,0.8452578341085271,0.9947266569297795,0.9966938864796466,0.9886692873318988,0.998811871278237,0.9987035410110401,0.9973694264179958,0.9987940458079656,0.9330265083584143,0.9992141047204122,0.8463426572535536,0.9983550835797318,0.9995561512992122,0.7133670600425184,0.9953136174746963,0.9981563250943895,0.998982689642117,0.9979538938498053,0.9973358125509125,0.99836673830488,0.9915046191954228,0.9995332118897358,0.9996513995453954,0.8316521297161115,0.9984709260751092,0.9989281520330999,0.9979365889790153,0.9862540560553175,0.9992132693962438,0.9896793237149721,0.9991840201594561,0.998942331545869,0.9979826678099034,0.9986179744034994,0.9962951915752929,0.995394220783305,0.9994945849006891
BOKF,0.999195395328334,0.9992128931706801,0.868953383042845,0.9985982221738041,0.8573569863068785,0.9652024028299417,0.9955247736815604,0.99940357482976,0.9978556866898568,0.998261077659004,0.9999999999999999,0.9907539795320645,0.9994806448449229,0.999530159962916,0.9990001958859331,0.9993152898446261,0.9771859805901739,0.9985948225189722,0.9938042224251311,0.9990328786789451,0.9987977323071234,0.9997073586349314,0.9986247761637208,0.9999410675856362,0.9996656903870331,0.999571348283259,0.9991290543060809,0.9994706151523066,0.9363942333895925,0.9989906091798355,0.9993678403735341,0.9913220458143587,0.9992718641849004,0.8689473201668007,0.9982795473226577,0.9993812951861479,0.9944883387055985,0.9998784285016337,0.9989920595045345,0.9992802686517321,0.9979007597666185,0.9498881553822771,0.9997292977119191,0.8703915988666584,0.99912319608461,0.9994084864360698,0.7444880100448957,0.9949293590274234,0.9989907370492475,0.9992681356165597,0.9998916468111291,0.9994236696834577,0.9991357929081759,0.9962573823003462,0.9992183463862521,0.9983754255982845,0.8600913143646686,0.9998930765376134,0.9995616489109345,0.9997001429501277,0.9933966513523264,0.9991086928094425,0.9956564157574395,0.9979778462994404,0.9996690707388005,0.9996223188394922,0.9973511167772006,0.9992226685996303,0.9989951053524344,0.9991917183785072
C,0.9875201340844435,0.9873929826383924,0.9245583235396123,0.9826603896579335,0.911094956704845,0.9800766892936538,0.9989722450786589,0.9925710555842652,0.9973872074172164,0.983117249963875,0.9907539795320645,0.9999999999999998,0.9895333296477378,0.9877362068529062,0.9934835292937033,0.9862053254868379,0.9965350697480124,0.9942105366632712,0.9931276065112563,0.9849785901162816,0.9843756287197061,0.9916303142077055,0.9854456445598835,0.9917564975041643,0.987022743708318,0.9915228998377353,0.9905524211500808,0.9890613801400221,0.9749202608702007,0.9890573895416848,0.9912827253640317,0.9908315356061581,0.9885230523266669,0.9278186109484813,0.9909322250998723,0.9938162434279454,0.9993804061069659,0.9902192968895163,0.9857110195132344,0.992073027309311,0.9838208242571105,0.982976041032854,0.9875625058928565,0.9289672770185541,0.9859626559509868,0.9877271525244181,0.7845455000653128,0.9831325872194283,0.9879092877211216,0.9882702075903153,0.9911526278704827,0.9904823998556342,0.9876719208284903,0.9981212865013801,0.9851811714630686,0.9845376890792104,0.9137850536652623,0.989266376307228,0.9870456864945607,0.9926106864141354,0.9938152340589785,0.9878753083222983,0.9985219404796397,0.985341157218225,0.9894567355334138,0.9915892865384944,0.9825475507468296,0.9949866100223039,0.9924111248960574,0.9862821622694689
CFG,0.9997721811205931,0.9998869320360574,0.8669725948668793,0.9985422089795388,0.8578453895515995,0.962630395369907,0.9949647114296974,0.9996735644625182,0.9968967607637497,0.9979836587712029,0.9994806448449229,0.9895333296477378,1.0,0.9995745347062894,0.9992974209304917,0.9984361092365489,0.9753644165639519,0.9976877692507204,0.9905259219300891,0.9990157299366893,0.9986475657242508,0.999460223846795,0.9995892823922374,0.999266876812151,0.9993263942093069,0.9998805746202909,0.999885878512585,0.9999394993615273,0.9333403546301795,0.9997166562142688,0.9993962578868651,0.9902460893179673,0.9997928483620793,0.8667555298673661,0.9964089313883574,0.9994010864889791,0.993557547313273,0.9995335071871193,0.999436991020236,0.9996855237866819,0.9990277689537185,0.9475359155984413,0.9991921803114585,0.8674535129407008,0.9981360368156704,0.9990857593238042,0.7365287140322753,0.9964544358987457,0.99987339939917,0.9997147301210844,0.9991013340985936,0.9999118812552857,0.9998713907730271,0.9961043419392526,0.9992338585697189,0.9987454794347447,0.8560190154330742,0.9997213467132686,0.9994787242050743,0.9992093479196539,0.991392552125879,0.9994785776581605,0.995280496368459,0.9987258513241362,0.9996694058056834,0.9983357171983166,0.998644168773403,0.9984437903702149,0.9992544695568443,0.999461200884974
CFR,0.9992933882098215,0.9997009363659864,0.8573688715633571,0.9994927172886519,0.8460502352888521,0.9582274420777888,0.9936220483054188,0.9988580315744734,0.995968067468758,0.9993660030732588,0.999530159962916,0.9877362068529062,0.9995745347062894,1.0000000000000002,0.998505630869994,0.999464997720216,0.9721370253659106,0.9966656506327521,0.9902848446629735,0.9998279029601982,0.999667559187611,0.9989100269276435,0.9995468427637196,0.9993966627034334,0.9996719328866572,0.9992547003283528,0.9991046042098098,0.9995923100921656,0.9283084229322364,0.999461040265786,0.9985263550716359,0.987911644392954,0.999723210747368,0.8592413541592988,0.996480570541246,0.9988335888376697,0.9923118929356602,0.9997776266198074,0.9994536275745269,0.999185656870383,0.9992558155080542,0.9426191607362239,0.9997403041802972,0.8601951652958519,0.9988555307233679,0.9998191949538794,0.7266139320729583,0.9964406692077117,0.9995327560194757,0.9998677593713042,0.9992566405233324,0.9992846120932434,0.9995932711553758,0.9948761285362209,0.9998004583350094,0.9995703181108263,0.846686224710546,0.9996783501619881,0.9997386115290965,0.9992802594424559,0.9897569304578409,0.9998599508176427,0.9936782833478242,0.9993778693671157,0.999861362975386,0.9988827923571845,0.9989382626216191,0.9982133354247403,0.9981144917853013,0.9999271537300146
CIT,0.9988102104654496,0.9987398844247826,0.8805239607053635,0.996489029866496,0.8701536486730873,0.9698557528361822,0.9975371617659922,0.9998298222012925,0.9986026359785182,0.9963119741626227,0.9990001958859331,0.9934835292937033,0.9992974209304917,0.998505630869994,1.0000000000000002,0.9970127757253828,0.9820248792309744,0.9983809454121343,0.9925371883128764,0.9973516442165474,0.9971698608719612,0.9990373431960139,0.9981101191105259,0.9990533860581386,0.9979228080794473,0.9996619657264391,0.9993980348354545,0.9991984814413283,0.944266300776272,0.9993321412904528,0.9988332133080144,0.9929220544958863,0.999029594939763,0.8826128645830786,0.995842356597432,0.9997387898960437,0.996618958934716,0.9991012312992663,0.9982744855873386,0.9998374214386131,0.9975588976676979,0.9572367990200034,0.9980464785067515,0.8830912356251195,0.9963417199612034,0.9983283024239876,0.7523198610512617,0.9949163495298348,0.9989141466457022,0.9989345302264605,0.9985847706204385,0.999261732277309,0.9989688050314937,0.9983019000673468,0.9977412795539565,0.9974648387667591,0.8714326500698943,0.9989108391417203,0.9980480282324633,0.9994568761149571,0.9937746788638557,0.9986370596784624,0.9973426338691369,0.997634853288099,0.9991581743644075,0.9982761521210177,0.996987842881613,0.999313966217256,0.9990338601005776,0.9982243498041239
CMA,0.9982570707067261,0.9986003916929371,0.8523467838123306,0.9995037807900189,0.8391372647027395,0.9571673498326908,0.9920550968080394,0.9976074690854876,0.9952186266043824,0.9994186426327161,0.9993152898446261,0.9862053254868379,0.9984361092365489,0.999464997720216,0.9970127757253828,1.0,0.970079039751662,0.9964000693978968,0.9917709917241072,0.9996006490790514,0.9995261617862528,0.9983702973703118,0.9982963335305866,0.9992034203350767,0.9996870438370156,0.9981131754612245,0.9976193896712945,0.9985092726051982,0.9255214094695408,0.9979893934043318,0.9977939293034198,0.9871305548941233,0.9986374803072441,0.8534092352320903,0.9975987488607053,0.9976932128226899,0.9908899809139255,0.999368741157944,0.9986333115380881,0.9977735819298029,0.9978412856405294,0.9397190402174537,0.9998428135186023,0.8551795760969677,0.999644883357601,0.9995479088252022,0.7282805016917598,0.9947210103221892,0.9981561066790875,0.9988259540200692,0.999282201698581,0.9981281555311412,0.9983576594307253,0.9930617089972565,0.9995222875433267,0.9988117524754047,0.8433032272419707,0.9992747297044894,0.9995172087953202,0.9987191117692026,0.9899116614527986,0.9989113458551454,0.9921295005466804,0.9981476072558401,0.9991464960534547,0.9992279381391991,0.9974255441594545,0.9976706336008256,0.9970167564645319,0.9992695132069284
CNND,0.9730166909041738,0.9720593167659184,0.9502974091775442,0.9649476759445477,0.9365139375696606,0.9868966426522237,0.992075067888677,0.9804920851874244,0.9889804050246501,0.9653969191298328,0.9771859805901739,0.9965350697480124,0.9753644165639519,0.9721370253659106,0.9820248792309744,0.970079039751662,1.0,0.984386944623054,0.9864640798791349,0.9680043043160278,0.9674003331062482,0.978972679985794,0.9691163406403377,0.9785841922985203,0.9715020978063779,0.9785834742364458,0.9770640826674419,0.9748165917909344,0.9892547443682743,0.9748085076452242,0.9786456982551776,0.9862229729524457,0.9735583369726108,0.9531605751480435,0.9787248395046564,0.9818750892264476,0.993416849546383,0.9761907887745268,0.9702479811228012,0.9793334762045676,0.9668923044654429,0.9944704950460954,0.9722360726351691,0.954386507038106,0.9700104609739597,0.9723587152190224,0.8204046301786386,0.9657534254806074,0.9728291824208969,0.9730731960044336,0.9777112163374635,0.9767972376727669,0.9727113796587393,0.9900848852874149,0.9687672154604582,0.9676418545654492,0.9436933129362748,0.975042908596394,0.9713130257698732,0.9799393118934736,0.9885983143396246,0.9722754148108984,0.9912053122975172,0.9685717705370601,0.9750513883302805,0.9785651280101025,0.9651149392124294,0.9839563248854305,0.9804032454916912,0.9701072313760842
COF,0.997401160466972,0.9967102348176076,0.8889137864875649,0.9947394238260664,0.8781931923361906,0.9757847838507322,0.9971403764509843,0.9987451303786162,0.9990635015230422,0.9939627269993376,0.9985948225189722,0.9942105366632712,0.9976877692507204,0.9966656506327521,0.9983809454121343,0.9964000693978968,0.984386944623054,0.9999999999999996,0.9967006765742307,0.9954314652677367,0.9950147803907852,0.9990005670539899,0.9954659531430916,0.9986087969939114,0.9973862970602833,0.9984551086446368,0.9977075978779778,0.9975101281947271,0.9489982222326102,0.9966677408081673,0.9989785668691727,0.9954323673529821,0.9969728105873314,0.8858251859487137,0.9984513161965712,0.9985651266380198,0.9964084733901087,0.9979159387285618,0.9963675366974034,0.9978490349101552,0.994010061421681,0.9612584887881334,0.997371867575187,0.8876368652640658,0.9968559753980087,0.9964921044374232,0.7737116044169285,0.9914936060773751,0.9965972961008213,0.9964852635709384,0.9985652203204978,0.9980354924199804,0.9968287024713123,0.9971014903284976,0.9960839674856706,0.9943224896771015,0.8826264761016391,0.9981903129605864,0.9972203772710169,0.9983374522782122,0.9975086677932898,0.9960129682233543,0.9974446521694604,0.9938640704584909,0.9973555622310093,0.9982910663894653,0.9930824814058584,0.9989040795855841,0.9989327744124762,0.9960082283501693
DFS,0.9902867861382157,0.9890009446951223,0.8950313712674662,0.9881790204324054,0.8784792106213706,0.9817770054828774,0.9939091398393095,0.9926726190321418,0.9964228540982558,0.988030290817328,0.9938042224251311,0.9931276065112563,0.9905259219300891,0.9902848446629735,0.9925371883128764,0.9917709917241072,0.9864640798791349,0.9967006765742307,1.0000000000000004,0.9889028134658051,0.9890189471980708,0.9937943109847686,0.9869498711857615,0.9942283780227114,0.9916585635070371,0.9920413134193821,0.99008551114993,0.9906865176392443,0.9559569590783855,0.9894779625540305,0.9929296361403523,0.9950987516449664,0.9895776957714404,0.8938861044337606,0.9961515584579158,0.9929602984018795,0.9944315779378444,0.9928381845586491,0.9896038189947728,0.9915229391036109,0.9853659493313319,0.9660877627165235,0.9922506691402195,0.897137808911157,0.9920935847478489,0.9911665079965563,0.800310116105381,0.97993514341001,0.9883973918575835,0.9894083679155006,0.994289211349099,0.9908634357659862,0.9892020016861222,0.9928049733179815,0.9896995000701081,0.9874176515956402,0.8973459157932867,0.9925769409163163,0.9907346932341682,0.9938369504014136,0.9985419725073508,0.9889754112610121,0.9932886526934028,0.9859483691934308,0.9915613912648571,0.9953775010193329,0.9840695465848086,0.9951928396714192,0.9923298954260792,0.9890976293346675
EWBC,0.9988694576402379,0.9993830212087887,0.8485538219553638,0.999870234838048,0.8370043049373163,0.9539419589778151,0.99152680749407,0.9978782598050103,0.9943562505406995,0.9997379246550123,0.9990328786789451,0.9849785901162816,0.9990157299366893,0.9998279029601982,0.9973516442165474,0.9996006490790514,0.9680043043160278,0.9954314652677367,0.9889028134658051,1.0,0.9998725320622458,0.998201823931382,0.9993972106466915,0.9988136310820674,0.9995977816723948,0.99845807667754,0.9983339237066653,0.9991001824890674,0.92197519138343,0.9988866322615968,0.9977512247439035,0.9857915847911582,0.9992909137814263,0.8503395627436686,0.9959314853984448,0.9978217255081578,0.9900935739141596,0.9993386170056244,0.9992869163263967,0.9983086276839578,0.9992235165871483,0.9368005624075197,0.9996484586755195,0.8514308011380238,0.9989888123667233,0.9996649216038085,0.718267654106409,0.9961062164962615,0.9990860783454331,0.9995174457150694,0.998778337165164,0.9986132033076327,0.9991857097586587,0.9929571800397915,0.9998650950443714,0.9996567245439808,0.8378681279590018,0.999290821076293,0.9996282185571215,0.9985226896286072,0.9878754153520418,0.9995939432002376,0.9916369351996597,0.9992978022960295,0.9994475734429914,0.9983834768535701,0.9990040422801092,0.9971144876433544,0.9971011708891642,0.9998498037094864
FCNCA,0.9986378070179823,0.9990637599895024,0.8455668255849875,0.9998297306268356,0.8330687559892659,0.9545776136755569,0.9910136278799487,0.9975296815790563,0.994002664636829,0.9999043718536669,0.9987977323071234,0.9843756287197061,0.9986475657242508,0.999667559187611,0.9971698608719612,0.9995261617862528,0.9674003331062482,0.9950147803907852,0.9890189471980708,0.9998725320622458,0.9999999999999997,0.9977070704742819,0.9990978653286828,0.9985939953427265,0.9993378490176138,0.9980777667604054,0.997812544957147,0.9988208057217073,0.9208185440507435,0.998794359554005,0.997083441251526,0.986066901379786,0.999064187616674,0.8488213594389795,0.9952879687695854,0.997407698647472,0.9897167049004572,0.9992461243698038,0.9992940566308078,0.9980760004947732,0.9991534580721356,0.9357198633705391,0.9995305693058505,0.8498521361033965,0.9985889584057053,0.999776346835845,0.7204992878448466,0.9953757238241295,0.9987335107963987,0.9993764650074688,0.9984413035057271,0.9980618570294546,0.9989723138489162,0.9924653617362784,0.9998341414531762,0.9997902023653003,0.8369175468671171,0.9990487644867782,0.9992896955153531,0.9984376663273568,0.9878389577532964,0.999478684690242,0.9907876933877969,0.9992966523465479,0.9993901748003379,0.9983320736849266,0.9989405854235444,0.996912192651893,0.9963506370944185,0.9997737626261858
FFIN,0.9992072313603029,0.9990313937943531,0.8759586823829263,0.9976743185712348,0.8662125027642927,0.967427103382,0.9960751028641635,0.9996185795197878,0.9981955307582202,0.9969013493877058,0.9997073586349314,0.9916303142077055,0.999460223846795,0.9989100269276435,0.9990373431960139,0.9983702973703118,0.978972679985794,0.9990005670539899,0.9937943109847686,0.998201823931382,0.9977070704742819,0.9999999999999999,0.9983247952806497,0.9995726607736614,0.9992185215995626,0.9996944028070479,0.9993891947860241,0.9994456123010378,0.9395365359276138,0.9987077264571864,0.9998758354717252,0.9924863119114995,0.9988246428908533,0.8735348778762022,0.9983003093132652,0.9994633307861418,0.9949600973094204,0.9993590649652079,0.9986251534484017,0.9992253679403684,0.9973306800665949,0.952921806642421,0.9990688641614615,0.8749558861211023,0.9985798353279532,0.9984506530051861,0.7500693856136843,0.9941836165776045,0.9988359223183775,0.998738911589907,0.9996418578245145,0.9996284326993133,0.9989183222978195,0.9967061021968256,0.9984890685400604,0.9973683976577715,0.8664017065504518,0.9996715086676434,0.9991047605359692,0.9992339682399975,0.9942237963627629,0.9983937771197562,0.9965403169522628,0.997017582937947,0.9991540149972279,0.9989501269955982,0.9967605314710429,0.9989531922804233,0.9995960209744822,0.9984671152474086
FHB,0.9995214605528957,0.9998939521635254,0.853634917578276,0.9991487266462081,0.844968697503355,0.9555271900088254,0.992097449742217,0.9985799902802737,0.9943717104848967,0.9986381751544654,0.9986247761637208,0.9854456445598835,0.9995892823922374,0.9995468427637196,0.9981101191105259,0.9982963335305866,0.9691163406403377,0.9954659531430916,0.9869498711857615,0.9993972106466915,0.9990978653286828,0.9983247952806497,1.0000000000000002,0.998264784267552,0.999072553047059,0.9990403456123925,0.9992898629028708,0.9995991649436007,0.9235335715381295,0.9995486121173982,0.9982331027720169,0.9867732628988823,0.9996536632698004,0.85426822890072,0.9945194986004542,0.9981916754350894,0.9903902742431151,0.9989472231310853,0.9995566124022224,0.9989159281254619,0.9997983137221593,0.9387168701901936,0.9988904926425378,0.8546665249900202,0.997740972149675,0.9989920852443369,0.7204199802404518,0.9970336282284248,0.999846988740956,0.9997044245762101,0.9980972080028926,0.999270032918763,0.9998231901250848,0.9937167574166935,0.9994714114528365,0.9993703767572226,0.8416900695635843,0.9991599503399249,0.9993169575888604,0.9981856099470794,0.9876749202795512,0.9995798552977109,0.9924255886941732,0.9993728256270301,0.999328987813312,0.9971790104794381,0.9996378989449523,0.9967837956004195,0.9979264676218299,0.9996996482650913
FITB,0.9987917136133035,0.9989127180417777,0.8715538087338762,0.9982418145978788,0.8592132035905505,0.9656318217153195,0.9961839813955157,0.999328020218945,0.9982552698118581,0.9981067883649958,0.9999410675856362,0.9917564975041643,0.999266876812151,0.9993966627034334,0.9990533860581386,0.9992034203350767,0.9785841922985203,0.9986087969939114,0.9942283780227114,0.9988136310820674,0.9985939953427265,0.9995726607736614,0.998264784267552,1.0,0.9994047031306257,0.9994518080704291,0.9989427178170135,0.9992245421370927,0.9388782602279703,0.9988323633511736,0.999153681030953,0.9911625771557933,0.9991087310489747,0.8724985116892092,0.9983409863997962,0.9994980955126801,0.9952795889618126,0.9998517623428972,0.9985847744428203,0.999279972111741,0.9975437731073589,0.9519557057644372,0.999563591237386,0.8739559689454423,0.9989094882681905,0.9993563723845302,0.7447238053178127,0.9948206905242077,0.9987267157673924,0.9991415074683915,0.999901669530862,0.9992413098562378,0.9988371474258797,0.9968330217039344,0.9989130158884583,0.9981888125030557,0.8623100888962233,0.9996930321342794,0.9993097729790668,0.9998477454606143,0.9935292993000242,0.9990356398420167,0.9962033336631889,0.9978830471516883,0.999591676239909,0.9997900296711225,0.9969558062204295,0.9995258399679244,0.9988542928273272,0.9989793292232139
FMAO,0.9993009671434999,0.999401581285746,0.8573315647905118,0.9994887350967603,0.8464143691326035,0.9598067758250634,0.9928644258842199,0.9986331392871248,0.9958716381165691,0.998942228297208,0.9996656903870331,0.987022743708318,0.9993263942093069,0.9996719328866572,0.9979228080794473,0.9996870438370156,0.9715020978063779,0.9973862970602833,0.9916585635070371,0.9995977816723948,0.9993378490176138,0.9992185215995626,0.999072553047059,0.9994047031306257,0.9999999999999999,0.9990509574870966,0.9987668496437474,0.9993535139276828,0.9273164438541392,0.9987253267798226,0.9989532790712764,0.98900122018704,0.9992514945916018,0.8562261367906154,0.9977499377065469,0.9984076479542779,0.9914924932723198,0.9995740194499237,0.9993142323852997,0.9985447048406467,0.998430872864641,0.9417877448329771,0.9999238089187125,0.85774664469697,0.9996243953354454,0.9994302944822728,0.733862094182982,0.9954250404825085,0.999061599021483,0.9992487248308772,0.9994985854944931,0.9991458574354873,0.9992158717169618,0.9938924337147812,0.9997336550321564,0.9987937485055007,0.847933831688539,0.9998174146440705,0.9999178655568475,0.9989081051866332,0.991063521486147,0.9991366966576526,0.9932371583040528,0.9982379481272767,0.9994537189599105,0.9989999078887399,0.9980129684466678,0.9979340438657467,0.9983402515674841,0.9995189080062239
FMBH,0.99955261837924,0.9995431990963959,0.8740678471894996,0.997838730534232,0.8646229430567316,0.9661964457764082,0.9962773160515049,0.9999412558985422,0.997954106990917,0.9973031191120562,0.999571348283259,0.9915228998377353,0.9998805746202909,0.9992547003283528,0.9996619657264391,0.9981131754612245,0.9785834742364458,0.9984551086446368,0.9920413134193821,0.99845807667754,0.9980777667604054,0.9996944028070479,0.9990403456123925,0.9994518080704291,0.9990509574870966,1.0000000000000004,0.999876198999883,0.9998018268191142,0.9385901834334693,0.9995412937875092,0.9996111317657395,0.99179442400294,0.9995275424906763,0.8737683378580343,0.996912380554525,0.9997486387007124,0.9950628181891816,0.99951952285362,0.9990469432331435,0.9998284294893046,0.9983397950518385,0.9522143021356074,0.9989651684122282,0.8745658835077601,0.9978730070417533,0.9988209383913258,0.7447469352987146,0.9957319124239596,0.9995574450188639,0.9994195787328009,0.9992601370951952,0.9998992885026491,0.9995700771153964,0.997177226554749,0.9987451981079846,0.998139082889977,0.8637204774880546,0.9996516606868651,0.9991489159632061,0.9994562338108719,0.9929957256420797,0.9991266814190753,0.996526633020168,0.9981265199369507,0.9995490310064222,0.9986010210965454,0.9978500943223441,0.9990196449634547,0.9995672484140106,0.9990024097818094
FNB,0.9995140995305132,0.9996444574939428,0.8724342048047135,0.9976914049698856,0.8641799303104543,0.9635855961564596,0.9956600302713822,0.999747786846642,0.9971714346227875,0.997025592158809,0.9991290543060809,0.9905524211500808,0.999885878512585,0.9991046042098098,0.9993980348354545,0.9976193896712945,0.9770640826674419,0.9977075978779778,0.99008551114993,0.9983339237066653,0.997812544957147,0.9993891947860241,0.9992898629028708,0.9989427178170135,0.9987668496437474,0.999876198999883,1.0000000000000002,0.9997567466734227,0.936411039207794,0.999532422773607,0.9994559970306011,0.9904230994498813,0.9995249160436223,0.8716564953978079,0.9960620729507793,0.9995108452775034,0.9942209551795139,0.999120207136367,0.9989261172959965,0.9996923893220575,0.9986015216560233,0.9503527155390812,0.9985538258795212,0.8721954357555047,0.9974359295299721,0.9984271717445304,0.7380588319598657,0.996465671796825,0.9997408604536174,0.9993903509402655,0.9987593952557227,0.9999406211062474,0.999625797782193,0.9967574645302809,0.9985540007016628,0.9980641771998329,0.8601546915196404,0.9993566344199706,0.9989975078774949,0.998954321112791,0.9914290445379043,0.9990869283274741,0.9961146633560402,0.9982531827455925,0.9992815532442634,0.9978060420825265,0.9981936283455619,0.9983773999039632,0.9995094441402609,0.9989217754788592
GBCI,0.9998531919439392,0.9998789628111655,0.8652910917583079,0.9987040029271272,0.8560162828526042,0.9628919681708155,0.994614209401593,0.9995898622096206,0.9967230438893407,0.9981408924566461,0.9994706151523066,0.9890613801400221,0.9999394993615273,0.9995923100921656,0.9991984814413283,0.9985092726051982,0.9748165917909344,0.9975101281947271,0.9906865176392443,0.9991001824890674,0.9988208057217073,0.9994456123010378,0.9995991649436007,0.9992245421370927,0.9993535139276828,0.9998018268191142,0.9997567466734227,1.0,0.9323112212486491,0.9997659433564638,0.9992706899463473,0.9906046394769861,0.9996632594453476,0.8652487055201774,0.9962319964400526,0.9992485306589972,0.9932750805207228,0.9995637929961778,0.999656101554218,0.9996425693014955,0.9991591953738205,0.946630506174584,0.9992431983847493,0.8659660778847939,0.9981160328001883,0.9991736649361237,0.7375590511683545,0.9956832735895538,0.999781046948967,0.999703536561729,0.9990775960607832,0.9997772040897228,0.9998746009366928,0.9957842361299228,0.9993591281470673,0.9989292787692228,0.8555546456294254,0.9997570606856803,0.999398160152148,0.999162431894185,0.9915078355628484,0.9994429256164808,0.9948147453592262,0.9987509818573119,0.9997319935436068,0.9983502787522877,0.9988197198462726,0.99826675890786,0.9989908256091985,0.9995036381625259
GS,0.9292153074374588,0.9280387527511078,0.9817099380903417,0.9170676740241926,0.9661547511134018,0.9720537832527121,0.9640817495845256,0.9417013916640513,0.9572880359009347,0.9181032381821659,0.9363942333895925,0.9749202608702007,0.9333403546301795,0.9283084229322364,0.944266300776272,0.9255214094695408,0.9892547443682743,0.9489982222326102,0.9559569590783855,0.92197519138343,0.9208185440507435,0.9395365359276138,0.9235335715381295,0.9388782602279703,0.9273164438541392,0.9385901834334693,0.936411039207794,0.9323112212486491,0.9999999999999999,0.9323131014974615,0.9392357748404233,0.9546307470844895,0.9304940095517488,0.9856229413805102,0.9413093607376103,0.9444783993432146,0.9669647832290761,0.9346626299500017,0.9246742551273408,0.9398747981747083,0.9200467886888938,0.9989683939600479,0.9284475187025528,0.9871371527484673,0.9259308074431953,0.9285636491025981,0.8409282502558308,0.9213940346464913,0.9293988652733434,0.9297194547431312,0.9377105833031559,0.935997613097088,0.9288826097971611,0.9601880282910507,0.9226909884555484,0.9212486962679832,0.9731911883844798,0.932707730938734,0.9271167266485281,0.9409900073325731,0.9586265248154764,0.9286648635989976,0.9629304683182787,0.9231744133124097,0.9327093171464309,0.9392225927598249,0.9174528082792027,0.9481342858978694,0.9423658615897592,0.9249452904167951
HBAN,0.9995202623951255,0.9996981622140364,0.8638981072547672,0.9983716339585064,0.8540241703515672,0.9620820595335797,0.9946754155080852,0.99937266410335,0.9963711285231107,0.9981894698186304,0.9989906091798355,0.9890573895416848,0.9997166562142688,0.999461040265786,0.9993321412904528,0.9979893934043318,0.9748085076452242,0.9966677408081673,0.9894779625540305,0.9988866322615968,0.998794359554005,0.9987077264571864,0.9995486121173982,0.9988323633511736,0.9987253267798226,0.9995412937875092,0.999532422773607,0.9997659433564638,0.9323131014974615,1.0000000000000002,0.998429263792791,0.9897998794703724,0.9997207856377696,0.8665997394797381,0.9947398459970923,0.9991070352668809,0.993411094003634,0.9993831568060042,0.9994887107306561,0.9997401270501302,0.9994310791281158,0.9465779578174479,0.9987781517062181,0.8668501141165217,0.9970724471079079,0.9992102867245625,0.7339921486244666,0.9960784813737541,0.999744695168225,0.9998188447351521,0.9984344955137275,0.999392216539265,0.9998330078872242,0.9960085997881826,0.9991093398967853,0.9992194423488194,0.8542463625148783,0.9992797083747509,0.998889418191074,0.9991161578582455,0.9904221892340326,0.9996425770814065,0.9945101112542015,0.9992736549848339,0.9997093729739721,0.9979317297709964,0.9991463650729617,0.9981363849501064,0.9983036791736878,0.9994947565466489
