Ticker,ABCB,ABTX,AJX,ALTA,ARI,AXP,BAC,BBT,BK,BOH,BOKF,C,CFG,CFR,CIT,CMA,CNND,COF,DFS,EWBC,FCNCA,FFIN,FHB,FITB,FMAO,FMBH,FNB,GBCI,GS,HBAN,HOMB,HTH,HWC,IBKR,IBOC,ISBC,JPM,KEY,LARK,MBWM,MCBC,MS,MTB,NAVI,NKSH,NTRS,OPY,PACW,PBCT,PGC,PNC,PNFP,RF,SCHW,SFBC,SIVB,SLFC,SRCE,STBA,STT,SYF,TCBI,TFSL,TSC,UMBF,UMPQ,USB,WAL,WFC,WSBC,ZION
ABCB,1.0,0.9830561427816963,0.9369432407491738,0.9364083060057475,0.8296132062379985,0.8502087270603372,0.9481318411814347,0.9924797895369469,0.9214946526891484,0.8436694730343121,0.9374968678998469,0.9025905805021898,0.9826901519999617,0.9457088520879652,0.984116644912111,0.842292564016367,0.9296888037997662,0.9610364270790265,0.805748985252822,0.9223974574758746,0.9138486079575057,0.9704360874091638,0.9750906961658604,0.9096184046149065,0.9363573163404446,0.9840165128184468,0.9678111630335581,0.9962863210326187,0.8668975484346838,0.9956528364693813,0.973695403937153,0.9277814978472345,0.9750367360194708,0.8493284259815223,0.8353985820246894,0.9692559623021316,0.9173879719553126,0.9373626986361274,0.9954934473487786,0.9975203096315963,0.9874021282909221,0.9462927864313605,0.9145908143497832,0.8774115693896727,0.8557933340648117,0.8983175962608504,0.8055768305951209,0.9861900604071294,0.9655254526733292,0.9794006346951082,0.8984489715006353,0.9725542001482054,0.9964521673853454,0.9708324599123664,0.9638219037804969,0.9659445979829057,0.9075457563313147,0.9693890459594803,0.9229722976461311,0.9154687903862927,0.9229821211824442,0.9556980642073512,0.9210352120862855,0.9752242224735574,0.9685219820302541,0.8993434116126839,0.8286303600882536,0.9703411631290818,0.8843092163384044,0.9575980025774214,0.9692229479842034
ABTX,0.9830561427816963,1.0,0.9743138319677965,0.9395076061770585,0.8760106329005872,0.7606782742494922,0.9585391042655065,0.9937419642005058,0.9247530680609347,0.8358420669595829,0.9410817917727612,0.9071877245527872,0.9993530390141504,0.958606666312908,0.9715159174759064,0.8512217271427142,0.8917096638229713,0.9495968967906737,0.7605806228143839,0.9354470690353536,0.8976587311663283,0.9775550284341207,0.9961516008520366,0.9149126476089691,0.9510423862952455,0.997739221146124,0.9951461073402279,0.9914707469669259,0.8418715487485937,0.9763788388589203,0.9886503615066129,0.8537202913767996,0.9881977914535512,0.750542810924614,0.8648615515104671,0.9854829012457581,0.8991269877464584,0.9307333455804241,0.9648134409133681,0.990348833684199,0.9781259493645036,0.9200367454135636,0.9176166149507186,0.8227247601797418,0.8874319633130799,0.8821678339427654,0.7110140523019061,0.9925268177069051,0.9932624145987732,0.9891896615280109,0.9112276206941274,0.996928100211581,0.9908096427855054,0.9840236031196875,0.955871383212495,0.9346488150137903,0.8182022868130526,0.9703764976694702,0.9560411644918604,0.9085585315718051,0.8726182939136217,0.9740794425071043,0.9673616446146073,0.9952702246146207,0.9548283651141485,0.8578400746218527,0.8208517235897161,0.9553314682285219,0.8909073629858788,0.9922210623293766,0.9657398275118197
AJX,0.9369432407491738,0.9743138319677965,1.0,0.8772118631326996,0.9448434819712354,0.6227119276739792,0.8964092637633021,0.9460434121092541,0.8466829678790583,0.7400780154407612,0.8720863863161096,0.8270835327613425,0.9674442586821623,0.9023308653574394,0.9012128656022338,0.7727131068959431,0.7836009197244445,0.8730681052714935,0.6344005355247144,0.8828608632955738,0.8093946895473695,0.9409841261872359,0.9839269087725142,0.8408239378772425,0.8923700799810043,0.9580431346283548,0.9858049397621224,0.9576996393974256,0.7376170528653285,0.9255722634185891,0.9647142630871223,0.7454146900935248,0.932330381360393,0.662235653078969,0.8081619369907472,0.9439121056146369,0.8132289153147916,0.8507592387253222,0.9019055427370898,0.9422690786763559,0.9581539128423217,0.8266923214464529,0.8420265535241378,0.7221153478859994,0.8357962534228391,0.7809179302040103,0.5610639482242354,0.9729913842719938,0.9739654865899559,0.9367304432560708,0.8509460011857622,0.9796250242495486,0.9448278563306338,0.9392841033690562,0.8855136371000227,0.8603534507485362,0.7139763564159037,0.9107181581407517,0.9024060740229511,0.817075407422371,0.7547334435449149,0.915995367808252,0.9483373008354535,0.9586814851862411,0.881419613657415,0.8389941715429732,0.7227414067880655,0.9507690612201222,0.7963587229657688,0.9728439967103427,0.9029099474118822
ALTA,0.9364083060057475,0.9395076061770585,0.8772118631326996,1.0000000000000002,0.6801761690020166,0.7754483013068623,0.9953354621814023,0.9505004904820423,0.9948074071884494,0.9713548292019704,0.9988426149873054,0.9934948033994064,0.9454491393151321,0.9963623085302985,0.9270404212162557,0.9769565290063734,0.9618631867500912,0.9915358484105089,0.921097125675978,0.9974879218514476,0.9896017408487215,0.9859413167668617,0.9096513503855558,0.9962209941007918,0.9969786181422828,0.9509405908404941,0.9056292171833866,0.949531368295093,0.9691235056859963,0.9082541180796339,0.9703464558326425,0.8515204684838953,0.9580846000330953,0.7515811089777478,0.9729037884743227,0.9825772478217933,0.9899098318441659,0.9955654872565245,0.9378873214868865,0.9495837102832612,0.8803713664060843,0.979531448269722,0.9968122394074914,0.9422701922687913,0.9788184585456958,0.9794926727778583,0.7399463926680427,0.9029915753798194,0.9048128196621138,0.9713549722633271,0.9921938308073953,0.9478010314084505,0.9323040353476795,0.9847862150014473,0.993450636351462,0.9783011021911678,0.825627516015191,0.9928345253653363,0.9787215537854528,0.9878899150064797,0.9350711312832054,0.9829659384352549,0.9613742108160237,0.9636063886931058,0.9890660226150515,0.6891403349757761,0.9645263685430682,0.8412995063641112,0.9779306231159293,0.9431556322686991,0.9927376262097646
ARI,0.8296132062379985,0.8760106329005872,0.9448434819712354,0.6801761690020166,1.0,0.47390262319948623,0.713254583968264,0.8298964175482746,0.6372739549819697,0.4876537416841803,0.6745028650311682,0.607736090333455,0.8625057205610179,0.72076345315317,0.7822761727731228,0.5277703801542343,0.5756544206802262,0.6882453416771754,0.3714658778509257,0.6874725472813874,0.5866011765819885,0.7892231775701515,0.9125082530408832,0.6254252617864869,0.7049356230924338,0.8452411126207187,0.9154963130006181,0.8471607312907679,0.49033071154597613,0.8348093953275936,0.8362698794565278,0.605701313655966,0.8030461100274192,0.5412040084723114,0.5805754470556199,0.7971156432364187,0.5924588040184907,0.6461881983522508,0.7769412435633285,0.8265591122701959,0.8996774674281228,0.6259707098710363,0.6286331947943616,0.49071282497615876,0.6197065958231377,0.5501654643377872,0.40257426452204226,0.9050943334174106,0.8998711434579632,0.7970696649036662,0.6403184241423563,0.8752062947706928,0.8436298731152829,0.7873871449929194,0.7028809768432169,0.6794338265623452,0.5819446449953419,0.7414860650741095,0.7333941282165718,0.5988933628688551,0.5608058752364317,0.7544257410676386,0.8074945258457397,0.8331663355239637,0.7016842983061042,0.859361261403658,0.46411738751516224,0.915933394445093,0.5707131429839912,0.8672336148481112,0.7297950826162438
AXP,0.8502087270603372,0.7606782742494922,0.6227119276739792,0.7754483013068623,0.47390262319948623,1.0,0.7843064569122006,0.825296739149776,0.7950378310672533,0.7606810510996078,0.7896475108876353,0.7735477235068825,0.7692092839105586,0.7667344749033111,0.8837886856276792,0.7114122159141918,0.9111047904401323,0.8425498584404421,0.8227827690838485,0.7310368773304285,0.8255837789967999,0.7617555123780961,0.7294939784682416,0.7701640512863566,0.7574442553369928,0.7871921774121665,0.7143982225979219,0.8077857013322509,0.8210522346588688,0.866542467811541,0.7371418248857977,0.9830218471026982,0.8033830941742789,0.9244000327754286,0.6408116487770084,0.7614674576467353,0.8254213585685012,0.8221051977580187,0.8923759159394713,0.8384682743653916,0.7990975765270496,0.8845148114306464,0.7782310540315811,0.8613261472593068,0.6491589165500941,0.8397541518743692,0.9958064640683338,0.7696986429978653,0.7309791935905859,0.8063652156135294,0.7238056866358704,0.721969219695187,0.8366759338833815,0.7753006320671875,0.8345805527744173,0.8701614601496294,0.9606079559201611,0.8086088586916266,0.7160799923712845,0.827833299888049,0.9253724106472825,0.7775808380346657,0.6484693782760245,0.7633748456685492,0.8525528976562582,0.7983033276210574,0.7530228783569197,0.767179975636643,0.7898654023268948,0.7010090062992078,0.8215595125559565
BAC,0.9481318411814347,0.9585391042655065,0.8964092637633021,0.9953354621814023,0.713254583968264,0.7843064569122006,1.0,0.9679336698270363,0.9943120051375367,0.9558790484075467,0.9975873888021226,0.9889799762221037,0.9646964905504073,0.9991832413427328,0.9494100197326727,0.9636410944442957,0.9588554446325832,0.9922511678797632,0.8973898782976112,0.9920975548594635,0.9806163291903577,0.9872173657376153,0.9318740203455075,0.9914576522450805,0.998516889715899,0.9700939704012775,0.9300050537740511,0.9596382842167199,0.9537728046418726,0.9272551410313765,0.9763148232414784,0.8578311260102994,0.9782648417662648,0.7446214238095886,0.9624906862392223,0.9910190481149749,0.979583488792072,0.9933403305896276,0.9465852525253441,0.9637799790000559,0.8995780492411015,0.9780090151286773,0.9919874280461253,0.9182261522973951,0.9716639343763567,0.9742279387268257,0.74853712803607,0.9236217139816388,0.9321681841009599,0.9863998718907591,0.9853235208403854,0.9629040533311675,0.9509394487995828,0.9931694267963025,0.9946079863215699,0.9716429636866465,0.8210194547203645,0.9964225580217397,0.9895495425011529,0.9865932057258768,0.9312206508740709,0.9952587661413143,0.9731847212019507,0.9798594970194652,0.9906543939235518,0.7187416839015334,0.9481163898572081,0.8574841134576421,0.9804542113542537,0.9616840841453235,0.9953421692333076
BBT,0.9924797895369469,0.9937419642005058,0.9460434121092541,0.9505004904820423,0.8298964175482746,0.825296739149776,0.9679336698270363,1.0000000000000002,0.9425176691450523,0.8626206125719676,0.9546059290265363,0.9246568220715776,0.9955055353235278,0.9649401075956822,0.9903842503005351,0.8679916012887477,0.9306513242344682,0.9691358748440472,0.8070852321694897,0.9401577930335703,0.9237261183429142,0.977521993304393,0.9839547693290807,0.93028425866226,0.9577804708966109,0.9975058856144678,0.9805622186373504,0.9934023630998917,0.8762674577934869,0.9884499814735983,0.9819260341594933,0.9019795053003125,0.9934534415021772,0.8026572553217105,0.8681136811788791,0.9852620853260547,0.9244793860343764,0.9506659803594311,0.9840746235022431,0.998296477133801,0.9763781433996909,0.9505524429212794,0.9337193642922514,0.8626870229791765,0.8880968565832617,0.9136676593811545,0.7819963333107287,0.9862188205816894,0.9831154461848767,0.9946397459467711,0.918236465618417,0.9856538849004791,0.9975595339808928,0.9862367952893003,0.9725792721037012,0.9586097018027946,0.866827982589474,0.9805110869625985,0.9556754630869448,0.9338141974784956,0.9154458723593388,0.9797696728106402,0.9522642557497445,0.9925733849689486,0.9740957391138676,0.8649417378963183,0.8488337358709135,0.9490893778001781,0.9142117813786815,0.9792221906244637,0.9786591694107946
BK,0.9214946526891484,0.9247530680609347,0.8466829678790583,0.9948074071884494,0.6372739549819697,0.7950378310672533,0.9943120051375367,0.9425176691450523,0.9999999999999999,0.9794861740331281,0.997911788468238,0.9979477460362174,0.9335459776498852,0.9924911550775999,0.929162097912535,0.9820441531946087,0.9709888074077462,0.9902242139690091,0.9325463471181137,0.9897066941943122,0.9930225280073031,0.9699690294945017,0.8904783346621277,0.9983235630127187,0.9940350908078249,0.9420151806546665,0.8875462224687448,0.9314448076418608,0.9775645036078954,0.8974319589533486,0.950866416128381,0.8562380774522597,0.9561682048391084,0.7435507164000903,0.9723489772146736,0.972395351694497,0.9907420741152712,0.9970735975995273,0.9277294331973351,0.938801646157261,0.8578466201835483,0.9844741290635293,0.9983513818760663,0.9397527178112337,0.9766492501917586,0.9909729108718301,0.7657042778573269,0.8826048607464851,0.8924143214321105,0.9670716484818963,0.9885770713765065,0.9298765308068834,0.9216352884960392,0.9763123144276336,0.990711541010812,0.9702358736792291,0.8193246720021137,0.9867042631034669,0.9783766633610826,0.9970459743417774,0.9410837462877468,0.9826033320930809,0.9505218232563857,0.9543102599375916,0.9868072056094024,0.6654455166011995,0.9742427554787779,0.8096284517553954,0.99308316157889,0.9292329697395669,0.9879481142617376
BOH,0.8436694730343121,0.8358420669595829,0.7400780154407612,0.9713548292019704,0.4876537416841803,0.7606810510996078,0.9558790484075467,0.8626206125719676,0.9794861740331281,1.0000000000000002,0.9720593867141408,0.9881715395697325,0.8476309367919075,0.9549592002225414,0.8487244435224427,0.994905933162934,0.9556557825957269,0.9575055436845921,0.9750257882302023,0.9673343512163616,0.9878094626735587,0.918962196180981,0.7886651694240369,0.9853629234563486,0.9611461765800354,0.8595203903228661,0.7834320287490487,0.8548094879217759,0.9942922056108914,0.808370637048716,0.8855280170947178,0.8096089557369608,0.8828304242304988,0.7094028042830882,0.9750549893618813,0.9134874713875264,0.9860651416340865,0.9764618944798545,0.8613086273300925,0.8616926609915739,0.7541932016794262,0.9614731071941734,0.9848724554443171,0.9584029451144088,0.9694293624091574,0.9876632484323646,0.741023040121834,0.7815924879735408,0.7876631835456441,0.8992228746156355,0.9765365856979167,0.8469686525582254,0.8356921280349775,0.9186983088640853,0.9547552028952281,0.9416587034321867,0.7859601118415607,0.9424324330850034,0.9326757131613673,0.9827367071106164,0.9291199409277928,0.9285487415515172,0.887822917438012,0.8793286932051207,0.949400275115391,0.5352984739852698,0.9995349457643447,0.7014432383824307,0.9821624497231659,0.8451320265463654,0.9455689498096638
BOKF,0.9374968678998469,0.9410817917727612,0.8720863863161096,0.9988426149873054,0.6745028650311682,0.7896475108876353,0.9975873888021226,0.9546059290265363,0.997911788468238,0.9720593867141408,1.0,0.9955093943783732,0.9481108506467112,0.9970667091632327,0.9363024653741397,0.9763049967026167,0.9675996410310159,0.9938995480509335,0.9227521124665674,0.9948465477738747,0.9907262282187767,0.9826130963279004,0.9105281838862127,0.9972282295160195,0.99777720510999,0.9546985519931787,0.9070427230239537,0.9484484582848082,0.9706134475990535,0.9126895080376987,0.9669536311667091,0.8596592101305018,0.9645752400589295,0.753272627987547,0.9704333064205438,0.982984257157162,0.9900010522351778,0.9977090439551348,0.9401737208513292,0.952175146591436,0.8804130490096426,0.9836276346115619,0.9978717888063692,0.9391058054521557,0.976581979925992,0.9842306907355745,0.7561780804544558,0.9038677025120405,0.9092136227102391,0.9754983147019154,0.9900470410760228,0.9469453022485204,0.9361948178820808,0.9856374992578814,0.9951030851176539,0.9772057254793096,0.828661472718885,0.9938413008745619,0.9825301293778705,0.9925411502648677,0.941170215744339,0.9875316272031885,0.9607721499917236,0.9660930383028692,0.9911413795268237,0.69275205159765,0.9654278784883484,0.8377878042003291,0.9850258575640931,0.9442825149626043,0.9938757014546138
C,0.9025905805021898,0.9071877245527872,0.8270835327613425,0.9934948033994064,0.607736090333455,0.7735477235068825,0.9889799762221037,0.9246568220715776,0.9979477460362174,0.9881715395697325,0.9955093943783732,1.0000000000000002,0.9166960054891949,0.9881812771082616,0.9077107079549708,0.9906319424665265,0.9644110672158677,0.984156830405164,0.9432035927675939,0.9905725842880491,0.9930882805970355,0.96232091564733,0.8702582761152273,0.9994506263042316,0.9914847955783683,0.9254113140329306,0.8671836804273795,0.9147164164612602,0.9824182572360951,0.8744347599197717,0.9406004164599308,0.835448425431462,0.942099179918936,0.7244852074010913,0.9817479864319847,0.9633455951696789,0.9911817919640125,0.9946490379648104,0.9095337253620462,0.9209256455424288,0.8328003817204725,0.9776095306455025,0.9993661357654954,0.9421908729024633,0.9836111455335907,0.9904537724591812,0.7453279126614653,0.8610438011361096,0.8713874899586663,0.9534683100047947,0.9915675676262368,0.9155598394706025,0.9015739435457,0.9665438938567749,0.9837964804438084,0.9628933539523232,0.8033521405055333,0.9793438030486729,0.9752611746278671,0.9949948582332863,0.9368383204003349,0.9742113369888404,0.9439129401574041,0.9407521016932736,0.9785432607095065,0.6276054290486799,0.9840026049369541,0.7835289106857176,0.9934518525171665,0.9156153683250783,0.979955461345545
CFG,0.9826901519999617,0.9993530390141504,0.9674442586821623,0.9454491393151321,0.8625057205610179,0.7692092839105586,0.9646964905504073,0.9955055353235278,0.9335459776498852,0.8476309367919075,0.9481108506467112,0.9166960054891949,1.0,0.9640693329039502,0.9755248341679053,0.8616869287488833,0.9010845063600402,0.9563805824978169,0.7745546169406934,0.9410788935678495,0.9065807393338253,0.9789864124942242,0.9938011427167464,0.9234248163043995,0.9573283343892435,0.9992886691311305,0.9925842595607092,0.9904021340146564,0.8531345726357754,0.976352313258854,0.9884549462092994,0.8583280149074015,0.9925766538616574,0.753044174612784,0.8737191790083814,0.9883756951170808,0.90741254052497,0.9384036425893955,0.966017755919202,0.9913893510104687,0.9736817266204784,0.9280066955540084,0.9260878423737465,0.8304454899877801,0.8952789817830722,0.893153875527541,0.7208790492056646,0.9897835681440531,0.9925378210693832,0.9925662823945407,0.9179189212699738,0.9961307607736437,0.9913813741715928,0.9870747206601728,0.9613870070045452,0.93900172965495,0.8219154233402373,0.9749226395076874,0.9629495318740126,0.9183096100721291,0.882692770265692,0.9799739158813048,0.9697395166812761,0.9971805765344902,0.9603006790619767,0.849496360429485,0.833139909170822,0.9479383607264104,0.9028407478265271,0.9924147249536305,0.9705065384962115
CFR,0.9457088520879652,0.958606666312908,0.9023308653574394,0.9963623085302985,0.72076345315317,0.7667344749033111,0.9991832413427328,0.9649401075956822,0.9924911550775999,0.9549592002225414,0.9970667091632327,0.9881812771082616,0.9640693329039502,0.9999999999999998,0.9412968710157612,0.9649539581422215,0.9514059868723835,0.9894747078437459,0.8927113057062553,0.9949759729113729,0.9785043873832858,0.9901037010706797,0.932919236015384,0.9912310300790956,0.9993176239958546,0.9684914584033846,0.9313114697320914,0.9597899773341855,0.9507356415818585,0.922323153997961,0.9797542237346595,0.8456481282694921,0.9750100427329966,0.7340187713049985,0.966816584674541,0.9920640570623774,0.9778057544392801,0.9912083431426872,0.9420883051848389,0.9612463664244383,0.8985181700726922,0.97277613818075,0.9915559714556861,0.9156764183777804,0.9761148250807544,0.9693551212622996,0.7289905323120168,0.9232934579461993,0.9312063513941006,0.9843361787030109,0.9880596089914557,0.9655016414553991,0.9474566223923175,0.9934177506559427,0.9926715753305598,0.9695362009114276,0.8109848834828821,0.9957234945084815,0.9899564066591728,0.9829624396623551,0.9229059709276394,0.9934995116040339,0.9773575117694033,0.9796870646159171,0.9880766354096773,0.712319774518604,0.9469347752540817,0.8583593463556004,0.9759583703470254,0.9638507447537176,0.9944579624549844
CIT,0.984116644912111,0.9715159174759064,0.9012128656022338,0.9270404212162557,0.7822761727731228,0.8837886856276792,0.9494100197326727,0.9903842503005351,0.929162097912535,0.8487244435224427,0.9363024653741397,0.9077107079549708,0.9755248341679053,0.9412968710157612,0.9999999999999999,0.8438050663875223,0.9427508523909646,0.9601303318760542,0.8120443199368597,0.9086347327372948,0.9144893923018398,0.9472164853435839,0.9583111361135385,0.911002774357462,0.9334721465307958,0.9813903863839128,0.9536612319235407,0.974425646096309,0.8721707426516001,0.9892907910820635,0.9482527411570522,0.9379363620534666,0.9831514242975716,0.8353613782057532,0.8302908689827809,0.9595310629252226,0.9138306601830152,0.9393974941228944,0.9849003538864862,0.9887837977071545,0.963253978277051,0.9532140960677914,0.9153663478839039,0.8616262595793838,0.849645779431349,0.9135407668995426,0.8487698512735509,0.9671916342932667,0.9630916198682259,0.9810688630785201,0.8884385327040785,0.9539098751444374,0.9907120756562063,0.9634375763157241,0.9609074750947619,0.9510570020058853,0.8965887751790397,0.962994308365765,0.9298017665164052,0.9288133729046082,0.9320444327477183,0.9629353907791371,0.9116627819213398,0.9705246634092302,0.9658818058601522,0.8781724723557186,0.835771572731203,0.9307418932898969,0.9091771029209614,0.9477225176287516,0.9633727403632614
CMA,0.842292564016367,0.8512217271427142,0.7727131068959431,0.9769565290063734,0.5277703801542343,0.7114122159141918,0.9636410944442957,0.8679916012887477,0.9820441531946087,0.994905933162934,0.9763049967026167,0.9906319424665265,0.8616869287488833,0.9649539581422215,0.8438050663875223,1.0000000000000007,0.935903451391307,0.9538296280734935,0.9482634709750681,0.9784483089334827,0.9811512011447832,0.930377527708107,0.8075412162993724,0.9895287927662497,0.9713866286936017,0.8711037449900275,0.8051947092223676,0.8609842726767911,0.9810191625478408,0.8040904516399301,0.9018420154132474,0.7732812880652498,0.890498483555416,0.6649171803948194,0.9918861295769305,0.9268979153008705,0.9788993548925893,0.9743860857437187,0.8516115007834176,0.8638765303060059,0.7595790093557294,0.949358822957511,0.9877139850999991,0.9343270205406942,0.9879946771545614,0.9782750239762225,0.6870126648872693,0.7930315874873494,0.8075432955316505,0.9076369695833911,0.9862967944896814,0.8672221730693279,0.8380528181369225,0.9306124681894893,0.9540522962127108,0.9312859889628003,0.743353776135616,0.9468810229671524,0.9495009368771081,0.9786377777657439,0.9001305543701793,0.9393023866078943,0.9171117752647241,0.8943439364942531,0.9457788031343461,0.5244052064376165,0.9939752180706684,0.706945570789612,0.9819366773813103,0.8688688872872931,0.9480508366325587
CNND,0.9296888037997662,0.8917096638229713,0.7836009197244445,0.9618631867500912,0.5756544206802262,0.9111047904401323,0.9588554446325832,0.9306513242344682,0.9709888074077462,0.9556557825957269,0.9675996410310159,0.9644110672158677,0.9010845063600402,0.9514059868723835,0.9427508523909646,0.935903451391307,0.9999999999999998,0.9820599059833353,0.9560920009658692,0.9414993730010581,0.9842915061777645,0.9342384872845642,0.8538803484412719,0.9631160981437188,0.9501441340163834,0.914150317983475,0.8444545557535613,0.9202085209501125,0.9777634390253211,0.9155353356662241,0.9084050886851988,0.9448353652190515,0.930268389089893,0.8555977381136486,0.8992814149041033,0.9316336297133806,0.9837048674346588,0.9809514416512595,0.9530829152742522,0.9351508651431669,0.8610485956246423,0.9965961456456152,0.9664228337252236,0.9734335077904099,0.9026416951907658,0.9871212418061094,0.8913357607817807,0.8657150788093324,0.8530955830570708,0.9414836406884244,0.9393158599000642,0.8821597233705581,0.9203108184945284,0.9398119381801282,0.9783765062482991,0.9836942268170552,0.9193716038299123,0.9635627673099529,0.9179352505410588,0.9829326540891553,0.9874339519058289,0.943460125690104,0.8703646965205165,0.9149124073990074,0.9823506942329481,0.7262561003495082,0.9501742785402119,0.817793899876361,0.9641852325597865,0.8717229131972124,0.9696928653657029
COF,0.9610364270790265,0.9495968967906737,0.8730681052714935,0.9915358484105089,0.6882453416771754,0.8425498584404421,0.9922511678797632,0.9691358748440472,0.9902242139690091,0.9575055436845921,0.9938995480509335,0.984156830405164,0.9563805824978169,0.9894747078437459,0.9601303318760542,0.9538296280734935,0.9820599059833353,1.0000000000000002,0.9247386615227962,0.982207749019434,0.9884970329207605,0.9821475645464365,0.9216472620910218,0.9858094479557801,0.9880295020778725,0.9633877336537591,0.9149279596139944,0.9639471348958464,0.9665187195363979,0.9428291099245513,0.9672774127774012,0.905941679596975,0.9725025798675611,0.81040364890822,0.9402558779024562,0.9811620344167604,0.9890326445783031,0.9959521905796935,0.9676401939062523,0.9702791382908058,0.9084624992750331,0.993381823375757,0.988260720270045,0.9500269587150894,0.9482581036256849,0.9821008114338736,0.8089212837930366,0.9234385467754175,0.9176928010659645,0.9806562707657525,0.9741473342122147,0.9488577831032764,0.9574110072247366,0.9845339682752927,0.9985541771429671,0.9908377001885743,0.8821849138295729,0.995554042899939,0.9693119491306943,0.9884070110706418,0.9664694376532026,0.9842151125072451,0.9431682363960916,0.9680920304992677,0.998440250071546,0.7509368590878188,0.9492461711449985,0.870661527131893,0.9743461796273941,0.9410351334018274,0.9966049549118742
DFS,0.805748985252822,0.7605806228143839,0.6344005355247144,0.921097125675978,0.3714658778509257,0.8227827690838485,0.8973898782976112,0.8070852321694897,0.9325463471181137,0.9750257882302023,0.9227521124665674,0.9432035927675939,0.7745546169406934,0.8927113057062553,0.8120443199368597,0.9482634709750681,0.9560920009658692,0.9247386615227962,1.0,0.9069913324666966,0.9635224783990401,0.8569078817295429,0.7071511651134345,0.9372041675970281,0.8988645393713228,0.7906758450654862,0.6947067708148221,0.8019239858675403,0.9859900564138565,0.7744188659433708,0.8128881107889032,0.8453477128336698,0.820664640189684,0.7750902761441992,0.9045011393247784,0.8437982258186301,0.96395492009989,0.940200879941259,0.8408258211309535,0.8144295994184848,0.7029747659313411,0.9456027851490664,0.9395770634111812,0.978408534911334,0.8939255772801136,0.9667288906687096,0.8130001502753738,0.7165227575272695,0.7009057235128445,0.8365025188542976,0.9188821276379505,0.7634488848966667,0.7872583088200878,0.8516724647174303,0.9149850951749159,0.9263530890127345,0.8432347108971009,0.8919013566744851,0.8540016812651889,0.9489674590310154,0.9517115364764576,0.8615075541285254,0.7853053395083013,0.8040049736896622,0.9156108037105091,0.5216406391201983,0.9758947727074186,0.6543836273598259,0.9392582986206248,0.7523109704574609,0.8989255093825825
EWBC,0.9223974574758746,0.9354470690353536,0.8828608632955738,0.9974879218514476,0.6874725472813874,0.7310368773304285,0.9920975548594635,0.9401577930335703,0.9897066941943122,0.9673343512163616,0.9948465477738747,0.9905725842880491,0.9410788935678495,0.9949759729113729,0.9086347327372948,0.9784483089334827,0.9414993730010581,0.982207749019434,0.9069913324666966,1.0,0.9805779521728103,0.9847207739036286,0.907041170467394,0.9937760994292246,0.9965183011927249,0.9448420247256176,0.903969535344437,0.9410363110375378,0.9584063167451891,0.8908193045216052,0.970771214893328,0.8153794275323117,0.9513933563251208,0.713664571888159,0.9820770882018676,0.9810636761496956,0.9811572256063464,0.9877857865551802,0.9192852054501779,0.9379540018441226,0.8679531527756928,0.9636597363979174,0.9936865901626116,0.9251863603224779,0.9877294505810076,0.9679156874773721,0.6924486648777353,0.895714250175961,0.9009657600559907,0.9642170792649648,0.9951379689534131,0.9485107930324417,0.9198258783075874,0.9817322416377307,0.9843459910957122,0.964105907229242,0.7914084440579333,0.9868312290253479,0.9819753982267637,0.9782567743248922,0.9129721783976484,0.9797928351763778,0.9702238689868897,0.9607313512105069,0.9779014526466361,0.6624349468993709,0.9605672567736921,0.8295713075418519,0.9721748283015298,0.9453372967874771,0.9850215683357917
FCNCA,0.9138486079575057,0.8976587311663283,0.8093946895473695,0.9896017408487215,0.5866011765819885,0.8255837789967999,0.9806163291903577,0.9237261183429142,0.9930225280073031,0.9878094626735587,0.9907262282187767,0.9930882805970355,0.9065807393338253,0.9785043873832858,0.9144893923018398,0.9811512011447832,0.9842915061777645,0.9884970329207605,0.9635224783990401,0.9805779521728103,1.0,0.9582360239686532,0.8589050840974316,0.9930288590800129,0.980021047053158,0.9166403565231704,0.8521095698911233,0.91917067124701,0.9932858830358073,0.8868393863040751,0.9322543015962617,0.879854694396004,0.9315518785073433,0.7852631025893618,0.9600482115844121,0.9524131983930355,0.9994894109655491,0.9956296256541661,0.9287323237070295,0.9256146483989373,0.8415802731387093,0.9912433551138337,0.9940457144456544,0.9732266336660845,0.9610821000311585,0.9964281699758153,0.7997334538050906,0.858589089424712,0.8549704712481766,0.9465034158030092,0.981594550905551,0.9015437299248105,0.9051933124928248,0.9579446669298702,0.9869855284934484,0.9811069850435641,0.8559802300139588,0.9771036380644424,0.950887988713993,0.9956222419325593,0.9610498349735154,0.960364225084409,0.9152855901674883,0.9280330369787703,0.9854160901252824,0.6578629279604079,0.9834639654266137,0.7971685730581141,0.9844161783259623,0.8944405658310941,0.9808352396557997
FFIN,0.9704360874091638,0.9775550284341207,0.9409841261872359,0.9859413167668617,0.7892231775701515,0.7617555123780961,0.9872173657376153,0.977521993304393,0.9699690294945017,0.918962196180981,0.9826130963279004,0.96232091564733,0.9789864124942242,0.9901037010706797,0.9472164853435839,0.930377527708107,0.9342384872845642,0.9821475645464365,0.8569078817295429,0.9847207739036286,0.9582360239686532,1.0000000000000002,0.9608656924910944,0.968899465265624,0.9864007020627029,0.9795103692751007,0.9568204043003966,0.9842708024127033,0.9203383299038611,0.9474684712307714,0.9964167210446216,0.8552306734639628,0.9751099571312533,0.7635822535671815,0.9364601018825593,0.9954765116240605,0.9607138053680002,0.974801910946923,0.96148595367783,0.9784164505493678,0.9394272790706126,0.9593469153651133,0.970511137556641,0.9053888422621146,0.949965184453479,0.9396855775635955,0.7156126262265589,0.9562044185299272,0.9505361592898945,0.9858791724434579,0.9699932155983754,0.9840721120073714,0.9671767881524064,0.9953565281542803,0.9865239994627053,0.9737141743670643,0.8336699043018263,0.9936506999666104,0.973398538531405,0.9563607650633755,0.911369560595985,0.983820482818296,0.975549430142414,0.9866148351882136,0.9836389796785957,0.7759119589718029,0.9077060979967011,0.9134569244917692,0.938435065921275,0.9753744762152605,0.9916212696621799
FHB,0.9750906961658604,0.9961516008520366,0.9839269087725142,0.9096513503855558,0.9125082530408832,0.7294939784682416,0.9318740203455075,0.9839547693290807,0.8904783346621277,0.7886651694240369,0.9105281838862127,0.8702582761152273,0.9938011427167464,0.932919236015384,0.9583111361135385,0.8075412162993724,0.8538803484412719,0.9216472620910218,0.7071511651134345,0.907041170467394,0.8589050840974316,0.9608656924910944,1.0000000000000004,0.8794661736536761,0.9239590733021822,0.9895525726525606,0.9989629749323639,0.984151380310758,0.7949935706726354,0.9714390057568134,0.9786105099165323,0.829184394334752,0.9747200802748771,0.7317665154229936,0.8276069964956642,0.9696475630888234,0.8609498033745595,0.8969389154760704,0.950766472573489,0.9806340466845185,0.9831226327302375,0.8857456087329083,0.8825876346638529,0.7791276966602325,0.8535230216274518,0.8398928139515218,0.6747597344376488,0.9962485611552612,0.995529802415761,0.973452159565751,0.8777290768159177,0.992900647766853,0.9843504606046168,0.9664372613117528,0.9283576990310161,0.9070779417507382,0.7964817049608339,0.9473656036859787,0.9336948151663874,0.8702328191183122,0.837242217052771,0.9531099996234563,0.954606354239057,0.9844022506669626,0.9277110984791967,0.8772933928082115,0.7715945567892746,0.9667056153620396,0.8503732792960206,0.987385627641196,0.9415460325795544
FITB,0.9096184046149065,0.9149126476089691,0.8408239378772425,0.9962209941007918,0.6254252617864869,0.7701640512863566,0.9914576522450805,0.93028425866226,0.9983235630127187,0.9853629234563486,0.9972282295160195,0.9994506263042316,0.9234248163043995,0.9912310300790956,0.911002774357462,0.9895287927662497,0.9631160981437188,0.9858094479557801,0.9372041675970281,0.9937760994292246,0.9930288590800129,0.968899465265624,0.8794661736536761,1.0,0.9939002283975041,0.9312527588361263,0.8764039436920137,0.9228161748591417,0.9798876488453399,0.880774550915123,0.9485557065685075,0.836338423074997,0.9451066838009635,0.7278688932429496,0.9822988400408155,0.9685446474389955,0.9915667787642762,0.9953390227227742,0.9150017394162284,0.9270481625456656,0.8430621812734795,0.9779589886659116,0.9997907013099031,0.9421849019690645,0.9850174369304534,0.9884748044071929,0.7400948213973786,0.8701194859851694,0.8791470697148192,0.9577811318170141,0.9935487840955076,0.9238129700867083,0.9077945331053183,0.971730849651161,0.9864500277512803,0.9663894622626041,0.8046327896577783,0.9829007912787876,0.9766647270764716,0.9939606456893528,0.9334276840024427,0.9767065712786163,0.9501584859356725,0.9465544434516184,0.9811389862564001,0.6388496770840477,0.9807240816780317,0.7960533639786089,0.9906062147948835,0.9228195361861998,0.9834394482326939
FMAO,0.9363573163404446,0.9510423862952455,0.8923700799810043,0.9969786181422828,0.7049356230924338,0.7574442553369928,0.998516889715899,0.9577804708966109,0.9940350908078249,0.9611461765800354,0.99777720510999,0.9914847955783683,0.9573283343892435,0.9993176239958546,0.9334721465307958,0.9713866286936017,0.9501441340163834,0.9880295020778725,0.8988645393713228,0.9965183011927249,0.980021047053158,0.9864007020627029,0.9239590733021822,0.9939002283975041,1.0,0.9621346337632191,0.9223165306561077,0.951323558528635,0.9546429042521801,0.9113747559159464,0.9749995037359682,0.8353586701012025,0.970220532380837,0.7233165510633639,0.9737360972403705,0.9891964486328289,0.9790681334521022,0.9915479196242407,0.9329857381604582,0.9531854756599392,0.8854317169957312,0.9710428200993346,0.9940787060703226,0.9159670699359147,0.9816725610057812,0.9718122895994163,0.72051387331676,0.9130603116291796,0.9234581980720293,0.9795141908121822,0.9901569883590176,0.959299703357761,0.9385149670524058,0.9902775599279087,0.9905089591383144,0.9659437437057748,0.8014227373403288,0.9933966204187223,0.9914034253024638,0.9843727391513941,0.9215522286599942,0.9922578284469312,0.9764879939081336,0.9747573064633629,0.9849754105929365,0.6916111765356933,0.9537772533898375,0.8433767445895805,0.9797235367583971,0.9590334556439353,0.9916903123666114
FMBH,0.9840165128184468,0.997739221146124,0.9580431346283548,0.9509405908404941,0.8452411126207187,0.7871921774121665,0.9700939704012775,0.9975058856144678,0.9420151806546665,0.8595203903228661,0.9546985519931787,0.9254113140329306,0.9992886691311305,0.9684914584033846,0.9813903863839128,0.8711037449900275,0.914150317983475,0.9633877336537591,0.7906758450654862,0.9448420247256176,0.9166403565231704,0.9795103692751007,0.9895525726525606,0.9312527588361263,0.9621346337632191,1.0000000000000002,0.9882689864933687,0.9899167673858602,0.8662582376425392,0.9782407852581126,0.9866749501896366,0.8708087286011696,0.9957284998460513,0.7622007388980558,0.8793531204807229,0.9897660790697188,0.9169015733428868,0.9468340242435335,0.9702989004761705,0.9932099144392117,0.9705182616308019,0.9386024551142841,0.9339503801393716,0.842453499867374,0.8999217543638015,0.9057378064007152,0.7415906109542902,0.9863787339734156,0.9899812582425104,0.995854591605687,0.9233096139224705,0.9931423500182754,0.992672337079246,0.9892869431723019,0.9679681011626106,0.9458469665703638,0.8320919899468356,0.9794229516492634,0.9665550394655668,0.9292473421357184,0.8955647065567793,0.9843359308433743,0.9681395404307401,0.9977194383725522,0.9672322137858271,0.8458260053866704,0.8456941219857778,0.941857855084062,0.9143936537134829,0.9900944259791624,0.9757320181602442
FNB,0.9678111630335581,0.9951461073402279,0.9858049397621224,0.9056292171833866,0.9154963130006181,0.7143982225979219,0.9300050537740511,0.9805622186373504,0.8875462224687448,0.7834320287490487,0.9070427230239537,0.8671836804273795,0.9925842595607092,0.9313114697320914,0.9536612319235407,0.8051947092223676,0.8444545557535613,0.9149279596139944,0.6947067708148221,0.903969535344437,0.8521095698911233,0.9568204043003966,0.9989629749323639,0.8764039436920137,0.9223165306561077,0.9882689864933687,1.0000000000000002,0.978592904998466,0.7870516407249182,0.9644749889344307,0.9757044816285894,0.8150443805416798,0.9736953873007853,0.7106300498890366,0.8280434565399776,0.9679533833410194,0.8534186329258396,0.892318466900575,0.9415835801683097,0.9753119659131084,0.9772143225448374,0.878057313688207,0.8789539961072959,0.7648877862383893,0.8545453046901099,0.8341266484095748,0.6603853917603811,0.9925295359444833,0.9969160797940075,0.9721558876071297,0.8753971534794031,0.9923392044154702,0.979559906410992,0.9646730115413211,0.9233214731423114,0.8968918406507802,0.7759415928538382,0.9433538778608614,0.9355735682345518,0.8666510667898689,0.824121463009781,0.9527503925658213,0.9581983556011145,0.9842755590779528,0.9217109035962583,0.8672955155941894,0.7666753818826152,0.9587174262714271,0.8491996137162351,0.9893641077562614,0.9371101217327907
GBCI,0.9962863210326187,0.9914707469669259,0.9576996393974256,0.949531368295093,0.8471607312907679,0.8077857013322509,0.9596382842167199,0.9934023630998917,0.9314448076418608,0.8548094879217759,0.9484484582848082,0.9147164164612602,0.9904021340146564,0.9597899773341855,0.974425646096309,0.8609842726767911,0.9202085209501125,0.9639471348958464,0.8019239858675403,0.9410363110375378,0.91917067124701,0.9842708024127033,0.984151380310758,0.9228161748591417,0.951323558528635,0.9899167673858602,0.978592904998466,1.0000000000000002,0.8700869449534036,0.9864350826179122,0.9888326938897914,0.8967600701355061,0.979089639788367,0.8138618166893917,0.86279577862271,0.982103796570434,0.9226877558299967,0.9435817385667717,0.9864672198529094,0.9968394534014782,0.9845403135486542,0.9427505808052938,0.9265930913795969,0.8726667531334362,0.8829430976019841,0.9003510067427475,0.7595394546630688,0.9889873353700793,0.973378572549813,0.9852928207738348,0.9179617006158763,0.9870686294899036,0.9937669489026989,0.9824161863445499,0.9685203663696299,0.9642571757519663,0.8753275914522879,0.9772184278488188,0.9403965046992985,0.9202125918375117,0.906771872527134,0.9660645380298303,0.9467124942319092,0.9858171290967743,0.9705050400369072,0.8747789566866491,0.8399943280153855,0.9673842883512102,0.8924108545948847,0.9739952316580943,0.9757111331376263
GS,0.8668975484346838,0.8418715487485937,0.7376170528653285,0.9691235056859963,0.49033071154597613,0.8210522346588688,0.9537728046418726,0.8762674577934869,0.9775645036078954,0.9942922056108914,0.9706134475990535,0.9824182572360951,0.8531345726357754,0.9507356415818585,0.8721707426516001,0.9810191625478408,0.9777634390253211,0.9665187195363979,0.9859900564138565,0.9584063167451891,0.9932858830358073,0.9203383299038611,0.7949935706726354,0.9798876488453399,0.9546429042521801,0.8662582376425392,0.7870516407249182,0.8700869449534036,0.9999999999999998,0.8364951234324922,0.8856702764172767,0.8618822684999954,0.8879675456962492,0.7719699988472879,0.9508075265112902,0.9121671772465506,0.9923600414160872,0.9801885546652492,0.8903649834984867,0.8792175537307633,0.7791498971666235,0.9780327094600809,0.9807372074509135,0.9802777652954208,0.9463097113522847,0.9937523553865668,0.8032137758343837,0.7963936834225098,0.7918422008179888,0.9050468567077329,0.9656624936781343,0.8463834694700684,0.8547698819655984,0.9192644923137225,0.9628568070995449,0.9611006947147243,0.8417273529439686,0.9468425876035556,0.9187213880275058,0.9859784372011355,0.956591161305098,0.925791704255773,0.8696947951378098,0.8803362243129967,0.9612970318118846,0.5875093022165898,0.9928948430575758,0.7300704173160516,0.9770487295285729,0.8393321862666989,0.9523222290328551
