Ticker,ABCB,ABTX,AJX,ARI,AXP,BAC,BBT,BK,BOKF,C,CFG,CFR,CIT,CMA,CNND,COF,DFS,EWBC,FCNCA,FFIN,FHB,FITB,FMAO,FMBH,FNB,GBCI,GS,HBAN,HBHC,HOMB,HTH,IBKR,IBOC,ISBC,JPM,KEY,LARK,MBWM,MCBC,MS,MTB,NAVI,NKSH,NTRS,OPY,PACW,PBCT,PGC,PNC,PNFP,RF,SCHW,SFBC,SIVB,SLFC,SRCE,STBA,STT,SYF,TFSL,TSC,UMBF,USB,WAL,WFC,WSBC,ZION
ABCB,0.9999999999999996,0.999661187311839,0.9878159337061313,0.9096021061047407,0.9377816339058135,0.9905148538799239,0.9965425076619332,0.9886092331710225,0.9831463344661479,0.9877150833430598,0.9986769695199814,0.9931246533296649,0.9988587759343966,0.9975316106298713,0.9986116352421859,0.9909477623931975,0.9951555853307396,0.9988683314292676,0.9934200864828456,0.9842460395664152,0.9939472859691781,0.9889796771090094,0.9984225806795168,0.9982589978712937,0.9986585947951476,0.9935277378948606,0.9688917874744852,0.9967495309717744,0.99697353117046,0.9991072418162473,0.9961143047196644,0.9871816393406799,0.9925256036883987,0.9987705395695525,0.9872154605273548,0.9904561826597158,0.9949488308384614,0.9995778796344675,0.9989827343045322,0.9385182771984406,0.9986570528298532,0.9941906626517845,0.9863138641537281,0.9885937490667883,0.897597170290287,0.9945556723170168,0.9992661015438757,0.9990785461697816,0.9973284870598098,0.9994080517816216,0.9985487961435342,0.9436469861722607,0.9988019810487796,0.982012389686371,0.9928781391667103,0.9990489853634407,0.9992960631922493,0.9877790002428841,0.9968725128601371,0.9985971527427313,0.9979604611382118,0.9915843344076078,0.9948790869250301,0.9985911884501251,0.9911005128644531,0.9986700244271504,0.9976576441918468
ABTX,0.999661187311839,1.0000000000000004,0.9886996453487894,0.9156268503021187,0.9400619499671924,0.992878784778413,0.9977049633399747,0.9908315309113024,0.9859719403831593,0.9903577869988922,0.9995045056047289,0.9950779683412571,0.9993929805895725,0.9983638458079782,0.998760691868402,0.9924831901752168,0.9940829042517668,0.9994177270251853,0.9951715104293485,0.9867225445661093,0.9958114362529511,0.9913329483793093,0.9990147123788478,0.9991318967996312,0.9995078384024932,0.9952130748385846,0.972857996476321,0.9980221127508464,0.9983326477791638,0.9993457254757125,0.9944847636095322,0.9899058883074067,0.9938396413658982,0.9995535193634384,0.9898284474490298,0.992642030909422,0.9961853810949675,0.999640052396426,0.999470748913867,0.9431425123311463,0.9981337160555245,0.9938772618583944,0.9888134302103205,0.9910070550598129,0.8904735174078667,0.9966707115880488,0.9998848498326963,0.9995406532719815,0.9982934256088295,0.9998989698413882,0.9993334832449501,0.9493146862589033,0.9983292350026641,0.9851117464567396,0.9901877293511254,0.9994652409501122,0.9993262859926785,0.9902673079408087,0.9951356572623019,0.9984181446523583,0.9983016487789559,0.9936450016383904,0.996208385281541,0.99929476100947,0.9932635249500534,0.9992458713887378,0.9987558958906796
AJX,0.9878159337061313,0.9886996453487894,1.0,0.9502532107749587,0.9503151910515014,0.9861711617607963,0.9916778369778688,0.9865496683775258,0.9849148057860412,0.9840242398697611,0.9894911917362903,0.9877087914371578,0.984754730258035,0.9850698053136607,0.9833465531594298,0.9908110911109008,0.9775948131660668,0.9860931378559628,0.9854890494431192,0.98961898431867,0.9903646317216642,0.9870350591870688,0.9901246857303505,0.9901437285228268,0.9910581280333963,0.9906949730133976,0.9727468276812752,0.9876854407196748,0.9880170764910694,0.9924513921414654,0.9856093697162359,0.9802956410488198,0.9910363930650856,0.9875006786373619,0.983187920738797,0.9868773614674945,0.9888797563137716,0.9845663338272703,0.9848240326702528,0.9697480233101605,0.982048046890386,0.9672058379199154,0.9883329425697085,0.9826556306417111,0.8991320233863732,0.9858203786874068,0.9885839286825091,0.9839967118026078,0.9888882792005392,0.9904408527138969,0.989545533114525,0.9571814140637671,0.9806091219437574,0.980012090846417,0.9814818496583466,0.9895137318573357,0.9867453165263387,0.9840194510654527,0.9821723440834521,0.982338999309341,0.9789024281923305,0.9863899427192997,0.9859840706783426,0.9860945375817751,0.9856725590823534,0.9932566725328953,0.986962731188775
ARI,0.9096021061047407,0.9156268503021187,0.9502532107749587,1.0000000000000002,0.9690608261160345,0.946753910714664,0.9381832296363192,0.9507465253992307,0.9598539705428677,0.9493663510113237,0.925257633918973,0.9420197938547179,0.9129399639549175,0.9158524455420055,0.91037780119142,0.9498146353242767,0.890948231112024,0.9131023210684288,0.9366704669362699,0.9633559798753691,0.9451538450474926,0.9501771548973791,0.922970766958384,0.9287189928689459,0.9275207023939978,0.9465677969077965,0.9663412245379112,0.9317340912570393,0.9305868936679733,0.922023826181856,0.9125262511396975,0.9445271683591143,0.9369537703093437,0.9198149982398015,0.949407854861763,0.947371840401219,0.9397896551041897,0.90625953312618,0.9129023429549691,0.9941191676598287,0.8928906656111474,0.8699310598182501,0.9542194553426077,0.9452648866996225,0.8436453970471341,0.9232899850449158,0.9191892166392864,0.9084706390388491,0.9257578250561105,0.9198353991025099,0.9267637555519443,0.9809721071882496,0.8913794910236219,0.9562885726198521,0.9011391559253897,0.920941744178359,0.9059388950743366,0.9494467098540135,0.896097655965177,0.8932186089078273,0.8965525305816557,0.9447790802766735,0.9294753579072914,0.9190494136166409,0.9432170271429425,0.9263575278493349,0.9250524822348416
AXP,0.9377816339058135,0.9400619499671924,0.9503151910515014,0.9690608261160345,0.9999999999999999,0.9679899655091704,0.95978855315433,0.9733175024630224,0.9783556075014928,0.9712385021730402,0.9490710311803343,0.9645278578069467,0.9413829780043025,0.9458638174381072,0.9452728445944852,0.9720969588107791,0.9359378569570217,0.9412612929564265,0.9633999027368968,0.9776936616241622,0.963068324290026,0.9713454233233136,0.9487302744653234,0.9525397046598688,0.9483386311103599,0.9662766728378496,0.9846161150181891,0.9558439847599296,0.9543024333304946,0.9441207322284233,0.9528984931516429,0.9665679369491409,0.9592320468075615,0.9457500857801855,0.9721943400959074,0.9697977786666011,0.9648960989972301,0.9354551278910784,0.9399662195709196,0.9822297303345796,0.9262996311304948,0.9084256501759901,0.9721526009871303,0.9704043217102034,0.9245616814050087,0.9370626082961272,0.9427786188085432,0.9370221251479051,0.9519103516048542,0.9421402278389244,0.9509174042279105,0.9857453169759732,0.9247969103563063,0.976863932722246,0.9459356468500308,0.9478297278718698,0.9332513474574229,0.972653181903581,0.9380290899849626,0.9211542363833574,0.9271389382996128,0.9680814962646012,0.9586096456670447,0.9445793763875736,0.9675305125189962,0.9458018097636844,0.951511598012911
BAC,0.9905148538799239,0.992878784778413,0.9861711617607963,0.946753910714664,0.9679899655091704,1.0000000000000002,0.9981377154353476,0.9995780707313461,0.9984510949551421,0.9997814975954202,0.9960787241129307,0.9997632418911251,0.9933781577604232,0.9951998127400395,0.9938290903443455,0.9983467323702782,0.9855660197891528,0.9939420189872852,0.9994669608707126,0.9975559897951762,0.9991947421250514,0.9996666382478437,0.99529329349587,0.9968444775913372,0.9956440216626092,0.999282187426348,0.9933700938768867,0.997938780700613,0.9978490945998376,0.9930253654199486,0.9876823185241881,0.9986695623564236,0.9958849686708161,0.995499698998779,0.999686341242885,0.9998914721257004,0.9989142878332864,0.9912008112574211,0.9932251436660369,0.9689681515046007,0.986641722951958,0.980023834005001,0.9982060007918757,0.9997349523764664,0.8886638049098861,0.9928881080634726,0.994146233998592,0.9925183407239936,0.9966904033096485,0.9936159955733659,0.9963036846481225,0.9793293558617486,0.9864563948543296,0.9984751932775638,0.9803704443499432,0.9949876966134895,0.9900711500910653,0.9997204627634049,0.9845069761834844,0.9859508679536848,0.9890866839575855,0.9999227679537197,0.9981316355565366,0.9947625772826914,0.9998150973894996,0.993848530295506,0.997221538875404
BBT,0.9965425076619332,0.9977049633399747,0.9916778369778688,0.9381832296363192,0.95978855315433,0.9981377154353476,1.0000000000000002,0.997369942731401,0.9947118809426351,0.9967832855077486,0.9992358775793014,0.9990685432975758,0.9972821117902911,0.9975562213741079,0.997205198255309,0.9981221385241329,0.990761068775622,0.9975147286903333,0.9987168570881504,0.9952457947058005,0.9994858810409529,0.9975283177586693,0.9986704193399226,0.9995989131228753,0.9991983616221978,0.9994684654202105,0.9856302763007904,0.9994474683010793,0.9994151295395078,0.9980467335761254,0.9939281952068895,0.9956742256545241,0.9969534310609742,0.9985969281122258,0.996489157626115,0.9981666901909176,0.9995820877622639,0.9962522427558501,0.997215095518098,0.9621222221223924,0.9929897514042142,0.9859631304241322,0.995874324782748,0.9969119278627551,0.8982566359057339,0.9954124265609029,0.9982663947522407,0.9966490439719639,0.9988389517351516,0.998207836438307,0.9993866151564302,0.9677008688794548,0.992813625802537,0.9937579309283245,0.9884940660923386,0.9987235862591053,0.9956701500086514,0.9968192059638462,0.9916966871593951,0.9925850044147222,0.9937174678099331,0.9985390825669936,0.9984472448504949,0.9980985400681076,0.9981508500271092,0.9984644757189606,0.9991190712465163
BK,0.9886092331710225,0.9908315309113024,0.9865496683775258,0.9507465253992307,0.9733175024630224,0.9995780707313461,0.997369942731401,1.0,0.9993710879470605,0.9997067173051276,0.9944566711760342,0.9992096817160873,0.9910042965346381,0.9938415315173452,0.9922892898367681,0.999083801569733,0.9849102479337772,0.9921560429065901,0.9988930275623792,0.9987688274538565,0.9983425661842157,0.999920889906917,0.994317588293067,0.9955627935476337,0.9939923604774753,0.9989108507973359,0.9950308756745534,0.9964205316302177,0.996332003776279,0.9918306124991461,0.9878072573206009,0.9976098512936575,0.9964544302872856,0.9937366835145298,0.9996677482128027,0.9998400733293457,0.9984300019385395,0.9887849399583913,0.9907499937565916,0.9733281455097647,0.9844668665158427,0.9758632553636315,0.9991692137484716,0.9995411318757705,0.8970791491720119,0.9898504968517451,0.9920556580024419,0.9900347027145869,0.9958142883042305,0.9918168962441505,0.9947505327601283,0.9817130471004895,0.9838178547317161,0.9987307574475417,0.9808748371878019,0.9937689221224925,0.9880595638582783,0.9998124892847441,0.9838728120421147,0.9830474547592296,0.9858366664916947,0.9995518137683338,0.9976518368902867,0.9925381779536702,0.9995374335708703,0.9925231529709982,0.9957068625771588
BOKF,0.9831463344661479,0.9859719403831593,0.9849148057860412,0.9598539705428677,0.9783556075014928,0.9984510949551421,0.9947118809426351,0.9993710879470605,0.9999999999999997,0.9991345459462347,0.9905623623240928,0.9974333008393522,0.9861224898632313,0.9895847079035719,0.9873552921450544,0.9980673062368133,0.9788423904931745,0.9873910988167085,0.9967213369663717,0.9993780903846362,0.9965409871234374,0.999243261959795,0.9903550895987608,0.9920102026125545,0.9901994251876406,0.9972746014590802,0.9976107291205188,0.9932790094343931,0.9931698585881878,0.9875114175990396,0.9828475462722833,0.9965104878876244,0.9943374462002129,0.9894753180590604,0.9991416811497044,0.9987798225041365,0.9961455461172742,0.9832081566460996,0.985773262965107,0.97995407171448,0.9779507619209805,0.9679386166220437,0.9990760546104183,0.9985793826524313,0.8940527185234827,0.9862123205453861,0.9875418246945769,0.984788894502238,0.9922941430401275,0.9873159795763431,0.9909647267317226,0.987497549755157,0.9771280435582449,0.9992088246169847,0.9751879117048483,0.9895314957269603,0.9825409770262433,0.9992291463276118,0.9777212828442406,0.9764636881376287,0.9796943850624262,0.9981519493505076,0.9948104314659801,0.9881053148673876,0.9981446697620401,0.9885810456194007,0.9920458468986869
C,0.9877150833430598,0.9903577869988922,0.9840242398697611,0.9493663510113237,0.9712385021730402,0.9997814975954202,0.9967832855077486,0.9997067173051276,0.9991345459462347,1.0000000000000002,0.9941460595955381,0.9991991612861292,0.9910842057729998,0.9936543673191297,0.9919176782454068,0.9980807694783908,0.9836340428562779,0.9918854237199173,0.9989294998247691,0.9978828097775067,0.9982094493246492,0.9997477375243325,0.9935267799743934,0.9951043286718905,0.9935563777823516,0.9984668108867573,0.995375008369747,0.996466780781856,0.9964137476634692,0.990703873365504,0.9854530442118481,0.9985387521477262,0.9952402676557549,0.9935491431301415,0.9999610498265094,0.9997631817217814,0.9979560118033154,0.9885241650187012,0.9907813598897038,0.9713560567853196,0.9837697219135849,0.9766752380267488,0.998549782711703,0.9998633292227368,0.8882686468686667,0.9907745476923809,0.991797452669521,0.9900952442324416,0.9952959885773308,0.9912276544052413,0.994399833510678,0.9825041870454899,0.9834144811615547,0.9992038854773739,0.9778349446506617,0.9930400093679468,0.9874384966944946,0.9999473572044705,0.9819665658490527,0.9827317911824142,0.9863051684630372,0.9995887971925493,0.9973911747938661,0.9925548745351747,0.9996376115353791,0.991606635776219,0.9956839698500037
CFG,0.9986769695199814,0.9995045056047289,0.9894911917362903,0.925257633918973,0.9490710311803343,0.9960787241129307,0.9992358775793014,0.9944566711760342,0.9905623623240928,0.9941460595955381,0.9999999999999998,0.9976347765591814,0.9992517840879538,0.9987938253929488,0.9988174636916722,0.9954177197781244,0.9932004665631307,0.9992690838755172,0.9976136510590814,0.9908964631120641,0.9980796749155414,0.9948339913593486,0.9993474223401901,0.9999034401897486,0.9998767640446894,0.9976595867798858,0.9795233033896473,0.9994254276265762,0.9995923037907389,0.9990409925128585,0.9942736136404363,0.9936411471201775,0.9955879257693508,0.9998193832726017,0.9937346701929308,0.9958818818281496,0.9983039428064006,0.9987956359849377,0.9992129391408738,0.9512751412222659,0.9964248900503617,0.9915196014321924,0.9925121542987543,0.9946065320171347,0.8920919638290942,0.9970245843009538,0.9997662673357594,0.9990432998232922,0.9991522629239825,0.9996156425814013,0.9999579149245574,0.9584877442450034,0.9965360762042174,0.9899466142292995,0.9892757940743253,0.9996451161917791,0.9982250513272484,0.9940612365572785,0.9938611839613491,0.9964361385307902,0.9972241275491086,0.9966354334658163,0.9980007854563487,0.9994927921802998,0.9963129522278563,0.9992130271799226,0.9996998414241873
CFR,0.9931246533296649,0.9950779683412571,0.9877087914371578,0.9420197938547179,0.9645278578069467,0.9997632418911251,0.9990685432975758,0.9992096817160873,0.9974333008393522,0.9991991612861292,0.9976347765591814,1.0,0.9953037268926354,0.9969666427619396,0.9958091415582377,0.9986112999824164,0.9886669576090229,0.9959991891222938,0.9998139777502189,0.9968602206266362,0.999508364430711,0.9993725796464387,0.9971539387714049,0.9982495115986649,0.9972427286300185,0.9995712089996883,0.9909378894331541,0.9988157264373607,0.9988777961947365,0.995267224545626,0.9901855493201703,0.9978675580591366,0.9970422400741334,0.9972123128482208,0.9990160800118794,0.9997254396305026,0.9994585510791599,0.9936070913543349,0.9951370471426417,0.9656984873798923,0.9898431563835783,0.9832734637468947,0.9979099718851983,0.9992676383206892,0.8916000847046355,0.9942402124228495,0.9960418203426309,0.9946678473921232,0.9981924538217941,0.9957054864484886,0.9977660072293331,0.974978325532003,0.9895851502391697,0.9971102906114427,0.9835798141348606,0.9969006703238079,0.9928231030678994,0.9991554716697034,0.9878241195012719,0.9891312081534999,0.9915154457651061,0.999858376214095,0.9990545496740982,0.9963705044356526,0.9997777450436335,0.9958509607648524,0.9984907303464213
CIT,0.9988587759343966,0.9993929805895725,0.984754730258035,0.9129399639549175,0.9413829780043025,0.9933781577604232,0.9972821117902911,0.9910042965346381,0.9861224898632313,0.9910842057729998,0.9992517840879538,0.9953037268926354,0.9999999999999998,0.9983790832158633,0.9990323659314324,0.9920012152294604,0.9939488478163817,0.9990893588291444,0.9956663372156983,0.9858104246505172,0.995640474765658,0.9914902475765978,0.9981973147612925,0.9987315635013041,0.9988835790390121,0.9948576271036883,0.9739571418511516,0.9983699437752517,0.9986813980298267,0.9978712655797671,0.9936484518794702,0.9913513270372722,0.9924476322360288,0.9993560762715543,0.9906174653509976,0.9929641218921825,0.9961530837206612,0.9994655052028864,0.9995452494710552,0.9405493250027388,0.9975171079775934,0.9949257191396325,0.9881628822996973,0.9919482346949279,0.8887827692641319,0.9972897002955292,0.9995646425182384,0.9997036405548666,0.9977848592443935,0.9990203899982601,0.9991357631457335,0.9505460204042028,0.9980562311726715,0.986122878165624,0.9888416526782834,0.9988365196515407,0.99859800281959,0.9909539442491067,0.9944127208042307,0.9977413461660228,0.9988277247917297,0.9941070747750278,0.9963844400513908,0.999311006921195,0.9939107978464278,0.9980020163997965,0.9989514873865581
CMA,0.9975316106298713,0.9983638458079782,0.9850698053136607,0.9158524455420055,0.9458638174381072,0.9951998127400395,0.9975562213741079,0.9938415315173452,0.9895847079035719,0.9936543673191297,0.9987938253929488,0.9969666427619396,0.9983790832158633,1.0000000000000004,0.9992991113602674,0.9945634600894486,0.9962777981110289,0.9996299238669081,0.9975862674868348,0.9890945600427826,0.995988700883383,0.9943924132401006,0.9994053124105048,0.9987371421205379,0.9981454128567859,0.9958009966164888,0.9788530619520939,0.9978177240052958,0.9985666031567114,0.998045630508118,0.9931075578875029,0.9919622500271756,0.996715154551974,0.9993605614602541,0.9931803019653196,0.9952532305391051,0.9968351197573024,0.9981382300989847,0.9979503607965194,0.9461064601237456,0.9975012926597273,0.9927935974243828,0.992579660740818,0.9943231069539843,0.8912049899327211,0.9955200663429139,0.9983823908761525,0.9986957440359121,0.9995837400819455,0.9984327554643907,0.9984609138024192,0.9555221091763462,0.9970702541901308,0.9887199351829166,0.9883311937172564,0.9992960485550431,0.9984381250907549,0.9935399642363497,0.9946114273599296,0.996631211736927,0.9971511893939529,0.9957637543934924,0.998974103843247,0.9979451888066281,0.9961524530762885,0.9977724240780029,0.9992667485321762
CNND,0.9986116352421859,0.998760691868402,0.9833465531594298,0.91037780119142,0.9452728445944852,0.9938290903443455,0.997205198255309,0.9922892898367681,0.9873552921450544,0.9919176782454068,0.9988174636916722,0.9958091415582377,0.9990323659314324,0.9992991113602674,1.0,0.9931153498829027,0.99667586243988,0.999492349724256,0.9966927154132104,0.9868989171205649,0.9952440940635112,0.9925207522443068,0.9988231939243724,0.9986583641574872,0.998130646188473,0.9950807535152101,0.9758325387027099,0.9979530141109519,0.9981879002868875,0.9978269527288792,0.9955266326830872,0.9912990809631952,0.9943007804707225,0.9993293348801423,0.9916285553679933,0.9938090052256608,0.9967661813357167,0.9991078107983765,0.9989159585634161,0.9408380577216913,0.9980608168697688,0.9945282227608775,0.9897455667143332,0.9930396851237766,0.8977324476444029,0.9941965786296968,0.9987303010272996,0.9992371905391797,0.9986658690994493,0.998450597365615,0.9987005824574575,0.9514336879859523,0.9981078372937405,0.9870920665098722,0.9913829857443694,0.999239480267368,0.998410260273631,0.992018042357472,0.9962071761002188,0.9971591316445053,0.9981162963974848,0.9947527982312035,0.9978513164691332,0.9987465540534789,0.9947039457781383,0.9973188698946407,0.9990675655597238
COF,0.9909477623931975,0.9924831901752168,0.9908110911109008,0.9498146353242767,0.9720969588107791,0.9983467323702782,0.9981221385241329,0.999083801569733,0.9980673062368133,0.9980807694783908,0.9954177197781244,0.9986112999824164,0.9920012152294604,0.9945634600894486,0.9931153498829027,0.9999999999999999,0.9879245868933785,0.9931632728215867,0.9980681996225064,0.99852409764541,0.998114466080745,0.9991098733740859,0.9959349852569961,0.996455960540024,0.9951992613055152,0.9988600613674699,0.991741433886275,0.9963039590117245,0.9965984114738405,0.9943245447499914,0.9913300642968627,0.9947594167636434,0.9980611797656278,0.994465850007334,0.9978308816094512,0.9989852301597398,0.9984216975450283,0.9900939572007672,0.991283154520085,0.9733827329364696,0.9868781860447915,0.976287809850046,0.9989144011661583,0.997755462026831,0.9081726101713995,0.9903620819973071,0.993233100540553,0.9908814910726418,0.9967657324610637,0.9935592525738154,0.9956520589211246,0.9766848125558197,0.985807518013628,0.996057910239727,0.9859917100852508,0.9953221922869804,0.9904702394150647,0.9982679683776381,0.9880661089388205,0.9851840931111611,0.9862515840761575,0.9985753420663105,0.9976967127893074,0.9928428198111574,0.9986341641146963,0.994866177468011,0.995895510194144
DFS,0.9951555853307396,0.9940829042517668,0.9775948131660668,0.890948231112024,0.9359378569570217,0.9855660197891528,0.990761068775622,0.9849102479337772,0.9788423904931745,0.9836340428562779,0.9932004665631307,0.9886669576090229,0.9939488478163817,0.9962777981110289,0.99667586243988,0.9879245868933785,0.9999999999999998,0.9958501331499302,0.9902165658603191,0.9787306558406791,0.9867658446689954,0.9853499067770553,0.9955556047844294,0.9929760500726977,0.9920242102477659,0.9872663333890023,0.9651499669892097,0.9905488682120002,0.9917645503294226,0.9944042567563441,0.994633324518419,0.9804027850223381,0.9920719935196057,0.9942828396990068,0.9830850093384427,0.9864437864891878,0.9897687693391817,0.9947953002687627,0.992798348444982,0.9282380066420224,0.9973992811328014,0.9915790630101169,0.9836809456744995,0.9849042123168165,0.9108625744005454,0.9865156190496063,0.9930999812722919,0.9945416872032796,0.9949556824000781,0.9937814659248011,0.9927376681461928,0.935345154158364,0.9961960084827421,0.976627633624941,0.9935433408580341,0.9955489487983072,0.9963734315022008,0.9838418305702792,0.9985043899018315,0.9946956749173728,0.9933156513360637,0.9869461033699756,0.9937861554006145,0.9919801426829229,0.9878162084633371,0.9930071805775929,0.9933966769858182
EWBC,0.9988683314292676,0.9994177270251853,0.9860931378559628,0.9131023210684288,0.9412612929564265,0.9939420189872852,0.9975147286903333,0.9921560429065901,0.9873910988167085,0.9918854237199173,0.9992690838755172,0.9959991891222938,0.9990893588291444,0.9996299238669081,0.999492349724256,0.9931632728215867,0.9958501331499302,1.0,0.9965099430817472,0.9874010444006113,0.9957277289374289,0.9926899435682702,0.9994299076445451,0.9990255116385398,0.9988675771763309,0.9953228803191017,0.9753469273127482,0.9979706869392386,0.9984787509839542,0.9988199022425925,0.9937375822712139,0.9909371989381858,0.9953231796502924,0.9997703410000722,0.9914084691873215,0.9938194988502251,0.9964495054989466,0.9993331148607134,0.9990880341459983,0.9426967819690175,0.998485512388755,0.994444297458723,0.9904695890987353,0.9926413011037482,0.8889860081791673,0.9959798869337637,0.9993221577672264,0.9995511987421929,0.9991918542276869,0.9993520705368351,0.9989718413351812,0.9513412631579955,0.9983655252136028,0.9866823724581265,0.9892930848988286,0.9996051714782287,0.9992657740915699,0.9917598620766676,0.9952019492158255,0.998160966135748,0.9984076286092944,0.9946234313871357,0.9978439914582927,0.998924165469477,0.9946433329697836,0.998467371779693,0.9992450300634196
FCNCA,0.9934200864828456,0.9951715104293485,0.9854890494431192,0.9366704669362699,0.9633999027368968,0.9994669608707126,0.9987168570881504,0.9988930275623792,0.9967213369663717,0.9989294998247691,0.9976136510590814,0.9998139777502189,0.9956663372156983,0.9975862674868348,0.9966927154132104,0.9980681996225064,0.9902165658603191,0.9965099430817472,1.0,0.9957530456080015,0.9989175645076028,0.9989940008555518,0.9972975926290426,0.998189878527014,0.9969750435524074,0.9990489623287891,0.9901795794886008,0.9987756550184124,0.9988068798978085,0.9950859849853809,0.9908159450941039,0.9977625695498904,0.9968376306829108,0.9974720166942223,0.9988122203384262,0.9994540355421011,0.9993364888074864,0.9941490661064324,0.9955142320829979,0.9619738576057644,0.9907975259619886,0.9849710132849362,0.9972777144589702,0.9992628234971445,0.8929024207164852,0.9936366851526416,0.9960697731369965,0.995197553451818,0.9983977726683161,0.9956295487712491,0.9977200358295732,0.9730477698394913,0.9905548471914538,0.9966762991946791,0.9844037402499229,0.997110807341437,0.9932022975421899,0.9989348143186663,0.988846271263022,0.9897744963599597,0.9923951341088608,0.9996726574687076,0.999462330640823,0.9965881339289516,0.9996927612226313,0.99542384753941,0.9987342911630155
FFIN,0.9842460395664152,0.9867225445661093,0.98961898431867,0.9633559798753691,0.9776936616241622,0.9975559897951762,0.9952457947058005,0.9987688274538565,0.9993780903846362,0.9978828097775067,0.9908964631120641,0.9968602206266362,0.9858104246505172,0.9890945600427826,0.9868989171205649,0.99852409764541,0.9787306558406791,0.9874010444006113,0.9957530456080015,1.0000000000000002,0.9966735092777902,0.9986316647899358,0.9909898944397916,0.992417293790162,0.9909747883427522,0.9975452848867338,0.9956978412707338,0.9929748872998818,0.9928323795956768,0.9890947410648148,0.9844279529059482,0.9946929783791032,0.9951513410650017,0.9895103421288245,0.9977974158689487,0.9980731514709078,0.996117583064447,0.9834370729846417,0.9857290357364659,0.9827348428229692,0.9784266134599247,0.9665493720636629,0.9990746976459687,0.9970814258091261,0.8989072448080687,0.985878000955987,0.9880207335355058,0.9845671862648877,0.9924158052671931,0.9882974395865669,0.9913130516485423,0.9855254096634366,0.9773501530933026,0.9976189737339858,0.9775146898704828,0.9901082545245956,0.9832879671241429,0.9980422268666662,0.9789102500606638,0.9770740142912694,0.9790194465058588,0.9973561829885944,0.9940909604392019,0.9880973255258142,0.9970969816136637,0.9900724708288846,0.9916558514245186
FHB,0.9939472859691781,0.9958114362529511,0.9903646317216642,0.9451538450474926,0.963068324290026,0.9991947421250514,0.9994858810409529,0.9983425661842157,0.9965409871234374,0.9982094493246492,0.9980796749155414,0.999508364430711,0.995640474765658,0.995988700883383,0.9952440940635112,0.998114466080745,0.9867658446689954,0.9957277289374289,0.9989175645076028,0.9966735092777902,1.0,0.9984754422357395,0.9969454372642031,0.9985999185390576,0.9980945445124786,0.9998472080987646,0.989179012665681,0.9991632290839502,0.9989601477091072,0.9959357040142741,0.990494703551731,0.9974889859225639,0.9958806785196436,0.9972939918245521,0.998007326669538,0.9989829769745929,0.9995075589597356,0.99408411016561,0.995798350942334,0.9666154637747206,0.9895658946464461,0.982955783571321,0.9967688404918845,0.9981619079829553,0.8901687434311523,0.9950447206446741,0.9967965029771326,0.9948605710800106,0.9975874321837584,0.9964426868507669,0.9983192418756393,0.9739319577534836,0.989627022313713,0.9962171143305228,0.9839397829289498,0.9969314284489114,0.9929466829786554,0.9981581336907276,0.9873972160297414,0.9895465455909923,0.9916886131154107,0.9993184655673827,0.997770615310063,0.9970789832395037,0.9987863050205485,0.996698799348826,0.9983080358691431
FITB,0.9889796771090094,0.9913329483793093,0.9870350591870688,0.9501771548973791,0.9713454233233136,0.9996666382478437,0.9975283177586693,0.999920889906917,0.999243261959795,0.9997477375243325,0.9948339913593486,0.9993725796464387,0.9914902475765978,0.9943924132401006,0.9925207522443068,0.9991098733740859,0.9853499067770553,0.9926899435682702,0.9989940008555518,0.9986316647899358,0.9984754422357395,1.0,0.9947798415096719,0.9958461443996293,0.9943914259699155,0.9989178920717293,0.9946361837480676,0.9965826360094929,0.9967013760068331,0.9923325240092358,0.9873628416513588,0.9974926602755672,0.9969446151846556,0.9941671046705121,0.9996116091987822,0.999892894846061,0.998330171696518,0.9892310588976994,0.9910868074962779,0.9728993338252904,0.985164733981962,0.9766352334593131,0.9993578595122511,0.9994886268445098,0.8940732813721216,0.9909738915069758,0.9925143784719993,0.9905699924581595,0.9962589736362326,0.9923467392679898,0.9950310383097809,0.9810440476808321,0.9844588844685844,0.9984678929327034,0.9803597930903342,0.9941504265892205,0.9888206530370266,0.9997526270691232,0.9840508263643989,0.9839028300728209,0.9864632607134539,0.9995624342398205,0.9979417659192904,0.9927936306452205,0.9996817414460527,0.9931003765019033,0.9960393317709764
FMAO,0.9984225806795168,0.9990147123788478,0.9901246857303505,0.922970766958384,0.9487302744653234,0.99529329349587,0.9986704193399226,0.994317588293067,0.9903550895987608,0.9935267799743934,0.9993474223401901,0.9971539387714049,0.9981973147612925,0.9994053124105048,0.9988231939243724,0.9959349852569961,0.9955556047844294,0.9994299076445451,0.9972975926290426,0.9909898944397916,0.9969454372642031,0.9947798415096719,1.0,0.9994339707736825,0.9991355107076552,0.9969231854266871,0.978951420985486,0.9980991662947729,0.998707377132398,0.9994800923763488,0.9949489184163519,0.9914124542856478,0.9976745726095387,0.9994363390242362,0.9930107722162752,0.9955197850328678,0.9975845129078427,0.9981488191195654,0.997935981054794,0.9515978011198585,0.9972464009257193,0.9905670342442294,0.9934682209613833,0.9939152609799023,0.897853931353279,0.995455383618961,0.9989220069794327,0.9983329718419599,0.9997722275267223,0.9993319991327824,0.9991240717891294,0.9565358016115353,0.9966520822228556,0.9886725174477304,0.9906489186251335,0.9998752854956537,0.9987248564852995,0.9935136150461555,0.9954013378934141,0.9964975824369583,0.9961230624328337,0.995922377864211,0.9985929065145164,0.9981169738470732,0.9960043565065504,0.9992810908487566,0.9991541304281718
FMBH,0.9982589978712937,0.9991318967996312,0.9901437285228268,0.9287189928689459,0.9525397046598688,0.9968444775913372,0.9995989131228753,0.9955627935476337,0.9920102026125545,0.9951043286718905,0.9999034401897486,0.9982495115986649,0.9987315635013041,0.9987371421205379,0.9986583641574872,0.996455960540024,0.9929760500726977,0.9990255116385398,0.998189878527014,0.992417293790162,0.9985999185390576,0.9958461443996293,0.9994339707736825,1.0,0.9997981304288024,0.998368784988118,0.9815421961051757,0.9995203783567124,0.9996380711044289,0.9989798502836673,0.9945767578590209,0.9942255096394871,0.9963936798669376,0.9996664445227782,0.9947469797497961,0.9967538175375532,0.9989026498843794,0.9982401673160736,0.9987716825486512,0.9545061997166306,0.9957266973674195,0.9901020726417141,0.9938129380065576,0.9955165275249032,0.8949455181055642,0.99636729875552,0.9994397241145649,0.9985047748826462,0.999356631477027,0.9993557431018977,0.9999110528979487,0.9612324069171033,0.9957097818571689,0.9912464895784892,0.9895171686789712,0.9996233612559474,0.9976898247825566,0.9950982481895541,0.9936116666847815,0.995515696367721,0.9963216410602167,0.9973941103172576,0.9984443724507627,0.9992259005641247,0.9970441709144535,0.9991193119514121,0.9997150013088897
FNB,0.9986585947951476,0.9995078384024932,0.9910581280333963,0.9275207023939978,0.9483386311103599,0.9956440216626092,0.9991983616221978,0.9939923604774753,0.9901994251876406,0.9935563777823516,0.9998767640446894,0.9972427286300185,0.9988835790390121,0.9981454128567859,0.998130646188473,0.9951992613055152,0.9920242102477659,0.9988675771763309,0.9969750435524074,0.9909747883427522,0.9980945445124786,0.9943914259699155,0.9991355107076552,0.9997981304288024,0.9999999999999999,0.9976220375335573,0.9787840759770364,0.9991597065927026,0.9993066293353631,0.9992270892431264,0.9939788298589511,0.9929552221248792,0.9953292068365525,0.9995443849679121,0.9931023626050602,0.995417716467595,0.9980421174113878,0.9985415742910039,0.9989964547724917,0.9525785464363739,0.9959601919848734,0.9906095508395769,0.9922290882230655,0.9938935059640268,0.8912159500389256,0.9971325269574249,0.9997400394431049,0.9986836270147877,0.9987745961831292,0.9996987080102789,0.999848073207247,0.9581882274474355,0.9961059079522857,0.9893544303768275,0.988913432812859,0.9994263032600997,0.9980388836798942,0.993476070760863,0.993236339829284,0.9962674787072168,0.9966976688126004,0.9961856820063968,0.9972655456341917,0.999323404361482,0.9957014962597753,0.9994834751364993,0.9992879098016004
GBCI,0.9935277378948606,0.9952130748385846,0.9906949730133976,0.9465677969077965,0.9662766728378496,0.999282187426348,0.9994684654202105,0.9989108507973359,0.9972746014590802,0.9984668108867573,0.9976595867798858,0.9995712089996883,0.9948576271036883,0.9958009966164888,0.9950807535152101,0.9988600613674699,0.9872663333890023,0.9953228803191017,0.9990489623287891,0.9975452848867338,0.9998472080987646,0.9989178920717293,0.9969231854266871,0.998368784988118,0.9976220375335573,1.0000000000000002,0.9902235178728449,0.9987761064542076,0.9985385839496691,0.9957747933501544,0.9914066965308105,0.9972373534337103,0.996586319147546,0.9968469775380768,0.9983204156528642,0.9992960277271707,0.9997074210034991,0.9933823103776197,0.9950163663308582,0.9686016318132186,0.9890865602155191,0.9814884017309989,0.9975451359257547,0.9984238677628838,0.8962627118852706,0.9935378730853364,0.9961360766646634,0.9940773690778382,0.9976107754014065,0.9959399253597572,0.9979459260505271,0.9750577882335161,0.9888980412731434,0.9966205193373917,0.9851816328232449,0.996810091525037,0.9924110406223111,0.9985377360242708,0.9879075752323887,0.9885803466779718,0.9905434684249187,0.9994835506044494,0.9980103278561817,0.9964013924712197,0.9989891028037559,0.9963870656706838,0.9979707088710204
GS,0.9688917874744852,0.972857996476321,0.9727468276812752,0.9663412245379112,0.9846161150181891,0.9933700938768867,0.9856302763007904,0.9950308756745534,0.9976107291205188,0.995375008369747,0.9795233033896473,0.9909378894331541,0.9739571418511516,0.9788530619520939,0.9758325387027099,0.991741433886275,0.9651499669892097,0.9753469273127482,0.9901795794886008,0.9956978412707338,0.989179012665681,0.9946361837480676,0.978951420985486,0.9815421961051757,0.9787840759770364,0.9902235178728449,1.0000000000000004,0.9842929749298346,0.9838769110176351,0.9744475564789028,0.9697548616433906,0.9928263868410517,0.9857366551647934,0.9782051910067991,0.9956790365730007,0.9936698936525512,0.9885315506085502,0.9696512157555331,0.9735147497680424,0.9835349839460479,0.9625904369055548,0.9522159337002746,0.9947172788169404,0.9945778636806879,0.8832471899410668,0.9750602055708749,0.9752642537816185,0.9720878032452764,0.9821698562900502,0.9745321726820757,0.9801593823099097,0.9951316237301209,0.9617271101347905,0.9977626725847379,0.9602799556287542,0.9778068443831528,0.9681942269326311,0.99548026027644,0.962580617912098,0.9605768354824181,0.9660786826842956,0.9926117287484255,0.9868386150812243,0.9767405274498598,0.9927553430396004,0.9760132944552763,0.9822497653006774
HBAN,0.9967495309717744,0.9980221127508464,0.9876854407196748,0.9317340912570393,0.9558439847599296,0.997938780700613,0.9994474683010793,0.9964205316302177,0.9932790094343931,0.996466780781856,0.9994254276265762,0.9988157264373607,0.9983699437752517,0.9978177240052958,0.9979530141109519,0.9963039590117245,0.9905488682120002,0.9979706869392386,0.9987756550184124,0.9929748872998818,0.9991632290839502,0.9965826360094929,0.9980991662947729,0.9995203783567124,0.9991597065927026,0.9987761064542076,0.9842929749298346,1.0000000000000002,0.9997747800802143,0.9971947933898467,0.9928367549914341,0.996698446232145,0.9947977144098771,0.9990545119243684,0.9962640999963881,0.9975866768389416,0.9992903373861951,0.9972712975740313,0.9984729655117902,0.9557868375118321,0.9935450525419857,0.9892102331360709,0.9938813647632155,0.9969331622101167,0.8904441417183283,0.9963027360704245,0.9987534625764576,0.9978262243053935,0.9984251346489124,0.998151165491907,0.9995891632952245,0.9657525431403683,0.99394345538897,0.9935300770744191,0.9869429715180345,0.9984864376149873,0.9957817888313192,0.9964095501292171,0.9910605701819597,0.9935434079387204,0.9957886205873925,0.9983430268905444,0.998194324988788,0.999163742567148,0.9978576252744888,0.9976346436306444,0.9996052552195198
HBHC,0.99697353117046,0.9983326477791638,0.9880170764910694,0.9305868936679733,0.9543024333304946,0.9978490945998376,0.9994151295395078,0.996332003776279,0.9931698585881878,0.9964137476634692,0.9995923037907389,0.9988777961947365,0.9986813980298267,0.9985666031567114,0.9981879002868875,0.9965984114738405,0.9917645503294226,0.9984787509839542,0.9988068798978085,0.9928323795956768,0.9989601477091072,0.9967013760068331,0.998707377132398,0.9996380711044289,0.9993066293353631,0.9985385839496691,0.9838769110176351,0.9997747800802143,0.9999999999999998,0.9977144918954589,0.9926194404872475,0.9958284411229118,0.9958546775581791,0.9993274898296947,0.9960566802352093,0.9975880150968172,0.9989674245229954,0.9974687306308799,0.9983651637807028,0.9555057511809799,0.9943968815952174,0.9896671726877116,0.9943608150920201,0.9967703923793941,0.8899105061332458,0.9972641646786123,0.9989344423108913,0.9981572556694517,0.999028240841436,0.9985132770064188,0.9996075894515155,0.9646683148324507,0.9945651865707349,0.9929572694379051,0.9868273857540002,0.9988815550723847,0.9966881949234144,0.9962898645086047,0.9917611409692576,0.9943189763149446,0.9960229559889204,0.9982086421267652,0.9986758929538088,0.9989295917148593,0.9980258534022743,0.9981950713858936,0.9997830694701909
HOMB,0.9991072418162473,0.9993457254757125,0.9924513921414654,0.922023826181856,0.9441207322284233,0.9930253654199486,0.9980467335761254,0.9918306124991461,0.9875114175990396,0.990703873365504,0.9990409925128585,0.995267224545626,0.9978712655797671,0.998045630508118,0.9978269527288792,0.9943245447499914,0.9944042567563441,0.9988199022425925,0.9950859849853809,0.9890947410648148,0.9959357040142741,0.9923325240092358,0.9994800923763488,0.9989798502836673,0.9992270892431264,0.9957747933501544,0.9744475564789028,0.9971947933898467,0.9977144918954589,0.9999999999999999,0.995281660761106,0.9887694431462121,0.996193735913068,0.9988809155839056,0.9900943287955463,0.9932201909077798,0.9963304813413526,0.9982753709463417,0.9978471814975274,0.9496885445589104,0.9973772963710414,0.9902359179913853,0.9910096854065188,0.9909892421079676,0.8979962360621294,0.9952067581204016,0.9990375726497686,0.9980330521870925,0.9986694352410966,0.9996726933854414,0.9988374840617731,0.9515053796249314,0.9968821746987148,0.9853875209626997,0.991615028551052,0.9995305499590547,0.9989700054748137,0.9906881398440606,0.9956741545542711,0.9971250060252236,0.9958622309508148,0.9937727376823567,0.9965124725760751,0.9979025846305961,0.9935286025897184,0.99979551898482,0.9980782944871428
HTH,0.9961143047196644,0.9944847636095322,0.9856093697162359,0.9125262511396975,0.9528984931516429,0.9876823185241881,0.9939281952068895,0.9878072573206009,0.9828475462722833,0.9854530442118481,0.9942736136404363,0.9901855493201703,0.9936484518794702,0.9931075578875029,0.9955266326830872,0.9913300642968627,0.994633324518419,0.9937375822712139,0.9908159450941039,0.9844279529059482,0.990494703551731,0.9873628416513588,0.9949489184163519,0.9945767578590209,0.9939788298589511,0.9914066965308105,0.9697548616433906,0.9928367549914341,0.9926194404872475,0.995281660761106,1.0000000000000002,0.9834230308218862,0.990856978963506,0.993845842706646,0.9852975196162299,0.9885967353579695,0.993507535961134,0.9941929488138518,0.9933514470163376,0.9430221636980519,0.9934970807628709,0.9853210127662269,0.9851938180535448,0.9866169024751134,0.9320886762877275,0.985052719551478,0.9939228405853531,0.9931113523528573,0.9937874847078797,0.9943182942581895,0.9946239162295624,0.9448587725848803,0.9930200494053236,0.9806648511669454,0.9986392938988294,0.9956252406774111,0.9938771766510748,0.986261652149472,0.997850935149076,0.9912194620563015,0.9903846629182594,0.9893801996361667,0.9923397702105727,0.9933585068652933,0.9887951194090608,0.9943721458943509,0.9933476979661557
