Ticker,ABCB,ABTX,AJX,ALTA,ARI,AXP,BAC,BK,BOH,BOKF,C,CFG,CFR,CIT,CMA,CNND,COF,DFS,EWBC,FCNCA,FFIN,FHB,FITB,FMAO,FMBH,FNB,GBCI,GS,HBAN,HOMB,HTH,HWC,IBKR,IBOC,ISBC,JPM,KEY,LARK,MBWM,MCBC,MS,MTB,NAVI,NKSH,NTRS,OMF,OPY,PACW,PBCT,PGC,PNC,PNFP,PROV,RF,SCHW,SF,SFBC,SIVB,SRCE,STBA,STT,SYF,TCBI,TFC,TFSL,TSC,UMBF,UMPQ,USB,WAL,WFC,WSBC,ZION
ABCB,0.9999999999999999,0.9407718535837135,0.7105993703657645,0.9642178842585368,0.7117649698850487,0.8762314279630755,0.9360574518391085,0.9390580608586027,0.9382991705635976,0.9566223055778525,0.924111431022144,0.9433497983298729,0.9418878279267635,0.9347591463380472,0.9397891844134811,0.8963283112915357,0.9393184360367389,0.919585972088539,0.9384378282347055,0.9384640951755554,0.9367922971193097,0.9425205479581898,0.9572110030004016,0.941876978128301,0.9497143358270881,0.9531514331394229,0.9383198212752439,0.8242949476041765,0.9428351888062411,0.9497946553100893,0.8905655177229268,0.9426310037679057,0.7007652609446334,0.93317808989134,0.9453143858707702,0.9337229464437002,0.9600873540003066,0.9959747625971475,0.9714174502621942,0.939154065760205,0.8664209951660302,0.9391418728495992,0.7252118123020709,0.9450165525606415,0.934298384588299,0.6959977260208076,0.5693744897965272,0.9447410260080321,0.9402624875623483,0.950855945789917,0.9426620156665015,0.9390416116732381,0.935128279387864,0.9441680271847401,0.9290002388620484,0.9164346123321789,0.9935637327473826,0.9374588281435947,0.9505813340041578,0.9416943909139849,0.9466321423496709,0.9327658079560882,0.9869206508290727,0.9414051605797726,0.9327328468647864,0.9417946347797898,0.9401824782488474,0.9831418033690207,0.9414511229174434,0.9380296146521421,0.9580678195446135,0.9433396730307465,0.9398766952710672
ABTX,0.9407718535837135,1.0,0.7658306022835504,0.995301247887991,0.7507993025788672,0.9389780305592226,0.9910350622295114,0.9967738437333986,0.9977877726129191,0.9973966704157826,0.9822476810229147,0.9998209415100204,0.9995136106640407,0.9982588807567563,0.9978155225246234,0.9586469092988966,0.9948735583595265,0.9825430802992164,0.9990892266261387,0.9985975343912328,0.9984552710145435,0.9998377862439559,0.9967379562326809,0.999055412305868,0.9994178682702521,0.9987163718078672,0.9997676768750126,0.8857151055143665,0.9995283447578586,0.9981260632880216,0.9784751360162873,0.9997758144873031,0.765330266813848,0.9942417845902289,0.9983144189147365,0.9887625850922507,0.9969315068902078,0.966315752323196,0.99309902974393,0.999274515188727,0.9108271128728315,0.9988547754939601,0.7673302555748039,0.9973178346595928,0.9986343710454353,0.7460963697379674,0.6056427120199355,0.9943842630043936,0.9998940770266925,0.9991395017445664,0.9980398371544906,0.9996420311039386,0.9941747157276473,0.9998294889981305,0.9929598248687213,0.9819279374644538,0.9706180674296843,0.9987584857152608,0.9989114455405027,0.9993090908592238,0.9980279570866863,0.9842564459485663,0.9808080188100432,0.9989349990383692,0.9915126842999022,0.9985266824293975,0.9994271172040325,0.9838338508302494,0.9967688530271698,0.9988795336612377,0.9945322226916017,0.9987528380200834,0.9993778239130345
AJX,0.7105993703657645,0.7658306022835504,0.9999999999999999,0.7357678660597774,0.9892516312768656,0.8871183763089986,0.8367009960886869,0.8036425453548566,0.7382194487696248,0.7761425160283965,0.8631506766141225,0.7759914605340454,0.7616555569255827,0.795589374684542,0.7551708267727346,0.9075298951593577,0.8081964282007816,0.8194610399667406,0.7498408534229668,0.7451560739010216,0.7906882842616053,0.7568818389726618,0.7791434150993161,0.762933573516655,0.7714093220881973,0.7821755439595652,0.7743369183224649,0.9645260330454837,0.7706062110732841,0.7881839887304495,0.8285652701459939,0.7637097872527995,0.979545652232406,0.7917127912263382,0.79534065561177,0.8412698183626288,0.76930087266503,0.7221551207426398,0.7773359688434195,0.7481212875696754,0.95283229223133,0.7572465401340442,0.9815348493891899,0.7587889959498856,0.7593585102745172,0.9710739127802975,0.7994647687643135,0.7463582017729785,0.765583898513098,0.7630354131512442,0.7815238294416612,0.7806880708753229,0.7800601472429142,0.7606059220267445,0.8287294389513656,0.8159906753783793,0.7195483893227638,0.7458638982960092,0.7721103629002873,0.7627316289116244,0.7835821363825441,0.8316778726544201,0.7397425244546301,0.7927088230385558,0.8392996507378423,0.7428856736591255,0.7697758910893567,0.7345048406093687,0.7798934343507602,0.7436140242058241,0.795324410181355,0.7903462141580389,0.7503598380926642
ALTA,0.9642178842585368,0.995301247887991,0.7357678660597774,1.0,0.7205662274941872,0.9240587658907798,0.9838669942600594,0.9915033260401624,0.9961539439685435,0.997776363677147,0.9729663592914362,0.9952603708929602,0.9963827367435263,0.9908322029425615,0.9961359013639631,0.9445481776957304,0.9899001017899989,0.9771508991853081,0.9961304401068141,0.996138291169804,0.9925934808360203,0.9958458254068353,0.9974466357032635,0.99629861577154,0.9967771916466431,0.9959678368175772,0.9941761713149776,0.8656616169150934,0.9949690285812883,0.9952276439487733,0.9626286272955832,0.995966145022144,0.7352403995290689,0.9902752232840354,0.9939650120021771,0.9816398904225534,0.9984724063959938,0.9836875399715338,0.9964497230001944,0.994966202419462,0.89590884301026,0.9960402089312261,0.7436270426486263,0.9967303012190635,0.994442520161581,0.7191971613319992,0.5858215457070653,0.9923868487105629,0.9948499995719814,0.9975469972058196,0.9950973548285562,0.9939147742922082,0.99186878656443,0.9962016201140593,0.9838040596600025,0.9725017452218935,0.9874363830525376,0.9953462012372413,0.9973489880539057,0.9961873655501703,0.9954646313124378,0.9787879736820732,0.9926916091207852,0.9931932017346263,0.9831030680316781,0.9958912725294776,0.9953313784889825,0.9926531257331266,0.9945160029474887,0.9944900777004562,0.9948940375193422,0.9937044546218793,0.9962243177560726
ARI,0.7117649698850487,0.7507993025788672,0.9892516312768656,0.7205662274941872,0.9999999999999999,0.8604493687427593,0.8161168538152507,0.7823403347905341,0.7160661964739516,0.7587455744395206,0.8394680930082636,0.7609628181016762,0.743007299043965,0.7771260017474503,0.7331056917004594,0.8812735236488376,0.7890460033979515,0.7881410894033124,0.7305091935599808,0.7241073485681951,0.7735286422490997,0.7428493880786246,0.7607206869124119,0.7446831666836904,0.756199111937597,0.7702079730321069,0.7582606203348312,0.9341084190825476,0.7542428554646866,0.7746188201611847,0.8046971227775557,0.7468079120304456,0.9501677341622214,0.7697223644744843,0.7781060414522727,0.8182106908384456,0.7517647363245645,0.7172527822640072,0.765021834666641,0.732744078510102,0.9283967730817296,0.7368430338991802,0.9533576965894202,0.7397880562117203,0.7368522507980869,0.9467602021885458,0.7677902969414021,0.734141979852708,0.7509335920140193,0.746761243971678,0.7616112659901114,0.7658222068771361,0.7546548409793794,0.7452576367216254,0.8081713771327889,0.7940934856498464,0.7119908132960102,0.7259472580572616,0.7554415449434493,0.7453367255866856,0.7629344158285043,0.8087710094112075,0.7300050746834102,0.7765359063231818,0.8212688126015316,0.7253749771802696,0.7502681406295576,0.7292083044393911,0.755972639953451,0.7286333050411271,0.7759502801271811,0.7768651403442066,0.731698367872706
AXP,0.8762314279630755,0.9389780305592226,0.8871183763089986,0.9240587658907798,0.8604493687427593,1.0000000000000002,0.9620893998602605,0.9544518665684854,0.9281676131453076,0.9441699524282438,0.9691255331263232,0.9433908847370055,0.937243852008174,0.9536900362252527,0.9363426807319464,0.980578936876721,0.9637945972115199,0.9733285948634846,0.9323293954279228,0.9328461805562718,0.9518719218482595,0.9336944387090022,0.9441518235456942,0.9401370407605972,0.9401194926988174,0.942508683535714,0.9449098855186289,0.9559488035372226,0.9423694451060286,0.9488363901751692,0.9830213318508976,0.9382165487281763,0.8798668427605534,0.9496622393426846,0.9495772615451294,0.9650825558718795,0.9403592444482438,0.899740764739305,0.9379119725118357,0.9308823027886792,0.9663149716043308,0.9384352974749207,0.8814841813018695,0.9353746008104351,0.939403399528538,0.9142012411783823,0.8357811926344091,0.9117992913510167,0.937316832254935,0.9361892340534557,0.9466033592737503,0.9447558568371209,0.9443501905647947,0.9387140229941738,0.959078220891124,0.9832215561171468,0.8987386695484852,0.9317532090162765,0.944198113920924,0.938017217682756,0.9475850361655032,0.9806586347330097,0.9101833440658756,0.9521283711735623,0.9604304346709114,0.9251741136448679,0.9431878497665158,0.9139543082512646,0.948106694976716,0.9283929018592932,0.9488217615911497,0.9478872018881151,0.9336409724440308
BAC,0.9360574518391085,0.9910350622295114,0.8367009960886869,0.9838669942600594,0.8161168538152507,0.9620893998602605,0.9999999999999999,0.998020478982869,0.9864849574374097,0.992995070065585,0.9983596323559418,0.9930566810880299,0.9913382633932109,0.9962112733813797,0.9892313254391845,0.9869114019630687,0.99505651873937,0.9893383361983652,0.9885419264384977,0.9878413006857351,0.9942117221082006,0.9892415617073466,0.9936853173725244,0.9903669955201505,0.9928795170753094,0.9934925326335081,0.9923667298453114,0.9383818536056053,0.9925711181531303,0.993479244179798,0.9820763802113313,0.9915563018486472,0.8412293836979395,0.9921089973579965,0.99684997109064,0.999728880335396,0.9920761443335647,0.9591633037695719,0.9905302734277666,0.9874999663617038,0.956701718141526,0.9897907758548469,0.8446277641215976,0.9887026154216084,0.9907642240658033,0.8156621280960534,0.6587747775079928,0.9843292829968303,0.9910144766736876,0.9916906988831091,0.9939643597878898,0.9931760103831577,0.9917353650102299,0.9903266138084634,0.9994274976147669,0.9836108775145251,0.9628212205544997,0.9880174741261412,0.9924165083741627,0.9905010475326185,0.9955749322748975,0.9912065177101378,0.9751524349369846,0.9956647227760971,0.9994736988216293,0.9874497235079314,0.9928694579643691,0.9742847265467766,0.9940049011651407,0.9861579019504658,0.9959592855899988,0.9940923973058529,0.9888702486920314
BK,0.9390580608586027,0.9967738437333986,0.8036425453548566,0.9915033260401624,0.7823403347905341,0.9544518665684854,0.998020478982869,1.0,0.9946106217680584,0.9975260758039397,0.9934762499267067,0.9978065717829153,0.9974086165624333,0.9989479738229423,0.9964035438229688,0.9764594527389784,0.9976848773507471,0.9910163400158511,0.995890981404435,0.9955003572854532,0.998332919310858,0.9955460682784337,0.9977381260368098,0.9969240892906902,0.9975583352682312,0.9971218560396449,0.997497496711307,0.9168945095758244,0.9973517073129723,0.9974348487169237,0.9829715607727652,0.9972139802083736,0.8072287129075525,0.9966065446655414,0.9994682664834433,0.997175220458917,0.9967397466865993,0.9637720077527614,0.9931914749044325,0.9943545278516408,0.9377244337903774,0.9967587428811997,0.8105110739197757,0.9957012073860441,0.9971838893444758,0.7854763913250479,0.6393155278846231,0.9901137124681277,0.9965510458161909,0.9969786469250597,0.9986441356478027,0.9977956672973051,0.9968482939029177,0.996342786601133,0.9983723894213655,0.9856074533944367,0.9681900542921482,0.9952134088237964,0.9976565581461272,0.9968992037469172,0.9993045304970226,0.9912894486224375,0.9793705894305726,0.9988891941772696,0.997683192485835,0.9943748829577559,0.9981868105101165,0.9791242483354557,0.9986723566550347,0.9933385502847224,0.9979319150088094,0.9978409354027616,0.9959443782712514
BOH,0.9382991705635976,0.9977877726129191,0.7382194487696248,0.9961539439685435,0.7160661964739516,0.9281676131453076,0.9864849574374097,0.9946106217680584,0.9999999999999998,0.9961961672994131,0.9767579211548414,0.9970717938532571,0.9991097167692634,0.9949645435412656,0.9991250027331899,0.9497480878201604,0.99131233341562,0.9818438210629503,0.9995988479620073,0.9998560979136565,0.9954319110274992,0.9979002645586101,0.9958342400271031,0.9984037873013506,0.9973074036288216,0.9949183281696227,0.9972378008170087,0.8721913734486683,0.9974057313251159,0.9944766600469449,0.9719733645337074,0.9984474464588297,0.7451404190554457,0.9932358305863735,0.9954166178427077,0.9847017388641729,0.9963093171632259,0.9651582585453359,0.9904165150006108,0.9981272614066524,0.897356983842183,0.9992177133364925,0.7478766033920143,0.997652746802954,0.999335817933721,0.7220568895148055,0.5849573707745904,0.9930017552394791,0.9975128481820484,0.9980350145387651,0.997066531367731,0.9964715219507859,0.9952528831631763,0.9980351176169564,0.9885805125130728,0.9762564543722725,0.9707869961546555,0.9994481647221004,0.9973362679038577,0.998380785339077,0.9971033719465,0.9796562505045678,0.980362848454561,0.9953634623457976,0.9859145915930762,0.9988339235398974,0.9985868260591129,0.9813316069956189,0.9972048901721658,0.9978287256354497,0.9929583966120424,0.994672531782149,0.9994733663271824
BOKF,0.9566223055778525,0.9973966704157826,0.7761425160283965,0.997776363677147,0.7587455744395206,0.9441699524282438,0.992995070065585,0.9975260758039397,0.9961961672994131,1.0000000000000002,0.9855882306395263,0.9981486227472892,0.9981705247520738,0.9962935737154526,0.9978170651546934,0.9635807087676138,0.9967272207124765,0.9873556968217273,0.9971098124684461,0.9967962631085477,0.9975377181679486,0.9968741985620497,0.9999055076773592,0.9984163989253764,0.9987265602225952,0.9985296301854159,0.9973032265395372,0.8952587799030597,0.9973447454075212,0.9988721239461684,0.9754497340641191,0.9978194385059722,0.774491155225068,0.9960344511031834,0.9985335413880748,0.9914773020314324,0.9997308458607859,0.9775979432603353,0.9972657816578544,0.9953878679625446,0.9211827365335812,0.9978758564313813,0.7814450746819355,0.9983177269946872,0.9967896873825486,0.7599806357056547,0.6238907018322472,0.9920028093399273,0.9968984990803808,0.9986479477520327,0.9988955493885074,0.9975388886520913,0.9964964469306954,0.9976146009938063,0.9925888854327976,0.9825475682468375,0.9813424503955158,0.9959278232262565,0.9995905025727371,0.9982202977818354,0.9990936703329427,0.9889051415043071,0.9888140778342691,0.9978727016272559,0.9926118625550824,0.9956521324719811,0.9980506181401617,0.9882984696308603,0.9984796106334185,0.9945029368446084,0.9988062700159875,0.9979667427775998,0.9970977387938006
C,0.924111431022144,0.9822476810229147,0.8631506766141225,0.9729663592914362,0.8394680930082636,0.9691255331263232,0.9983596323559418,0.9934762499267067,0.9767579211548414,0.9855882306395263,1.0000000000000002,0.9850949192222568,0.9828245614378825,0.9904093858142144,0.9809524456909169,0.9941774494941912,0.9908102214351681,0.9888939347826999,0.9792552162494762,0.9784272412569022,0.9879668552736559,0.9795619686373092,0.9867140669971084,0.9820245603510412,0.9845427144038557,0.985576864580234,0.9844335012247625,0.9561868302324874,0.9842953311998218,0.9864564189184694,0.98130692525252,0.9828834195492878,0.8684849206168556,0.9872073586839059,0.990873804614837,0.9989783122038742,0.9841001619011035,0.9473122849662657,0.9825148197063202,0.9772961732140679,0.9707157657427488,0.981314114700134,0.8717593292276321,0.9803479788498004,0.982722582069534,0.843115611101639,0.6838144207458698,0.9739293665396035,0.9821347155794459,0.9828466865714028,0.9874498649206382,0.9856360610592857,0.9863716273671366,0.981123448887779,0.9970035116993201,0.9812160910025002,0.95094580687254,0.9783976082782501,0.9844809293480604,0.9819984988918892,0.9891878218617974,0.9901911642048502,0.9645246102433973,0.9892696614326184,0.997714356803095,0.9772099623277328,0.9851066532287882,0.9621948967716382,0.9880364141510202,0.9755452981797501,0.9905437018671589,0.9872183532821767,0.9794298245008483
CFG,0.9433497983298729,0.9998209415100204,0.7759914605340454,0.9952603708929602,0.7609628181016762,0.9433908847370055,0.9930566810880299,0.9978065717829153,0.9970717938532571,0.9981486227472892,0.9850949192222568,1.0,0.9993551728570568,0.9988342489153781,0.9976222972628621,0.9630082930945639,0.9961716566555555,0.9844409022791133,0.9985591838692247,0.9980022371122207,0.9989331159665664,0.9994519544967625,0.9976283151085612,0.9989993057799956,0.9996677071658411,0.9993099615295307,0.9997484179277156,0.8929638152423106,0.9995472100592888,0.9988644652361653,0.9797512187550244,0.999660529628962,0.7748929190801984,0.9950374818119699,0.999144080404121,0.9909713478665381,0.9976050099966358,0.9679719620548585,0.9943396286136943,0.9985739701807574,0.9176935773184756,0.998610026895454,0.7775664241874859,0.997362943525705,0.9983257682182476,0.7564190696185967,0.6153578117274162,0.9941144004314614,0.9996988335019031,0.9992282064059335,0.9985415493537415,0.9998190873231197,0.9947997729209005,0.9996252561215676,0.9944551417561442,0.9835213181233885,0.9720066455815847,0.9980728122584492,0.9992929490979926,0.9992304104266796,0.998690651554964,0.9866263633341908,0.9820722871979424,0.9995572635150853,0.9934562522837912,0.9978533718862745,0.9994378332314284,0.9845516513819973,0.9973463567204749,0.9980186261775674,0.9960019967497349,0.9993572352430499,0.9988624002939773
CFR,0.9418878279267635,0.9995136106640407,0.7616555569255827,0.9963827367435263,0.743007299043965,0.937243852008174,0.9913382633932109,0.9974086165624333,0.9991097167692634,0.9981705247520738,0.9828245614378825,0.9993551728570568,1.0000000000000002,0.9978197864910342,0.9991757298405152,0.9586935623448014,0.9948933074337358,0.9844801567837997,0.9997453177528093,0.99951166337825,0.9981807170990727,0.9993036286724327,0.997802599060574,0.9994911211818086,0.9993097402712544,0.9980573517124282,0.9992471162733089,0.8860582958653831,0.999178387121116,0.9976992552890229,0.9766974932089385,0.9997627647089569,0.7642702130655543,0.9953955141432472,0.9983776347399432,0.9894557622088499,0.9978939398801151,0.9674301636576245,0.993413361466801,0.9988438129229271,0.9107185731402341,0.999639771343565,0.7672078986517106,0.998422179526404,0.9995260295223796,0.7428088594826759,0.6018380808036593,0.9943658115341022,0.9993065406626712,0.9994061035633892,0.9988543895510917,0.9990232062525279,0.9962227473950177,0.9994522605321894,0.9929321877344494,0.9806276808343675,0.9722976461941433,0.9992949561519779,0.9991767362037364,0.9995929118039814,0.9989050802404337,0.9843771177525407,0.9821940640667914,0.9984067362060877,0.9913107408849113,0.9989100749461433,0.9997888341033757,0.9835543928693874,0.9983100941687724,0.99836403109112,0.9957296122952908,0.9980298592591469,0.9997730736250491
CIT,0.9347591463380472,0.9982588807567563,0.795589374684542,0.9908322029425615,0.7771260017474503,0.9536900362252527,0.9962112733813797,0.9989479738229423,0.9949645435412656,0.9962935737154526,0.9904093858142144,0.9988342489153781,0.9978197864910342,1.0,0.9956567043157335,0.9725606593154259,0.9966127335309595,0.9874567737198011,0.996473272002117,0.9961608190048339,0.9984288869186791,0.9973645088965336,0.9960492630579029,0.9969703448344903,0.9982213276611617,0.9977065495547717,0.9988639122042583,0.9090798574926344,0.9988798301624253,0.997193194530882,0.9851379673137803,0.9983363250676366,0.7991603642702733,0.9942358827716445,0.9991360426130677,0.9948525624329234,0.9956020067215129,0.9609861514844148,0.9921537066411534,0.9967305409077194,0.9307779105495241,0.9968571590865755,0.8000376399208182,0.9944764563717757,0.99766215015285,0.7786055843958389,0.6358415697518158,0.9911640648538462,0.9982840400292771,0.9974797742597454,0.9975272766612647,0.9987764641905019,0.9940685719713078,0.9979569157449195,0.9976706755790268,0.9869460693423201,0.9649904454234373,0.996587784440761,0.9974841368941066,0.997187370008695,0.9984851801748019,0.9894249917794867,0.9769164782523287,0.9995892295086862,0.9960827003985482,0.9958550801553713,0.9987484031595597,0.9795769070454283,0.9969989050394541,0.9960016892089685,0.9956711255834828,0.9982264471188164,0.9970324517005804
CMA,0.9397891844134811,0.9978155225246234,0.7551708267727346,0.9961359013639631,0.7331056917004594,0.9363426807319464,0.9892313254391845,0.9964035438229688,0.9991250027331899,0.9978170651546934,0.9809524456909169,0.9976222972628621,0.9991757298405152,0.9956567043157335,0.9999999999999999,0.9562442139401158,0.9950088491456289,0.987300783704895,0.999375299088001,0.9992546024080445,0.9975152987092986,0.9973280407340159,0.9975012945157694,0.9995117410210276,0.9974306331500415,0.9957394201023368,0.9976470158098005,0.8828933682992813,0.9969219254138486,0.9967295959054883,0.9760351158216531,0.998181350371544,0.7564352435448659,0.9970970720675228,0.9967329064635776,0.9876394267338698,0.9971903085818735,0.9656683361523849,0.9910952419948073,0.9966149168610476,0.9070797050412756,0.9997869184899336,0.7606056016990346,0.9994454672864662,0.9991557391892174,0.7392468221877204,0.6058269204802701,0.9917399323154586,0.9972298595909952,0.9977360834933466,0.9989926433806963,0.9974758113367234,0.9981857235371799,0.9976745553036946,0.9904506920601609,0.9805560314705924,0.9712094653687563,0.9981080645813661,0.9985433302022803,0.9992362461061753,0.9981144145521098,0.9850059525470843,0.9803231024523266,0.9965781692445648,0.9892505282680195,0.9970351502248329,0.9987390632644076,0.9799332775467297,0.9989728590930895,0.9959834361113185,0.9949287449771849,0.9965965463561115,0.9988421471915894
CNND,0.8963283112915357,0.9586469092988966,0.9075298951593577,0.9445481776957304,0.8812735236488376,0.980578936876721,0.9869114019630687,0.9764594527389784,0.9497480878201604,0.9635807087676138,0.9941774494941912,0.9630082930945639,0.9586935623448014,0.9725606593154259,0.9562442139401158,0.9999999999999999,0.9754366229564145,0.9791867373000025,0.9534537058100881,0.9525627589644899,0.9686945743246094,0.9544113869016996,0.9651515808409734,0.9581773979535068,0.9615909392666361,0.9638203715175525,0.9626753024014338,0.9807572948978099,0.9620499808132651,0.9660654442409894,0.9760935252336088,0.9590994823464143,0.9126996546564846,0.9681189652907427,0.971809450171731,0.9890807874346154,0.9611141684977927,0.9192010664539871,0.960533678648136,0.9514458392072398,0.9892542312012592,0.9570038513135196,0.9148506121623626,0.9553842368550476,0.9592951314729439,0.8944761868526117,0.7395398825306162,0.9453809059593652,0.9583619079163043,0.9586525467788524,0.9664792008670928,0.9642024199420912,0.9656584147467557,0.9570949753593269,0.9843163193631077,0.9732191180179298,0.9215261159221882,0.9526841086671646,0.9619990732271385,0.9577645619938963,0.9688718920734776,0.9820127986489089,0.9369651228265148,0.9703137002222262,0.9858945849958338,0.9501545816613077,0.9628284734118117,0.9345827979223466,0.9676408275331084,0.9490879348166841,0.9717367982835781,0.9669599446875695,0.9539427069126118
COF,0.9393184360367389,0.9948735583595265,0.8081964282007816,0.9899001017899989,0.7890460033979515,0.9637945972115199,0.99505651873937,0.9976848773507471,0.99131233341562,0.9967272207124765,0.9908102214351681,0.9961716566555555,0.9948933074337358,0.9966127335309595,0.9950088491456289,0.9754366229564145,0.9999999999999998,0.9949176533600896,0.9934816306055886,0.9928621862363266,0.9985699709377115,0.9930787676060576,0.9964060743744786,0.9963872905277583,0.9950288200266499,0.9953984310309529,0.9961646814920987,0.9154414949647055,0.9945067704357615,0.9980769882491232,0.9884663317486951,0.9945074034119585,0.8010239752552817,0.9978971107505824,0.9972483470837165,0.9941980179342729,0.9949056768302239,0.9630470368480439,0.9907191966645408,0.9909760981930474,0.9369821454803348,0.9954467225483052,0.8057904241936515,0.995522588934705,0.9943991744434537,0.798329762549843,0.6727401129120896,0.9839458078139387,0.9939536355965647,0.9938605807524902,0.9979274404885261,0.9966889508281591,0.9963086917404771,0.9943519778877109,0.9946920491062605,0.9923265006936498,0.9665919988213633,0.9915656886992856,0.9970662322653303,0.995773353411717,0.9968706011168394,0.9964110506069902,0.9759016273734503,0.9976654651894521,0.9955240840115741,0.9895206864176734,0.9958387090034786,0.9762456949657419,0.9973767805589097,0.989761689045372,0.9957418846591432,0.9976031483574852,0.9932280906878886
DFS,0.919585972088539,0.9825430802992164,0.8194610399667406,0.9771508991853081,0.7881410894033124,0.9733285948634846,0.9893383361983652,0.9910163400158511,0.9818438210629503,0.9873556968217273,0.9888939347826999,0.9844409022791133,0.9844801567837997,0.9874567737198011,0.987300783704895,0.9791867373000025,0.9949176533600896,0.9999999999999998,0.9831287458720185,0.9832699568539373,0.9901225998079509,0.979422242790182,0.987583940119221,0.9869143668478788,0.9827894926814695,0.9820540870090538,0.9852778357175487,0.9281679352561257,0.9827591018501228,0.9875263095752655,0.9895406632595564,0.982846967269431,0.8173604944183496,0.9934564308364081,0.9876264959327519,0.9904815568881907,0.984813742609142,0.9455794010667742,0.977521867372715,0.9773479984578743,0.9444080198841533,0.9866926305038866,0.8225291886537577,0.9867692273715599,0.9861702858146444,0.8233158918285325,0.7124356113915365,0.9663604681937251,0.980858564928181,0.9816666287376044,0.9904567326194771,0.9853941087308544,0.9924628597723832,0.9819781081022639,0.9880242037120166,0.9920129295502579,0.9499358285609534,0.9807052914459625,0.9870230999694062,0.9853445592631691,0.9888241892764329,0.9971018317699942,0.9597161444842036,0.9876313277237212,0.9886374450525998,0.9762554340984773,0.9864133568312378,0.9570800026678907,0.992095162712523,0.9756450170989727,0.9877769786434273,0.9863458049950338,0.982203920153638
EWBC,0.9384378282347055,0.9990892266261387,0.7498408534229668,0.9961304401068141,0.7305091935599808,0.9323293954279228,0.9885419264384977,0.995890981404435,0.9995988479620073,0.9971098124684461,0.9792552162494762,0.9985591838692247,0.9997453177528093,0.996473272002117,0.999375299088001,0.9534537058100881,0.9934816306055886,0.9831287458720185,0.9999999999999998,0.9998258990152874,0.9974087805255762,0.9990159558097081,0.9966007366807599,0.9993801380059326,0.9983685587874326,0.9966864196489996,0.998703530271332,0.8777426476481498,0.998376495010104,0.996585473099498,0.9751160672436471,0.999266418108869,0.7524166738273917,0.9948964133155407,0.9969246562665067,0.9865364946173538,0.996791124872452,0.9650044340560086,0.9913187381687502,0.9987888228127098,0.9026507104094559,0.9997302573539265,0.754972947461483,0.9984697543306071,0.9995097898504303,0.7315538693534914,0.5927953552375422,0.993683722685733,0.9987785659630026,0.9986598322897939,0.9982144968197222,0.9983095069208228,0.9958862184174585,0.9990139973926214,0.9905824136285943,0.9787909481725112,0.9702992452198287,0.9994624048619266,0.9984431443232931,0.9994053251925884,0.9977866387185137,0.9820085768652973,0.9801200885541109,0.997129971628336,0.9886560344702613,0.9988706896967094,0.9993000892923937,0.9816292352194517,0.9976721743024517,0.9984440981916831,0.9937719382759442,0.9969112050814057,0.999845413756819
FCNCA,0.9384640951755554,0.9985975343912328,0.7451560739010216,0.996138291169804,0.7241073485681951,0.9328461805562718,0.9878413006857351,0.9955003572854532,0.9998560979136565,0.9967962631085477,0.9784272412569022,0.9980022371122207,0.99951166337825,0.9961608190048339,0.9992546024080445,0.9525627589644899,0.9928621862363266,0.9832699568539373,0.9998258990152874,0.9999999999999998,0.9966529455697098,0.9985754890281191,0.9963302785182847,0.9989631272812353,0.9980033966562928,0.995939384467618,0.9982688307190319,0.8760637489451495,0.9982436486182849,0.99570111774575,0.9751725792406893,0.999013339827749,0.7503498463628063,0.9939752335562841,0.9963564382087154,0.9860689684162176,0.9967166921474148,0.9652767032392455,0.9910990021576773,0.9986878952748737,0.9010810357549014,0.9995824766856186,0.7528069969659745,0.9979037944067503,0.9996427887667781,0.7300500059383526,0.5946987668208835,0.9927882342368359,0.9982746713435988,0.9984792182953405,0.9977142351905773,0.9975312935780749,0.9954397975142539,0.9987946781221981,0.9899065129278098,0.9791741547246223,0.9705161640104184,0.9996802519785696,0.9980869651943667,0.9988829142122603,0.9976752832820994,0.981898425753597,0.9801714202652624,0.9965870812774551,0.9874263987477544,0.9988952832439186,0.9992065699047669,0.9818258507415808,0.9976128984289105,0.9983714220220974,0.9935323990018504,0.9958862027079478,0.9998084118269613
FFIN,0.9367922971193097,0.9984552710145435,0.7906882842616053,0.9925934808360203,0.7735286422490997,0.9518719218482595,0.9942117221082006,0.998332919310858,0.9954319110274992,0.9975377181679486,0.9879668552736559,0.9989331159665664,0.9981807170990727,0.9984288869186791,0.9975152987092986,0.9686945743246094,0.9985699709377115,0.9901225998079509,0.9974087805255762,0.9966529455697098,1.0,0.9973571310679538,0.997021475469267,0.9987866414733702,0.9978345646407686,0.9976942177286787,0.9991440986973997,0.9029549408790015,0.9977551456352056,0.9991313777270335,0.9852691500010023,0.9979111920367227,0.7858948152374582,0.997782953248666,0.9987334332860783,0.9926619468244433,0.9961239189355031,0.9623516521389625,0.9915405496842934,0.9960023230351458,0.9254224158917426,0.9982089779045388,0.7887191283482473,0.9975375845477756,0.9975607732013329,0.7741743461851195,0.6379145313436794,0.9895212885392586,0.9978484993927521,0.9970190613856648,0.9991959933438871,0.9994349419292726,0.9966154033755444,0.9978186212187165,0.9952630585188201,0.9877231043121801,0.9665713002815713,0.9960759468806448,0.9986970593606982,0.9985442513928003,0.9981672315323774,0.9909901390465737,0.9768759675994452,0.9992702023332922,0.9950514844560481,0.9947339510077169,0.9985992908330917,0.9785857824678551,0.9980787215246787,0.9952468424297138,0.9953467232771307,0.9993232068564127,0.9972315685618871
FHB,0.9425205479581898,0.9998377862439559,0.7568818389726618,0.9958458254068353,0.7428493880786246,0.9336944387090022,0.9892415617073466,0.9955460682784337,0.9979002645586101,0.9968741985620497,0.9795619686373092,0.9994519544967625,0.9993036286724327,0.9973645088965336,0.9973280407340159,0.9544113869016996,0.9930787676060576,0.979422242790182,0.9990159558097081,0.9985754890281191,0.9973571310679538,1.0000000000000002,0.9961670831170737,0.9985560760505949,0.9993078238586013,0.9984867660953821,0.9993132009625161,0.8790471098395581,0.9993967360502932,0.9973365730454128,0.9752375999823152,0.9996758047614446,0.7572567616665535,0.9925484054469836,0.9975290274823498,0.9867383156282264,0.99671845599949,0.9677744636029709,0.9932233111872623,0.9996546818922163,0.9051945278193922,0.9984369069901841,0.7592757999994171,0.9967716334658133,0.99823683767543,0.7360699384232097,0.5939537505824479,0.9951660955556281,0.9998351355073194,0.999217796970751,0.9971105378855702,0.9990639946845649,0.9927749268563936,0.9998265989711105,0.9913704140158448,0.9791316830689561,0.9720423311329399,0.9989419931058365,0.9984459227564952,0.99892444122214,0.997323016849171,0.9814078714636956,0.9819593150744914,0.998120462851441,0.9896249410265764,0.9990664595943574,0.9990109499092772,0.9853516800408042,0.9957239572070589,0.9993938092310419,0.993706347839127,0.9979543656835003,0.9994144016580068
FITB,0.9572110030004016,0.9967379562326809,0.7791434150993161,0.9974466357032635,0.7607206869124119,0.9441518235456942,0.9936853173725244,0.9977381260368098,0.9958342400271031,0.9999055076773592,0.9867140669971084,0.9976283151085612,0.997802599060574,0.9960492630579029,0.9975012945157694,0.9651515808409734,0.9964060743744786,0.987583940119221,0.9966007366807599,0.9963302785182847,0.997021475469267,0.9961670831170737,1.0000000000000002,0.9978615944510628,0.9984044162228112,0.9981596081679669,0.9966622771232024,0.8984006703323072,0.9969084297998784,0.9983761950320537,0.9744202159788302,0.9973705527822715,0.7790818263407029,0.9958622256274666,0.9985065501863395,0.9923507883125047,0.9997475409989096,0.9778914771825253,0.9974593795340568,0.9946638460179204,0.9239021119982964,0.9973982723926514,0.7863572297200134,0.9979174833366787,0.9964737865879106,0.762269144507397,0.6233271080339259,0.9918300172815068,0.9962802405473428,0.9983953061390984,0.9987196265388149,0.9969421171718229,0.9966265195745073,0.9969659186420221,0.9930534705027827,0.981558735211351,0.9817376919454287,0.9954560367304125,0.9991977734306409,0.9976809373999654,0.999177268221529,0.9887798939678503,0.9893155160645326,0.9975041861558707,0.9930763554847135,0.9952741201628793,0.9977191884891323,0.9881225072231837,0.998553992969281,0.993713623184246,0.999285764424145,0.9974378998899373,0.9965641941526058
FMAO,0.941876978128301,0.999055412305868,0.762933573516655,0.99629861577154,0.7446831666836904,0.9401370407605972,0.9903669955201505,0.9969240892906902,0.9984037873013506,0.9984163989253764,0.9820245603510412,0.9989993057799956,0.9994911211818086,0.9969703448344903,0.9995117410210276,0.9581773979535068,0.9963872905277583,0.9869143668478788,0.9993801380059326,0.9989631272812353,0.9987866414733702,0.9985560760505949,0.9978615944510628,1.0,0.9985388910493123,0.9975751963504293,0.9989298915040915,0.8852882577113601,0.9980499221699548,0.9984293644041216,0.978612693530403,0.9989913640555836,0.7603665513777074,0.9972039562007896,0.9978179966717317,0.988422975876183,0.9975868084004526,0.9670683015621169,0.9924441840691874,0.9975423067467173,0.9100882522276065,0.9998053403910521,0.7642384132802146,0.999433929752986,0.9989101529866504,0.7462198001478528,0.6135452498249773,0.9926132645855769,0.998539810686697,0.998429339274403,0.9993040559223614,0.9989701718756331,0.9973419085043602,0.9988250771562402,0.9915931101655192,0.9831402615977546,0.9719092945913826,0.9980775845951859,0.9994195539256068,0.9998623788862316,0.9983692124735359,0.9866928190517794,0.9810043637119543,0.9981295907829475,0.9908664418513744,0.9972078911039329,0.999178873473678,0.9819043338787553,0.9985620990753229,0.996917391946381,0.9953486103328122,0.9984422080505058,0.9990848855873065
FMBH,0.9497143358270881,0.9994178682702521,0.7714093220881973,0.9967771916466431,0.756199111937597,0.9401194926988174,0.9928795170753094,0.9975583352682312,0.9973074036288216,0.9987265602225952,0.9845427144038557,0.9996677071658411,0.9993097402712544,0.9982213276611617,0.9974306331500415,0.9615909392666361,0.9950288200266499,0.9827894926814695,0.9983685587874326,0.9980033966562928,0.9978345646407686,0.9993078238586013,0.9984044162228112,0.9985388910493123,1.0,0.999562402750974,0.9990867448574963,0.8909824248919754,0.9995673156544754,0.9984472190491857,0.9759551303457961,0.9996441854527451,0.7728068055491655,0.993803958188687,0.9991064924008832,0.9908545966144088,0.9987119503351514,0.9729165950429819,0.9963560940063261,0.9985526583493167,0.9167451045027913,0.9982567365052372,0.7765818535054674,0.9971336058906282,0.9980543857494977,0.7514129640454984,0.6077498278200912,0.9950800337598179,0.9993987518743237,0.9998540830159391,0.9981731098620283,0.9990534090740876,0.99426038993456,0.9995453878147742,0.9938935647072,0.9810021702284505,0.976774128011693,0.9981847511245898,0.999350633912065,0.9988293720370447,0.9989936500685346,0.9852209107194687,0.9861342260924881,0.9990296073684993,0.9927179791713009,0.9984243048991877,0.9992668422334554,0.9880389533581951,0.9972559037995622,0.9980032864848748,0.9970952271976696,0.9986339775219731,0.9988167534101925
FNB,0.9531514331394229,0.9987163718078672,0.7821755439595652,0.9959678368175772,0.7702079730321069,0.942508683535714,0.9934925326335081,0.9971218560396449,0.9949183281696227,0.9985296301854159,0.985576864580234,0.9993099615295307,0.9980573517124282,0.9977065495547717,0.9957394201023368,0.9638203715175525,0.9953984310309529,0.9820540870090538,0.9966864196489996,0.995939384467618,0.9976942177286787,0.9984867660953821,0.9981596081679669,0.9975751963504293,0.999562402750974,1.0,0.998451176255607,0.8954868267350151,0.9987296589895482,0.9990115352608546,0.9758733818298744,0.998614841482922,0.7793672100342599,0.9933920042008979,0.9990430458032751,0.9912801569284452,0.9982950842446506,0.9747448474619009,0.9970844208775936,0.9971639827213573,0.9216300135681406,0.9967410291577132,0.7839433926921853,0.9962078173104425,0.9960767898751708,0.7601206378702925,0.6149096412093157,0.9943578430809005,0.9986814988471927,0.999051882767653,0.9975321015752384,0.9988315489877172,0.9929971276264261,0.998685921172746,0.9940205171684591,0.9813158500538557,0.9779926413466622,0.9961380050792942,0.9989589074377119,0.9979176383530936,0.9981986665715282,0.9860490985835555,0.9869478654927798,0.9989659081802051,0.9937747377155426,0.9966386438171538,0.998051653804838,0.9889836021180567,0.9960212937339681,0.9965123182526429,0.997167373658996,0.9990615299319761,0.9971858809435664
GBCI,0.9383198212752439,0.9997676768750126,0.7743369183224649,0.9941761713149776,0.7582606203348312,0.9449098855186289,0.9923667298453114,0.997497496711307,0.9972378008170087,0.9973032265395372,0.9844335012247625,0.9997484179277156,0.9992471162733089,0.9988639122042583,0.9976470158098005,0.9626753024014338,0.9961646814920987,0.9852778357175487,0.998703530271332,0.9982688307190319,0.9991440986973997,0.9993132009625161,0.9966622771232024,0.9989298915040915,0.9990867448574963,0.998451176255607,1.0000000000000002,0.8920974257548859,0.9994926901516545,0.9984118084632485,0.982214271020586,0.9994218031148183,0.7737812410413041,0.9949397767856938,0.9986199723901787,0.9904707596051118,0.9966141966879286,0.9643638996577354,0.9925572184943697,0.9987728411340908,0.9161537172524086,0.9987355689264756,0.7754359211030062,0.9969786032854169,0.9986488721937529,0.7574273936336956,0.6188560928292687,0.9922573184981726,0.9994874415423928,0.9986299438988571,0.9983631187651415,0.9997624941931438,0.9945141743287519,0.999548769975284,0.9942079714624225,0.98489926830071,0.9684608548800706,0.9984202202175682,0.9988764113456227,0.9989610367414492,0.9982357718252937,0.9868733651238194,0.9789184508083807,0.9993690711937381,0.9927354346751939,0.9976497421758691,0.999533187396802,0.9822128311513769,0.9972189064545837,0.9983393000837988,0.9946286831789629,0.9988873821739486,0.9989955274910506
GS,0.8242949476041765,0.8857151055143665,0.9645260330454837,0.8656616169150934,0.9341084190825476,0.9559488035372226,0.9383818536056053,0.9168945095758244,0.8721913734486683,0.8952587799030597,0.9561868302324874,0.8929638152423106,0.8860582958653831,0.9090798574926344,0.8828933682992813,0.9807572948978099,0.9154414949647055,0.9281679352561257,0.8777426476481498,0.8760637489451495,0.9029549408790015,0.8790471098395581,0.8984006703323072,0.8852882577113601,0.8909824248919754,0.8954868267350151,0.8920974257548859,1.0,0.8911592377110812,0.8991477288865245,0.9243167486978329,0.8864800669681642,0.9718748297821019,0.9051956816795451,0.9085841496690416,0.9430619667443633,0.8915021374411551,0.8437938700603757,0.8935796377084635,0.8742366282754045,0.9966339760001595,0.8832841044616074,0.9742567858721649,0.8823545320648191,0.8869848089020151,0.9479745937980166,0.7774918420921865,0.87016297479093,0.885499159040501,0.8863393508414439,0.8997581711316652,0.8952377090351814,0.9010773459990397,0.8828602151327283,0.9328973617274566,0.9166176010842089,0.8451285162840435,0.876271226117667,0.8915111790496674,0.8847741254583047,0.9033897412431624,0.931331963396591,0.8639380103358244,0.9051855292383884,0.9370645721154479,0.8730632561855594,0.8924269435862522,0.8571338637122526,0.9019428668825609,0.8706767584862829,0.9107423639625116,0.9005221089843991,0.8780923455514634
