Ticker,ABCB,ABTX,AJX,ALTA,ARI,AXP,BAC,BBT,BK,BOH,BOKF,C,CFG,CFR,CIT,CMA,CNND,COF,DFS,EWBC,FCNCA,FFIN,FHB,FITB,FMAO,FMBH,FNB,GBCI,GS,HBAN,HOMB,HTH,HWC,IBKR,IBOC,ISBC,JPM,KEY,LARK,MBWM,MCBC,MS,MTB,NAVI,NKSH,NTRS,OPY,PACW,PBCT,PGC,PNC,PNFP,RF,SCHW,SFBC,SIVB,SLFC,SRCE,STBA,STT,SYF,TCBI,TFSL,TSC,UMBF,USB,WAL,WFC,WSBC,ZION
ABCB,0.9999999999999998,0.999721623268064,0.8616689776103448,0.9989608705282919,0.8596200079881429,0.9655561391161006,0.9933557082581882,0.9991877339808141,0.9958897496915244,0.9987821689291727,0.9992269451765876,0.9874291558165011,0.9996633973514294,0.9994834676075273,0.9987861672486859,0.9985467704658547,0.9727575988298544,0.997464185156273,0.990575909535534,0.9991774815138599,0.9992757361702795,0.9992254991355998,0.9994989191758725,0.9988844803642717,0.999329452565127,0.9994338436204895,0.9993513343723036,0.9998526898980452,0.9285916281679326,0.9997055950631718,0.9994116050877413,0.9918482213585702,0.9996210692119755,0.8609806734095466,0.996521451933373,0.9986003490466547,0.9922431367723101,0.999456253677765,0.9999389383401763,0.9992751257380562,0.9993344752845291,0.9432371818058443,0.9992354721207967,0.8613654884248552,0.9981954575223883,0.9994795892053565,0.7582674416992284,0.9941391849593586,0.999495402712852,0.9995775703163682,0.9987083354197206,0.9994248847405635,0.9998251214919095,0.9946584927898477,0.9995320898672689,0.9995134120046428,0.8523779605376907,0.9996541359315814,0.9992679594767894,0.9989353910302993,0.991671900221441,0.999378386388564,0.9933419221862789,0.998903863109254,0.999711790030064,0.9982187902360609,0.9990890378662312,0.9977025331977373,0.9992935941749997,0.9995107637110504
ABTX,0.999721623268064,0.9999999999999997,0.8610220874284822,0.999139695828451,0.858976285790803,0.9617873035094032,0.9936073987742947,0.9992026392137165,0.9957247363930289,0.9991233376942474,0.9992217144967349,0.9875471734079809,0.9998883561483503,0.9998144025124837,0.9988487452676251,0.9987037328198037,0.9721839820057695,0.9967682188335645,0.9890378069540853,0.9995200144650821,0.9994522047621922,0.9990939808106535,0.9999020355252309,0.9989674361290646,0.9994029693116285,0.99954534020424,0.9996748318305536,0.999871878107336,0.9280625952386008,0.9998644763824072,0.9993170317477286,0.9895309516875312,0.9999640231898448,0.8609627315298768,0.9965033613286366,0.9988703420972418,0.9922990913524463,0.9995330068289485,0.9996979805587071,0.9994473346266077,0.9996881912869311,0.9426352208779415,0.9993231322629998,0.8611279180267697,0.9984135745037449,0.999645512367491,0.7469834529959033,0.9962278168890447,0.9999280701102913,0.9999684440178787,0.9987580269901878,0.9997284653305648,0.9999537814104681,0.995043438374341,0.9996174004434862,0.9997949954416266,0.8478913560156283,0.9996027562698281,0.9995724690269312,0.9990715854721104,0.989856755496079,0.999904822453435,0.9937808689445871,0.9996204948383914,0.9998194570101822,0.9981671244887592,0.9994563311903377,0.9978759304453232,0.9994687523460317,0.9997830382560169
AJX,0.8616689776103448,0.8610220874284822,0.9999999999999998,0.8445662377539868,0.9977310991945557,0.9384504528371304,0.9121596750757156,0.8798850226661719,0.9010288028372088,0.8458921288597857,0.870873923673852,0.9288614447378162,0.868247004344934,0.8602093790692841,0.883499959771039,0.8550761530325536,0.9548915738312693,0.8881032828056533,0.8979705448798849,0.851389871968924,0.8496789578112114,0.8764361029316629,0.8552080926688516,0.8741305492930447,0.8584145068495065,0.8754435575004255,0.873270729481979,0.8668513674698878,0.987226790167358,0.8671436857741269,0.8749231767842208,0.90178675695284,0.8616021357404561,0.9993477237105227,0.8765093055035578,0.8833607579872353,0.9163429758916699,0.8685883766167236,0.8560875291709961,0.8773625035004912,0.8507853119422937,0.9806476322127684,0.855969094900046,0.999726526469674,0.8552744746491078,0.8601266438402855,0.8698313930248036,0.8529388210251673,0.8631891300261433,0.8628337231819779,0.8725214625411241,0.8722258807678824,0.8585280119188418,0.9068444685294967,0.8523623766378043,0.8513329943138177,0.9857860165626824,0.866257571252187,0.8583642825731238,0.8774162969581014,0.9042005558851043,0.8612342912190954,0.9109959188085012,0.8498293311495069,0.8664134842091715,0.8738930659283737,0.8476583696922549,0.8872961784191334,0.8760292034329035,0.8525064995083926
ALTA,0.9989608705282919,0.999139695828451,0.8445662377539868,1.0,0.840815881796921,0.9554643855423915,0.989690159526257,0.9972692311406391,0.9931092797221531,0.999959185120527,0.9986324912558435,0.9826308225161999,0.9986416791931886,0.9994906980104503,0.9965036737018471,0.9995043934776172,0.9649237542421127,0.9953565346686263,0.9881928449476184,0.999881601527883,0.9999482555436985,0.9979825855563881,0.999190289828007,0.9982395460957266,0.9996063698260488,0.9979429089685166,0.9978912633189287,0.9987617279120388,0.9168988420833081,0.9983842065167936,0.9981688521041977,0.9864599266491756,0.9991371632967356,0.843886404899356,0.9965779731612999,0.9968906565687872,0.9882704108450718,0.9988970735936086,0.9992895426811322,0.997530651585613,0.9990463753836253,0.9322469037900764,0.9997103543905893,0.8447788302939422,0.9993305000850539,0.9995265654082901,0.7369617170270008,0.994939072324362,0.9987046491032008,0.9990758251115811,0.9983134213324234,0.9982839240412157,0.9991742057609894,0.991230422151205,0.9998572574667013,0.9997069283308133,0.8328630084772647,0.9990798370801436,0.999563340335512,0.9978634730232826,0.9875281117354279,0.9991667747790199,0.9899487859135554,0.9992418742547178,0.9990394448215244,0.9978844140903168,0.99888417465928,0.9961505294637012,0.9979848833295837,0.999777972718701
ARI,0.8596200079881429,0.858976285790803,0.9977310991945557,0.840815881796921,1.0000000000000002,0.9347071493087361,0.9089069903194691,0.8775489108301399,0.8968107709810165,0.8418479076017593,0.8666851364969991,0.9247720123742915,0.8660182712992477,0.8569278940975139,0.8814490985680471,0.8497652055807535,0.9509097305857555,0.8833367506334294,0.8897596693681873,0.8477923211903263,0.8460441798871275,0.8729031547900328,0.853630669793731,0.8696925301732541,0.8541785808004869,0.8730088125387138,0.8715424850687429,0.8647539917928803,0.9822335092091188,0.8657128933378242,0.8717110914845274,0.8988831365254718,0.8592408470306588,0.9980302270700012,0.8695234430322881,0.8804803703429778,0.9127177944012855,0.8648463025340616,0.8539904640000894,0.8753926940460633,0.8497748362439806,0.9766406515038991,0.8516330162722225,0.9968741471318404,0.8496055387708104,0.8563347989714425,0.861109244561875,0.8507966297312324,0.8614891225180635,0.860478657245175,0.867788912633918,0.869845172515721,0.8567149074316474,0.9042883392615652,0.8489832023579451,0.8489116019809997,0.9826062036113923,0.8627120759586239,0.8544363270801945,0.8735780870637131,0.8987776312862149,0.8586210195724723,0.9076577163637085,0.8480040079728347,0.8634239754041081,0.8683541367608278,0.8469940290742892,0.8829332457542544,0.8731946541157303,0.8496622363068349
AXP,0.9655561391161006,0.9617873035094032,0.9384504528371304,0.9554643855423915,0.9347071493087361,0.9999999999999998,0.9791257243525824,0.9710576591616485,0.9789770481665168,0.9551063800512377,0.967748994496329,0.9833278703165623,0.9651758144871116,0.9611995287869723,0.9722204943575931,0.9600459199785463,0.9893979948558362,0.9782001069467946,0.9839894969233981,0.9572320908183831,0.9578450149823103,0.9701296084062303,0.9583730535884255,0.968365361768174,0.9622685343996206,0.9686843042673803,0.9661907193489097,0.9655682898220048,0.9750526380688068,0.9649657788336768,0.9693539462023973,0.9904952039471852,0.961963947563234,0.9346557379955369,0.9688272750203573,0.9703899511400511,0.9812659276203137,0.9663844893191056,0.9630798079250878,0.968793764770798,0.9564947752897719,0.9817725406724561,0.9611628858178174,0.9362649363032137,0.9595014254233758,0.9625755660055384,0.8972634282842085,0.9464461002456206,0.9618659551617843,0.9619260494227583,0.9674137486090495,0.9660574298518724,0.9618477556872089,0.9767104153595607,0.9597144223170039,0.9575984123862762,0.9518090748618458,0.9662378242021998,0.9610470343279491,0.9694715910756876,0.9889185546057188,0.9604652424475978,0.97739018757213,0.9540084563951658,0.9652114166766969,0.9689553120973671,0.9546916823221339,0.9728791890591056,0.9684167442503151,0.9583688531076913
BAC,0.9933557082581882,0.9936073987742947,0.9121596750757156,0.989690159526257,0.9089069903194691,0.9791257243525824,1.0000000000000002,0.9971084878626479,0.9993706253233261,0.9900974616189876,0.9955953019822256,0.9989718518390975,0.9951404852426676,0.9936047379319501,0.9975659975615313,0.9920313766671671,0.9921029774222471,0.9973527508972377,0.9939212855641256,0.9915093167755445,0.9910393779583934,0.9965040701278111,0.9921778186305434,0.9961950317456227,0.9930410119111379,0.9964609904117474,0.9959741674488106,0.9947144221356033,0.9640055008895351,0.9946597205045419,0.9962820636582402,0.9935718334936591,0.9938201960358283,0.9119659899103796,0.995336541143595,0.9978154967762151,0.9998972441479912,0.99525469362915,0.9921326933045626,0.996706722004694,0.990870291434914,0.9740057041747854,0.9924681084825657,0.9124989384354374,0.9919506441432245,0.9935286712251721,0.790343852185283,0.9894277269707673,0.993994042046441,0.9940951410003575,0.9957398999186661,0.9959482384281609,0.9929236658842744,0.9998500651610304,0.9916697396207976,0.9914035139046081,0.8976174147170828,0.9947115522661859,0.9931731689973966,0.9968694510297592,0.9951915254533303,0.9938012784226647,0.9999603683932462,0.9909229384225795,0.9948303705747582,0.9957312974295464,0.9899118308062231,0.9982281321125605,0.9966434308528409,0.9917593218404167
BBT,0.9991877339808141,0.9992026392137165,0.8798850226661719,0.9972692311406391,0.8775489108301399,0.9710576591616485,0.9971084878626479,1.0,0.9984608617928081,0.9973215040913813,0.9994165325160294,0.9927804328901407,0.9996786953644651,0.9989999404621052,0.999937707522464,0.9977325994924829,0.9806323511221334,0.9987073169483031,0.9926884681316739,0.9980581064702246,0.9979517222784867,0.9996784598495804,0.9986083510694241,0.9993997690595282,0.9986294814401004,0.9999434933127397,0.9997818534056024,0.9995891417022947,0.9417868635785855,0.9995606893860526,0.9997481141195403,0.9935269854194946,0.9992377650158811,0.879608393313439,0.9974017397146082,0.9998521563937331,0.9962702034053028,0.9994876553050401,0.998742034951494,0.9999427343239878,0.9980537382353476,0.9549213168789187,0.9983726747215795,0.8798946765565312,0.9974589995584277,0.9989478720690944,0.7685579235115982,0.9946561915359631,0.9992608179534921,0.9992927070725683,0.9990646906497748,0.9997902791830056,0.9990332750156627,0.9979654904712841,0.9983381899102697,0.9982861208010074,0.8681185374240912,0.9994117266629934,0.9987178837189179,0.9997142195905685,0.9939582094066028,0.999084950779012,0.9971071424244148,0.9978435595527788,0.9995404900468425,0.9987342137654487,0.9975614226699304,0.9993698964498774,0.9998976494621535,0.9983999503944277
BK,0.9958897496915244,0.9957247363930289,0.9010288028372088,0.9931092797221531,0.8968107709810165,0.9789770481665168,0.9993706253233261,0.9984608617928081,1.0,0.9933728604402818,0.9978600999654127,0.9974564248195644,0.9969503803760849,0.9959909252934166,0.9986004399225128,0.9952315192706973,0.9890071202145019,0.9992763039539765,0.9963975679921564,0.9944137504637566,0.9941772984910655,0.9984341659607119,0.9943975911038696,0.9982564416049815,0.9959250738151019,0.998010508312989,0.997316263905342,0.9967474062333558,0.9572629846916538,0.9964064468627104,0.9981996968194943,0.9953395579324201,0.9959153150684219,0.9001210873110186,0.9978029181042203,0.9988792362041944,0.99922891041682,0.9974858691818118,0.9949424146794164,0.9979990464594447,0.9932338340836351,0.9681527461289893,0.9954886003743777,0.9011737828714713,0.9951561362487465,0.9961560112924883,0.7908109464541143,0.9902732920323158,0.9957837011392168,0.9960893957206166,0.9979786962254535,0.9975088007328291,0.995242132677851,0.9993098541415644,0.9946868653496509,0.9941140602899051,0.8899703940387015,0.9971355031824338,0.9957980464248152,0.9985814504751048,0.9969665834117878,0.9958200462452395,0.9992685267239764,0.9932086841275936,0.9970052013729019,0.9981187000167242,0.992346669092427,0.9994325621051722,0.9981949672758159,0.9945082138101863
BOH,0.9987821689291727,0.9991233376942474,0.8458921288597857,0.999959185120527,0.8418479076017593,0.9551063800512377,0.9900974616189876,0.9973215040913813,0.9933728604402818,1.0,0.9987343066780858,0.9831926626140789,0.998671687295883,0.9995634976455774,0.9965835084736443,0.9996255164488644,0.9655236443490517,0.9954188404236601,0.988340208011577,0.999919530403139,0.9999330986700077,0.9980266195163254,0.9991465194789908,0.9984047110493101,0.9996573627851,0.9979972456748407,0.9979470322017202,0.9987003941584359,0.9180169232547353,0.9983367760022823,0.9981932773278748,0.9860532799484768,0.9991788850596768,0.8453751836631903,0.9968972012394387,0.997070358307943,0.9886715664408817,0.9989797646882846,0.9990908812252847,0.9975839496003955,0.99891912617005,0.9331609354143346,0.9997569456735702,0.846289368984455,0.999494365747632,0.9995879920270871,0.7355606703466405,0.995510044339997,0.9987360006192844,0.9991275143082297,0.9984693240997208,0.9983703999081621,0.9990886827126273,0.9915886236673818,0.999817216894403,0.9996498598178551,0.8331503288450657,0.9990956260778039,0.9996769719865529,0.9980309551366535,0.9874767481295091,0.9992690481463491,0.9904048829099568,0.9992753283852893,0.9990658604424267,0.9980835452437066,0.9987153055152602,0.9964397362992241,0.9980844523413643,0.9997572674832582
BOKF,0.9992269451765876,0.9992217144967349,0.870873923673852,0.9986324912558435,0.8666851364969991,0.967748994496329,0.9955953019822256,0.9994165325160294,0.9978600999654127,0.9987343066780858,0.9999999999999998,0.9908453840842835,0.9994988409079871,0.9995892280894433,0.9990397139634842,0.999368349690702,0.9772390428723652,0.9988666337000343,0.9938083936824352,0.9991230651483136,0.9990716855225088,0.9998533384062313,0.9986333265933738,0.9999605146208486,0.9996896571436182,0.9995910119552198,0.999205856055761,0.9994723005705557,0.936362617418055,0.9990799997533625,0.9998376636751521,0.9921673368256595,0.9993261136569884,0.8700355648410455,0.9989523763368415,0.9993929780281438,0.9947633110044802,0.999958081844356,0.9989940021355661,0.9993264063769979,0.9980105166738853,0.9497274643680859,0.9995595222915578,0.8710776301755145,0.9992492292415587,0.9997227841410863,0.7631187916393646,0.9944154072981661,0.9989857166966887,0.9993567211587873,0.9998875544894404,0.999544337987662,0.9990304646387133,0.996387288324341,0.9992423277963383,0.9988407162708713,0.8597679269323226,0.9999029368284159,0.9995920935936974,0.9998650954737256,0.9935934767057483,0.9992956944556591,0.9956839690841157,0.9981307783733345,0.9997845686344453,0.9997633201299803,0.9975058786494472,0.9993122562829097,0.9997080875257685,0.9990782220075621
C,0.9874291558165011,0.9875471734079809,0.9288614447378162,0.9826308225161999,0.9247720123742915,0.9833278703165623,0.9989718518390975,0.9927804328901407,0.9974564248195644,0.9831926626140789,0.9908453840842835,1.0000000000000002,0.989739693687752,0.9877112010168905,0.9935129591061772,0.9861765042482101,0.9965817029673532,0.9944274767977074,0.99316753401369,0.9849513230878549,0.9843659371708842,0.9921215926611132,0.9855420470455319,0.9917750813248574,0.9872306131367641,0.9917410852934128,0.9909108277811862,0.9891881661536688,0.9748680409794873,0.9890291023580224,0.9916932166404893,0.9921852638533887,0.9878734688214568,0.928415803778322,0.9917841433507986,0.9938807128126097,0.9994109806199714,0.9901971794967913,0.9857408574112173,0.9920654095463237,0.9837756662086586,0.982989376166161,0.986474309190172,0.9292736772183612,0.9861966632779432,0.9877488593982033,0.8073712733612911,0.982853855374728,0.9880475596101833,0.9882377902741062,0.9912618504889789,0.9909168017382448,0.9866327506738529,0.9981197611175299,0.9851720702799354,0.9846095427531675,0.9147827993113401,0.9894309247916726,0.9872766999065421,0.9926041793106121,0.9944363600552133,0.987848762339569,0.9988162570394618,0.9838668569570516,0.9894270842080906,0.9915688870693918,0.9825070589470671,0.994982123845646,0.9920441524809607,0.9851459477587445
CFG,0.9996633973514294,0.9998883561483503,0.868247004344934,0.9986416791931886,0.8660182712992477,0.9651758144871116,0.9951404852426676,0.9996786953644651,0.9969503803760849,0.998671687295883,0.9994988409079871,0.989739693687752,1.0,0.9997217899338796,0.9994351777737015,0.9985705989089535,0.9755304665379243,0.9976626371263728,0.9905735868960358,0.9991890794058707,0.9990931326557286,0.9994949433181752,0.999606918564583,0.999345990524484,0.9993217588696091,0.9998800699729488,0.9999038505392599,0.9999331802193343,0.9334206035874743,0.9999211985007463,0.9996579279006382,0.9910273741430913,0.9998950600564763,0.8681541393701228,0.9970925104562283,0.9994460864880539,0.9939994527660488,0.9997178237663602,0.9994834820891242,0.9998160182000454,0.9992477131951552,0.9474275273779267,0.999177794608318,0.8683714524744989,0.9982985435128097,0.9995923643160074,0.7544450939406104,0.9959868381555856,0.9998738393436434,0.9999180749959881,0.999091165297564,0.9999520455296702,0.9997811170874114,0.9963557086204956,0.9993293795494151,0.9994197737076377,0.855356175545186,0.9997188695173078,0.9994790058564936,0.9995231699460124,0.9914998539309353,0.9998170204736342,0.9952643571657213,0.9991712332032545,0.9999055936809499,0.998604004152368,0.9989122189585999,0.9986645613771957,0.9998260221997567,0.9994625489166667
CFR,0.9994834676075273,0.9998144025124837,0.8602093790692841,0.9994906980104503,0.8569278940975139,0.9611995287869723,0.9936047379319501,0.9989999404621052,0.9959909252934166,0.9995634976455774,0.9995892280894433,0.9877112010168905,0.9997217899338796,1.0000000000000002,0.998534214727358,0.9994628476565445,0.9721184546203613,0.9971650835190013,0.9902911286144004,0.9998336821440633,0.9997491372021097,0.9992822947754941,0.9996191131542544,0.9994066572983423,0.9998310851913573,0.9994050430594216,0.9993698496943415,0.999678291412671,0.9281512206491143,0.9994676078303032,0.9994171512095495,0.9891196644685741,0.9998562354226076,0.8598864510575643,0.9976680863515534,0.9988597628228439,0.9923790563883421,0.9997839612373015,0.9994895577913208,0.9991836871410151,0.9992600351081079,0.9424627096351502,0.999786137127853,0.8605083230354266,0.9992909604605529,0.9999344575532086,0.7464760765233299,0.996090709279618,0.9996277533387172,0.9998714839505505,0.9993234928967129,0.9996142640686634,0.9996836768384985,0.9948766973793908,0.9998132813643307,0.999758698308456,0.8469008187356366,0.9997965815322544,0.9999146929885961,0.9993217665532693,0.9902189251420805,0.999893716928062,0.9938345145849629,0.9994495806747669,0.9998752372607685,0.9989036681227703,0.9989552680745604,0.9982289096762936,0.9994567553339365,0.9998574862117501
CIT,0.9987861672486859,0.9988487452676251,0.883499959771039,0.9965036737018471,0.8814490985680471,0.9722204943575931,0.9975659975615313,0.999937707522464,0.9986004399225128,0.9965835084736443,0.9990397139634842,0.9935129591061772,0.9994351777737015,0.998534214727358,1.0,0.9970246787868106,0.9819702038117947,0.9985494538817513,0.9924439132098667,0.9974138314075723,0.9972857503850714,0.9993771015067809,0.9982068025714633,0.999066072922278,0.9980527950769451,0.9997909317734789,0.9996549984609826,0.9992725428532045,0.9441410325784911,0.999354290694027,0.9994520728253059,0.9937460609727616,0.9989073890640534,0.8834440773616941,0.9969039132402077,0.9998003703153387,0.9967482096378957,0.9991147508982311,0.9982573968186433,0.9998537034002636,0.9976075162684307,0.957059873422164,0.9977536015181133,0.8835400515619942,0.9967220615908796,0.9984623487472003,0.7710512893416742,0.994650787158359,0.9990221788292839,0.9989652213318774,0.9986313395095278,0.9995908446276599,0.9986601035682929,0.9983770477300804,0.9977359954990159,0.9977313749801577,0.871363529363006,0.9989975117481832,0.9982161597926151,0.9995030115094665,0.9940607401713357,0.9987356953364398,0.9975424806627803,0.9973753856506705,0.9991816821132075,0.9983096949661784,0.997073543091576,0.9993263234354536,0.9997151702216347,0.9978429270792614
CMA,0.9985467704658547,0.9987037328198037,0.8550761530325536,0.9995043934776172,0.8497652055807535,0.9600459199785463,0.9920313766671671,0.9977325994924829,0.9952315192706973,0.9996255164488644,0.999368349690702,0.9861765042482101,0.9985705989089535,0.9994628476565445,0.9970246787868106,1.0,0.9700459039462808,0.9970750278402536,0.9917769174474353,0.9996120145203168,0.999611958467596,0.9987347865589196,0.9983626900448518,0.9992096254049259,0.9998389060723154,0.9982506558374531,0.9978688192311016,0.9985887403441183,0.9253544476219954,0.997989815227274,0.9987376169443329,0.9882875089734329,0.9988365736703888,0.8540514221899957,0.9986241850112356,0.9977150918662756,0.9909593256295967,0.9993717149325114,0.9986607516196861,0.9977661734111407,0.9978462143230249,0.9395410842305084,0.9998784027168548,0.855498171739117,0.9999759158409813,0.9996630574705718,0.7479433355107472,0.9943421077820632,0.9982384502820825,0.9988258404514943,0.9993455555491565,0.9984443958499539,0.998548358065969,0.9930607886781827,0.9995300554299127,0.9990103232784637,0.8434588522298404,0.9993851948373081,0.9996837509876054,0.9987549857407363,0.9903519808522178,0.9989451691848176,0.9922741396388897,0.9982936932406232,0.9991578853681189,0.999249818145461,0.9974486047170443,0.9976738675043288,0.9984629457055099,0.9992763465252374
CNND,0.9727575988298544,0.9721839820057695,0.9548915738312693,0.9649237542421127,0.9509097305857555,0.9893979948558362,0.9921029774222471,0.9806323511221334,0.9890071202145019,0.9655236443490517,0.9772390428723652,0.9965817029673532,0.9755304665379243,0.9721184546203613,0.9819702038117947,0.9700459039462808,1.0,0.984435191666799,0.9864229695298657,0.9680298546833763,0.9674023596704235,0.9794451201067584,0.9692175150680261,0.9785842515665313,0.9716569138526965,0.9787556903580845,0.9773876642232799,0.9749301741833115,0.9892573145082227,0.9747671411574064,0.9787458471631899,0.9871309001367126,0.9725641135992728,0.9539126189486377,0.9792245131325437,0.9819638793107923,0.9935074368493857,0.976150106003578,0.9702084051424921,0.9793267804663865,0.9668804393220087,0.994472564555697,0.9705309294173814,0.9548709591257124,0.9700344869257063,0.9723590041085429,0.8421913584792209,0.9653710095461933,0.9729364673539189,0.9730345574467201,0.9778046548753013,0.9772099807805682,0.9710920473829108,0.9901456590622448,0.9687107838027277,0.9677807310387622,0.9446024369253396,0.9751591213858841,0.9714992452026167,0.9798969689763093,0.9890351459379347,0.9722771879555357,0.9915359355193282,0.9664568366862839,0.9750105439106442,0.9785367986174492,0.9651495043219157,0.9838905257483378,0.9790494559459091,0.9684995649621871
COF,0.997464185156273,0.9967682188335645,0.8881032828056533,0.9953565346686263,0.8833367506334294,0.9782001069467946,0.9973527508972377,0.9987073169483031,0.9992763039539765,0.9954188404236601,0.9988666337000343,0.9944274767977074,0.9976626371263728,0.9971650835190013,0.9985494538817513,0.9970750278402536,0.984435191666799,0.9999999999999999,0.9975131518447333,0.9961045598196213,0.9961399440922035,0.9991510403533863,0.9955786028288599,0.9990016504929146,0.9975771844842132,0.9984353894264008,0.9975522960042964,0.9977180026156383,0.9486979485512531,0.9971488708651,0.9989374391732243,0.9963733480875225,0.9969203263779425,0.8864957195601916,0.9987087168366634,0.998700796844044,0.9971530194468955,0.9984993900748326,0.9968026398749972,0.9981838708522,0.9946271588874707,0.9606517849481392,0.9972748008234809,0.8879454146349733,0.9969545399556243,0.9975713349545108,0.7917735688924895,0.9897722975000498,0.9965008114619838,0.9969478202126756,0.9988751274879772,0.9979185881813232,0.9965637889093367,0.9974325490565645,0.9965717797845308,0.9957315276635531,0.8814841187937675,0.998393427065443,0.997207321951415,0.9990126129292558,0.9977600113944589,0.9966654078690242,0.9971327245524848,0.9943818462003551,0.9980235706920567,0.9991200940884049,0.9938442644149591,0.9992913101841091,0.9985589360472857,0.9961224706294529
DFS,0.990575909535534,0.9890378069540853,0.8979705448798849,0.9881928449476184,0.8897596693681873,0.9839894969233981,0.9939212855641256,0.9926884681316739,0.9963975679921564,0.988340208011577,0.9938083936824352,0.99316753401369,0.9905735868960358,0.9902911286144004,0.9924439132098667,0.9917769174474353,0.9864229695298657,0.9975131518447333,0.9999999999999998,0.9889815501101141,0.9891551053014433,0.9941190398135272,0.9869876803936394,0.9942142715546834,0.9917258475787466,0.9920961268456499,0.9902408220780526,0.9907442207484493,0.9559017754697937,0.9894702708350256,0.9935024164418976,0.9958378191937155,0.9893998145640931,0.8947287625058654,0.9963487971067364,0.9929927697217183,0.9946116746909827,0.9928333461959455,0.9895694992802692,0.9915207192912662,0.9854194143328658,0.9659261563092235,0.9913414317914981,0.897744743790641,0.9918996550529982,0.9912921409865687,0.8202005558777742,0.979209727167977,0.9883889442366555,0.9893999950246666,0.9943445445699941,0.9910972392431432,0.9887203907462633,0.9928780941066068,0.9896580127179997,0.9877398296847199,0.8975893034132335,0.9926202704710096,0.9908059373228054,0.9938514832784392,0.9988157695609494,0.9890402902870543,0.9934268463443353,0.9852394562735516,0.9915834388830399,0.9954203869620382,0.9841981116887595,0.9951248922019656,0.992490090990694,0.9885370091369508
EWBC,0.9991774815138599,0.9995200144650821,0.851389871968924,0.999881601527883,0.8477923211903263,0.9572320908183831,0.9915093167755445,0.9980581064702246,0.9944137504637566,0.999919530403139,0.9991230651483136,0.9849513230878549,0.9991890794058707,0.9998336821440633,0.9974138314075723,0.9996120145203168,0.9680298546833763,0.9961045598196213,0.9889815501101141,0.9999999999999999,0.9999576860271217,0.9986138418563857,0.9994799210811022,0.9988435508899408,0.9997915778758422,0.9986412909745334,0.9986252955947776,0.999215065948083,0.9218309195341648,0.9989064485787488,0.9987774600622563,0.9872080685839899,0.9995418123172298,0.8509188918905483,0.9971909016024129,0.9978543011248787,0.9901543718741669,0.999361735117823,0.9993698325832534,0.9983199913512575,0.9992279504516804,0.9366824825405203,0.9998343519244951,0.8517074102468282,0.9994634448784535,0.9997906324676755,0.7388387830446904,0.9957347003791078,0.9991961375262386,0.9995289125018535,0.9988755670368274,0.9989653737990242,0.9994447042416487,0.9929454937620393,0.9999066509006995,0.9998294972503537,0.838278019941312,0.9994464205316439,0.999827651221507,0.9985812959754774,0.9884477340658424,0.9996166273544111,0.991796859463198,0.9994914050380468,0.9994772161453745,0.9984187074416501,0.9990108146034484,0.9971486702144303,0.9987111351249744,0.9999110353294591
FCNCA,0.9992757361702795,0.9994522047621922,0.8496789578112114,0.9999482555436985,0.8460441798871275,0.9578450149823103,0.9910393779583934,0.9979517222784867,0.9941772984910655,0.9999330986700077,0.9990716855225088,0.9843659371708842,0.9990931326557286,0.9997491372021097,0.9972857503850714,0.999611958467596,0.9674023596704235,0.9961399440922035,0.9891551053014433,0.9999576860271217,1.0000000000000004,0.9985249427951608,0.9994114331139802,0.998738119926722,0.9998052366570421,0.9985265174398567,0.9984534868770412,0.9991686712156908,0.9206485098688042,0.998839566359751,0.9986905930274529,0.9876744302639963,0.9994680670727338,0.8490770712736357,0.9970628018307327,0.9976174012099684,0.9896962889926646,0.9993035669264837,0.9995003188152607,0.998165055246524,0.9991965093250027,0.9356794211459937,0.9998613929718545,0.8498945359444402,0.9994300141332785,0.9997805649278491,0.7413818821509928,0.995303150352371,0.9990914265437826,0.9994208974485502,0.9987513985822154,0.9988028413935238,0.9994524019678485,0.9924767881865807,0.999967663680357,0.9998182647040599,0.8378570535857546,0.9994424402776813,0.9997862700673813,0.9984525595904925,0.9887085280342265,0.9994809871338102,0.9912686372581386,0.9993644844620052,0.9994233187839353,0.9983516042750504,0.9989797627050188,0.9969427834641192,0.9985622338645844,0.9999051384216601
FFIN,0.9992254991355998,0.9990939808106535,0.8764361029316629,0.9979825855563881,0.8729031547900328,0.9701296084062303,0.9965040701278111,0.9996784598495804,0.9984341659607119,0.9980266195163254,0.9998533384062313,0.9921215926611132,0.9994949433181752,0.9992822947754941,0.9993771015067809,0.9987347865589196,0.9794451201067584,0.9991510403533863,0.9941190398135272,0.9986138418563857,0.9985249427951608,1.0000000000000002,0.9984286656223009,0.9998400233282532,0.9992569697411142,0.9997403254826214,0.9993770666700844,0.9995426810724422,0.9399477571083423,0.999173452700276,0.9999804397522739,0.993332267584451,0.9991158881141111,0.8754728907194126,0.9986350557699866,0.9996501245131025,0.9957885040598604,0.9998002782402333,0.998856910226555,0.9995813653834987,0.9978216124511555,0.9530332961118498,0.9990591797329786,0.8764115745614021,0.998580526835902,0.9993420695282436,0.7679748061826415,0.9935382214937375,0.998878353497167,0.9991921613066025,0.9997603489269409,0.9996105904808337,0.9988897132303138,0.9972366589660614,0.9987854184575247,0.99848403032107,0.8656723657999165,0.9997503142184195,0.9991138770253816,0.9998589416249434,0.9943586995031997,0.9990289944511596,0.9965351622520513,0.9977236546439795,0.9996812421165093,0.9995269258317754,0.9973259056979814,0.9994276175160145,0.9998222573661827,0.9986744906284918
FHB,0.9994989191758725,0.9999020355252309,0.8552080926688516,0.999190289828007,0.853630669793731,0.9583730535884255,0.9921778186305434,0.9986083510694241,0.9943975911038696,0.9991465194789908,0.9986333265933738,0.9855420470455319,0.999606918564583,0.9996191131542544,0.9982068025714633,0.9983626900448518,0.9692175150680261,0.9955786028288599,0.9869876803936394,0.9994799210811022,0.9994114331139802,0.9984286656223009,0.9999999999999997,0.9982976220513473,0.9990938416296313,0.9990618266960992,0.9993507975941317,0.9995953801312902,0.9235052780328645,0.9996727165347566,0.9987271325451091,0.9877779446603759,0.9998324394908429,0.8553772253926762,0.995465858529561,0.9981925905455888,0.9906832370789083,0.999056494108286,0.9995952499303161,0.9989803286754723,0.9999227450922892,0.9385695158922096,0.9990574503362024,0.8553431635456437,0.9980395791736691,0.999365872389775,0.739074568222165,0.9965592464537444,0.999845538016408,0.9998225905511178,0.9980831186561187,0.9993598729073552,0.9999025443786211,0.9938492099092832,0.9995271731372016,0.9998661932808869,0.8413074087266768,0.9991737996691107,0.9993387576369374,0.998401199988702,0.987904730976129,0.9997920011618282,0.9924088689275622,0.9998612313916114,0.9994780406657394,0.9973501850412038,0.9997919105539694,0.9969255421570277,0.9989432746016893,0.999784648345242
FITB,0.9988844803642717,0.9989674361290646,0.8741305492930447,0.9982395460957266,0.8696925301732541,0.968365361768174,0.9961950317456227,0.9993997690595282,0.9982564416049815,0.9984047110493101,0.9999605146208486,0.9917750813248574,0.999345990524484,0.9994066572983423,0.999066072922278,0.9992096254049259,0.9785842515665313,0.9990016504929146,0.9942142715546834,0.9988435508899408,0.998738119926722,0.9998400233282532,0.9982976220513473,1.0,0.9994919425405894,0.9995333413039479,0.9991171489288693,0.9992601910021364,0.9387754702614005,0.9988556192009771,0.9997885174661225,0.9921692328009977,0.9991064818992751,0.8733351384316231,0.999182937890304,0.9995097242662613,0.9954245613848978,0.9998718845757197,0.9985828727065337,0.9992835074489507,0.9975766851904925,0.9517966329552012,0.9993366218551044,0.874432942109906,0.9991299496530873,0.9995350819093126,0.764267205722275,0.9943990560331932,0.9987668215920066,0.9991649375859878,0.9999244958181832,0.9994739668729202,0.9986999479917757,0.9968813949688065,0.9989106582528539,0.9984785952497194,0.8623244292662724,0.9997500167351859,0.999412269363959,0.9999224289196713,0.9938594160724149,0.9991206338166051,0.9963062853882265,0.9977937475721272,0.999630111758643,0.9998455397627478,0.9970175526893787,0.9995544090563263,0.9996950761801818,0.9987533286226367
FMAO,0.999329452565127,0.9994029693116285,0.8584145068495065,0.9996063698260488,0.8541785808004869,0.9622685343996206,0.9930410119111379,0.9986294814401004,0.9959250738151019,0.9996573627851,0.9996896571436182,0.9872306131367641,0.9993217588696091,0.9998310851913573,0.9980527950769451,0.9998389060723154,0.9716569138526965,0.9975771844842132,0.9917258475787466,0.9997915778758422,0.9998052366570421,0.9992569697411142,0.9990938416296313,0.9994919425405894,1.0000000000000002,0.9990456249315157,0.9987752404782422,0.9993535877451434,0.9273848978586184,0.99893670780922,0.9993195578770006,0.9897503230532321,0.999483418893415,0.8576130448095628,0.998310939385439,0.998455940323341,0.9919474020762349,0.9997691308990951,0.9993693116953588,0.9986811053433732,0.9986662053066929,0.9416537410774855,0.9999876814040334,0.8586665022309011,0.9997119959345386,0.9999524496644424,0.7514387698397887,0.9949025706508885,0.9990547895239915,0.9994596250983282,0.9995015187764855,0.9991787501032173,0.99931417568339,0.9941486373866351,0.9998391139474713,0.9994951806115415,0.8471936289971246,0.9998190149648994,0.999917079676545,0.9992295741710363,0.9911611762363332,0.9994860168096201,0.9932093988370406,0.9988657179368486,0.9997028692891589,0.999284571746618,0.9983028995288893,0.9981534008886882,0.9991458828422047,0.999680292914908
FMBH,0.9994338436204895,0.99954534020424,0.8754435575004255,0.9979429089685166,0.8730088125387138,0.9686843042673803,0.9964609904117474,0.9999434933127397,0.998010508312989,0.9979972456748407,0.9995910119552198,0.9917410852934128,0.9998800699729488,0.9994050430594216,0.9997909317734789,0.9982506558374531,0.9787556903580845,0.9984353894264008,0.9920961268456499,0.9986412909745334,0.9985265174398567,0.9997403254826214,0.9990618266960992,0.9995333413039479,0.9990456249315157,1.0000000000000004,0.9998956330429536,0.9998022725150021,0.938692407132978,0.9997467459027037,0.9998354813243242,0.9925459516365859,0.99957087885887,0.8751921889053608,0.9975336915828045,0.9998016541964706,0.9955182013169545,0.9997049314478276,0.9990922342609506,0.9999633540184577,0.9985665876334411,0.9521207137898803,0.9988364205767097,0.8755204402225598,0.9979969544782678,0.9993252387715207,0.7627315950326443,0.9952257430211018,0.9995548691893479,0.9996229759386613,0.999257979840955,0.999943215860924,0.9993812665055753,0.9974398653792431,0.9988382587253136,0.9988234253119058,0.8631152337110328,0.9996504399376841,0.999145923942556,0.9997672382346556,0.9931000712363143,0.9994670639665358,0.996522508177376,0.9984416348450467,0.9997874749410545,0.9988724557907269,0.9981314295937797,0.9992328054760891,0.9999716655008258,0.9989192291553264
FNB,0.9993513343723036,0.9996748318305536,0.873270729481979,0.9978912633189287,0.8715424850687429,0.9661907193489097,0.9959741674488106,0.9997818534056024,0.997316263905342,0.9979470322017202,0.999205856055761,0.9909108277811862,0.9999038505392599,0.9993698496943415,0.9996549984609826,0.9978688192311016,0.9773876642232799,0.9975522960042964,0.9902408220780526,0.9986252955947776,0.9984534868770412,0.9993770666700844,0.9993507975941317,0.9991171489288693,0.9987752404782422,0.9998956330429536,1.0,0.9997891483099745,0.9366588523452262,0.999878046901691,0.9995470042960511,0.9912036780759088,0.9996618295462089,0.8733814601784724,0.9966560967940556,0.9996276071362609,0.9948644398513268,0.9994390175921872,0.9990563558167052,0.9999400430525038,0.9989610645798057,0.9503550533124099,0.9985727107460668,0.8733928163926695,0.9975804495458889,0.9991434496082992,0.7557022205061715,0.9960015593041103,0.9997731488309958,0.9997315452388849,0.9987959737350208,0.9999449242062166,0.9995052945720123,0.9971614634507948,0.9987515702276767,0.9989704578705161,0.8593446431787627,0.9993851865266709,0.9990016335793946,0.9994391722971208,0.9915163041325554,0.9995939711747397,0.9961032315940576,0.9988479914628755,0.9996682157428417,0.9982331670441918,0.9986090930699787,0.9987477275250554,0.9998286016819635,0.9989871030443828
GBCI,0.9998526898980452,0.999871878107336,0.8668513674698878,0.9987617279120388,0.8647539917928803,0.9655682898220048,0.9947144221356033,0.9995891417022947,0.9967474062333558,0.9987003941584359,0.9994723005705557,0.9891881661536688,0.9999331802193343,0.999678291412671,0.9992725428532045,0.9985887403441183,0.9749301741833115,0.9977180026156383,0.9907442207484493,0.999215065948083,0.9991686712156908,0.9995426810724422,0.9995953801312902,0.9992601910021364,0.9993535877451434,0.9998022725150021,0.9997891483099745,1.0,0.9323288508176691,0.9999013386199077,0.99970549890157,0.9915100586469484,0.9998036042338801,0.8664282967425025,0.9969958510641466,0.999257992652715,0.9936190432013592,0.9996837896253621,0.9996928434404134,0.9997205864513136,0.9993136018189429,0.946495541818004,0.999218035668108,0.866752524520074,0.9982963944899904,0.9995689632046099,0.7561402870060573,0.9950610281326525,0.9997515518359011,0.999830254845043,0.9990728249105884,0.9998401835523956,0.9998219808461599,0.995948301497248,0.999412406240694,0.9994839662307142,0.855204973211334,0.9997579244720776,0.9993908240236856,0.9993859861714358,0.9916970920550233,0.9996746771797576,0.9947918927251728,0.9990728430493547,0.999900649268461,0.9985426725457003,0.9990229823493799,0.9983959285711483,0.9997280042710002,0.9994997532470443
GS,0.9285916281679326,0.9280625952386008,0.987226790167358,0.9168988420833081,0.9822335092091188,0.9750526380688068,0.9640055008895351,0.9417868635785855,0.9572629846916538,0.9180169232547353,0.936362617418055,0.9748680409794873,0.9334206035874743,0.9281512206491143,0.9441410325784911,0.9253544476219954,0.9892573145082227,0.9486979485512531,0.9559017754697937,0.9218309195341648,0.9206485098688042,0.9399477571083423,0.9235052780328645,0.9387754702614005,0.9273848978586184,0.938692407132978,0.9366588523452262,0.9323288508176691,0.9999999999999999,0.9321428915715355,0.9387155986930367,0.9557521092866674,0.9287065596347003,0.9861659808216467,0.9413124059584708,0.9444563250982864,0.9669104736269917,0.9345011854284999,0.9245487423051947,0.9397515081724712,0.9198697421262376,0.9990454212242913,0.9256414970914478,0.9874689321434424,0.9256111228869209,0.9284087697006349,0.8657203763059521,0.9209158722175904,0.9294013869345065,0.929542989038631,0.9377196855679081,0.936328390141324,0.9261557813120593,0.9601107363796954,0.9225229319494094,0.9211717570761008,0.9748154474486194,0.9327447716299867,0.9272085228756536,0.9408291614507427,0.959153407620577,0.9284948601887769,0.9632045100041525,0.9195752239566768,0.9325386789370548,0.9390668287412234,0.9172975573352476,0.9479774239469516,0.9393066651414778,0.9222987549663265
HBAN,0.9997055950631718,0.9998644763824072,0.8671436857741269,0.9983842065167936,0.8657128933378242,0.9649657788336768,0.9946597205045419,0.9995606893860526,0.9964064468627104,0.9983367760022823,0.9990799997533625,0.9890291023580224,0.9999211985007463,0.9994676078303032,0.999354290694027,0.997989815227274,0.9747671411574064,0.9971488708651,0.9894702708350256,0.9989064485787488,0.998839566359751,0.999173452700276,0.9996727165347566,0.9988556192009771,0.99893670780922,0.9997467459027037,0.999878046901691,0.9999013386199077,0.9321428915715355,1.0000000000000002,0.999397603756042,0.9910014611989229,0.99980883798427,0.86716164029523,0.9961266174510113,0.9991713760588602,0.993449422329793,0.9993818037785758,0.9995375868145413,0.9997473520182462,0.9994378403928557,0.9464309305339486,0.9987832327890024,0.8671099593682282,0.9976386184451587,0.9992760416672007,0.7539078837463107,0.995791488143343,0.9998927663039273,0.9998182820690101,0.9985393909570177,0.999813100811377,0.9998327499130282,0.9960103200045746,0.999127298924465,0.9993631002211674,0.8546033126848325,0.999442785850592,0.9991265849860276,0.9991272673638686,0.9909287456311086,0.9996610581838806,0.9947454556397111,0.9991760645785982,0.999709033102382,0.9979306232969802,0.9991691009433086,0.998128463271092,0.9996065122736718,0.9993288263252479
