Ticker,ABCB,ABTX,AJX,ALTA,ARI,AXP,BAC,BBT,BK,BOH,BOKF,C,CFG,CFR,CIT,CMA,CNND,COF,DFS,EWBC,FCNCA,FFIN,FHB,FITB,FMAO,FMBH,FNB,GBCI,GS,HBAN,HOMB,HTH,HWC,IBKR,IBOC,ISBC,JPM,KEY,LARK,MBWM,MCBC,MS,MTB,NAVI,NKSH,NTRS,OPY,PACW,PBCT,PGC,PNC,PNFP,RF,SCHW,SFBC,SIVB,SLFC,SRCE,STBA,STT,SYF,TCBI,TFSL,TSC,UMBF,USB,WAL,WFC,WSBC,ZION
ABCB,1.0,0.9995729686438071,0.7202191170244018,0.9983983467612931,0.6909448102088223,0.9321022219372465,0.9874811437751623,0.9991211610907392,0.9928210857445279,0.9968762292687184,0.9983364503779567,0.9767278793085515,0.9995305444780436,0.9985576725695062,0.9974366144432166,0.9970011138897509,0.9492210374727418,0.996119290259495,0.9817142283524558,0.9982630079056912,0.9979660029631491,0.9988076306914302,0.999218597194611,0.9975373581707421,0.9987591815959489,0.9991807690985056,0.9992241068329579,0.9996401333356228,0.8634750948288155,0.9989055999407196,0.999023675093536,0.9843186858050519,0.9989561011072802,0.7226108052380282,0.9936409470061952,0.9971967386935712,0.9835235768373515,0.9982212074714739,0.9997411815463616,0.9978530667946885,0.9985666777909946,0.8954335918221259,0.9983740906134472,0.7239258501602803,0.9965868854873347,0.9974489751715847,0.5043761151319942,0.9904541341653481,0.9992944480701741,0.9984641825724442,0.9973857710385415,0.9993703781254699,0.9995975726201215,0.9900352839028034,0.9990853262944982,0.997750495670837,0.706200267846298,0.9993265391420137,0.9987530016608722,0.9963013948387109,0.9857436052592006,0.99775688267402,0.9898031273315421,0.9969772864365265,0.9983643587421586,0.9954675570436826,0.9981733810296612,0.9948730031942997,0.9987359084758266,0.9988023800119266
ABTX,0.9995729686438071,1.0,0.7183155617690312,0.9989104888560545,0.6875961462857384,0.9254474280292996,0.9885943952353332,0.9991329250245599,0.9930178095512038,0.9980199657899005,0.9985482568560226,0.9778560480828477,0.9998655908320204,0.9993956833831915,0.9977452657617769,0.9976378519869784,0.9493474557621753,0.9951813722016871,0.9799162442731876,0.999157092294585,0.998716437754818,0.9986100885546203,0.9998587259756171,0.9980128199941096,0.9988953534310668,0.9993904369061474,0.9996433440256364,0.9997722405004438,0.8643370294584151,0.9993941692898768,0.9986817879468921,0.9802203945105179,0.9996716355824239,0.7250240141613613,0.9936572714915114,0.9979516976301207,0.9845996701729334,0.9987172779071459,0.9994568196739084,0.9984715188059045,0.9993765411742812,0.8956999542144417,0.9987493629005418,0.7261675075845053,0.9969769786219539,0.9982432725592417,0.4842405682501791,0.9931961430630731,0.9998958934410918,0.9993927815545568,0.9977935391285842,0.9997305226797855,0.9998702818318901,0.9913369731326865,0.999404542363552,0.9987629364859016,0.6987184745575069,0.9993082567004702,0.9991756995160321,0.9970441702552967,0.9827534638903564,0.9989897487956934,0.990888788473651,0.9985614316902524,0.9989527996664607,0.9959627867723153,0.9990559937709901,0.995614180095146,0.9986610058520947,0.999555405162534
AJX,0.7202191170244018,0.7183155617690312,1.0000000000000002,0.6983043332392904,0.9816114423618366,0.85331131177057,0.8015513197827622,0.7438306090105468,0.7827445979967977,0.7051519970734502,0.7355880383047143,0.8310273517081973,0.7289578257815094,0.7198974171168195,0.753487645226584,0.7146333081796216,0.8822356668821749,0.7613142706921735,0.7823123900732987,0.7084581267893664,0.7070452431996055,0.7407143498314732,0.7097780097289256,0.7389012980907778,0.714561798090094,0.7406220423293968,0.7351836164885762,0.728232504671953,0.9455129477609986,0.7252301439347255,0.7352906833459603,0.7863962494628982,0.7219476253818043,0.9575524704480076,0.7397242218150863,0.7548576341231177,0.8097588854534414,0.7313341029962884,0.7143409114950908,0.7467587937389587,0.7073846691388269,0.9344599486899557,0.7117669346576891,0.9615005394197434,0.7084612847139786,0.7245724844834835,0.6961721331265857,0.6994112821312057,0.719923768464913,0.7253682937759459,0.7377552242950548,0.7306859064686227,0.716905652459651,0.7894544327674958,0.709489872256924,0.7095521260589782,0.959945894185733,0.7253856321891755,0.7132494223468715,0.7492496925185191,0.789315731498079,0.7236577508677711,0.7991201296734545,0.7056031579302746,0.7318709243373941,0.7405721753999789,0.7033746969697835,0.7601916386499942,0.7408832578257514,0.7127160678880211
ALTA,0.9983983467612931,0.9989104888560545,0.6983043332392904,1.0000000000000002,0.6618806960284562,0.9194401981924377,0.9851168597894304,0.997285647261194,0.9911438194329399,0.9991895966757209,0.9984503566208751,0.9736803587951279,0.9984598739194351,0.9992935696454348,0.9953799345541313,0.9991665616671793,0.9426137422615329,0.9940605460660926,0.9811838648684317,0.9997608676138877,0.9995524534733004,0.9978165423426736,0.9987784340315763,0.9980047356658945,0.9995151764948962,0.9977189518148183,0.9975328651247064,0.9985338445339073,0.8539234616079258,0.9978656027168727,0.9977208412167161,0.9773240821102328,0.9987207246040365,0.7078513887930372,0.995085459073957,0.9961124150507144,0.9812468963261477,0.9985870817672092,0.9988825736097279,0.9964332298375669,0.9982610886263147,0.8855892876710343,0.9997104851431157,0.7100898692967993,0.998726649007133,0.9984577805391595,0.4765586116110677,0.9913032189614106,0.9983683161154552,0.9983953235196127,0.9980303503261354,0.9982464220071829,0.9988110453961637,0.9878992832368114,0.9997890564220839,0.9987560383833336,0.6830338361769851,0.999135463625599,0.9994363631440825,0.9962504461914575,0.9815129427386083,0.9982342623566028,0.9872830172785283,0.9980382443703091,0.9983173656009482,0.9967898460141065,0.9979295867847785,0.994620242864905,0.9968428571962967,0.99942254918379
ARI,0.6909448102088223,0.6875961462857384,0.9816114423618366,0.6618806960284562,1.0,0.8120399385358784,0.7596474174870221,0.7114368647988809,0.7412491783483656,0.6631954914994417,0.6976850065613728,0.7848300299939164,0.6976966818024732,0.6828949623137112,0.7180465463244192,0.6730654369789072,0.833466657852619,0.7253649060891469,0.7302441629603736,0.6711999111161612,0.6673125165692501,0.7079728830510305,0.6800561827209226,0.6989328967295665,0.6791731841026497,0.7082458720230342,0.7061833639433723,0.6966118193682277,0.889427364431626,0.6919412191235745,0.705747005713757,0.7523190212604614,0.6874749154909507,0.9038919699706318,0.6995151734439017,0.7186864190485713,0.7642074881464421,0.692156466155683,0.6819054368678136,0.7117091527399808,0.6757849763912396,0.8842699399223567,0.6734485337946204,0.9049421567712976,0.6709095918652518,0.6830644964076875,0.6647836056467461,0.669964233264503,0.6899467147878163,0.6896543565567234,0.6986556915947966,0.7009476998625229,0.6850949165145238,0.7494863817643863,0.6734169801906106,0.6713486327313727,0.921810441010837,0.6906356493615491,0.6789258349465498,0.7076040220321026,0.7487076360059531,0.6862995627491567,0.7619428847865608,0.6693479665862162,0.693915382094494,0.6956144532376761,0.6724878797583655,0.7174136586349079,0.7130237261985427,0.6766655616200958
AXP,0.9321022219372465,0.9254474280292996,0.85331131177057,0.9194401981924377,0.8120399385358784,1.0,0.9517580465351843,0.9392447393775385,0.9536470048001395,0.9212317341159423,0.9362787520259036,0.958287178108997,0.9303622277344433,0.9263014677684074,0.9433510576583253,0.9261722933973376,0.9706365188349131,0.9512210067741995,0.9657116422148269,0.920908220951752,0.9242052100279703,0.9369165881103737,0.9200985890199261,0.9365006753047129,0.9268524136404086,0.9361752901546903,0.9302472881157927,0.9319746857379205,0.9377737190213612,0.9308348318098367,0.933509450879171,0.9801675076136147,0.9276644560289123,0.8441229103867095,0.9331798693321032,0.938564884443241,0.9553339716903977,0.9344983848755936,0.9314857097132458,0.9377235438663597,0.9201993052748196,0.9551861593556626,0.9265138957239142,0.8475654667429555,0.9206080623537672,0.9317928727676358,0.7671574441599417,0.8955528342271604,0.9246527699608981,0.9280454930955055,0.9346949917445422,0.9286337027880824,0.9278440496168224,0.9466218321842156,0.9261145493351438,0.9231288931172837,0.894144446726404,0.9328781191042987,0.9237789297969433,0.9404917178990917,0.974145510720537,0.9257536431546265,0.9473989824727104,0.9158725997489755,0.9341026446375652,0.9388056185964418,0.9174460457467273,0.9439835137143238,0.9329899314458442,0.9245021893321486
BAC,0.9874811437751623,0.9885943952353332,0.8015513197827622,0.9851168597894304,0.7596474174870221,0.9517580465351843,0.9999999999999998,0.9931810656650454,0.9984794375259931,0.9884416023686479,0.9923084359212898,0.9981559372169316,0.9906628149701188,0.9905794893206242,0.9957089626300093,0.9885602272681691,0.984970357280185,0.992785785712973,0.9880351116760068,0.9880522576931606,0.9883841577828019,0.9911699828417417,0.9868370618262675,0.9934160618704069,0.9872842608234781,0.9928112235999623,0.9910961388945423,0.9904556468477872,0.9293815567390817,0.991051393550764,0.9888985824244619,0.9832501206320027,0.9907486818116972,0.8183837164174702,0.9878811682636683,0.9961333131069303,0.9995665844262575,0.9926714809602077,0.9875481510318826,0.9950088532367011,0.9872204195216344,0.951119948236012,0.9879973604875344,0.8200631637158158,0.9845796465178679,0.992184178478602,0.5363008719731506,0.9807325223116953,0.9889432173196886,0.9918154987328772,0.9922882704969662,0.9901226284747978,0.9887641732250662,0.9996649479691315,0.9877201300792143,0.9892158215761766,0.7819247797747306,0.9898248255924639,0.9873083901824016,0.99602256104357,0.988021270737376,0.9919321183728217,0.9992706442991088,0.9882593259583176,0.9930103524256332,0.9934908019383497,0.9860974275240803,0.9971468522984116,0.9898351765668135,0.9891623814920321
BBT,0.9991211610907392,0.9991329250245599,0.7438306090105468,0.997285647261194,0.7114368647988809,0.9392447393775385,0.9931810656650454,1.0000000000000002,0.9966999845122705,0.9969947080066531,0.9991605571948766,0.9847376965287425,0.9996548611744722,0.9988664808359563,0.9993995491679578,0.9971672013179622,0.9608867970724854,0.9976906153892753,0.9855218369761117,0.9979657122376947,0.9977892383713057,0.9992240251450382,0.9984087321648,0.9988561441725311,0.9981739510600028,0.9999537904927414,0.9995745462914193,0.9996253969796002,0.8828986042035492,0.9992163708202835,0.9988187940074384,0.9862130937829641,0.9992215336237956,0.7495512842039264,0.9945976988352909,0.9993519880312006,0.990074240005277,0.9991352790677762,0.9988824243405682,0.9995023544949584,0.9979610859743073,0.9122701510170254,0.9980337360206067,0.7509656268704075,0.9958841051936286,0.9984217765632605,0.5133838804880844,0.9906936181729534,0.9990553088890727,0.9991294142422487,0.9984475799404332,0.9994275580871599,0.9991514874450845,0.9949789924140339,0.998484445344043,0.9978288757618599,0.7274237816238489,0.9992364377641504,0.9982152690998802,0.9986109456649137,0.988531560712653,0.9986374355823674,0.9948030439478855,0.9970735831665475,0.9993252470085545,0.99729310811225,0.9973557984622885,0.9978842152765572,0.9989488378902379,0.9986696213008305
BK,0.9928210857445279,0.9930178095512038,0.7827445979967977,0.9911438194329399,0.7412491783483656,0.9536470048001395,0.9984794375259931,0.9966999845122705,1.0,0.9929318407673634,0.9968470088450245,0.994774610886387,0.9946730741293712,0.9947035627182755,0.9977298295286959,0.9941103764854037,0.9783778890239025,0.9974897020729038,0.9930975173373457,0.9929312591755586,0.9932330114481648,0.9960803732584778,0.9912354914176671,0.9974378685805276,0.9933167846897654,0.9963749234409667,0.9945515381951636,0.9947035865477342,0.9149314166543753,0.9943006568651677,0.9943385286237849,0.9885966272372355,0.9944015508868405,0.7924389988988386,0.9941413271241034,0.9982178544676917,0.9974210897903679,0.99664537631585,0.9928757004948348,0.9971518661806493,0.9909894906900722,0.9391448716626274,0.9936655234713855,0.7951672817561024,0.9914283916942701,0.9959070531858895,0.5456571815163442,0.9827729389102949,0.9928226149532287,0.994961748637593,0.996834258800665,0.9942963715080656,0.9931319703267625,0.9983861860764696,0.9931284379695259,0.9929525877251663,0.7691344264105204,0.99505884425371,0.9928698564704226,0.9984770711018122,0.9931537432236669,0.9947927500366017,0.9985837879433037,0.9912530254397764,0.9964579806636584,0.9975841196118018,0.9898548824510865,0.9991852674240131,0.9944096469955883,0.9935127049117248
BOH,0.9968762292687184,0.9980199657899005,0.7051519970734502,0.9991895966757209,0.6631954914994417,0.9212317341159423,0.9884416023686479,0.9969947080066531,0.9929318407673634,1.0000000000000002,0.998388685722444,0.9783987562972226,0.9977999638383671,0.9994453875055215,0.9963358889742181,0.9991790616872628,0.9491720621370524,0.9934878560220762,0.9827013500459645,0.9996004181405839,0.9998616860620225,0.996737965966057,0.9978303321866284,0.9984855811985979,0.9983913473669526,0.9973885698179806,0.996773216329327,0.9978429150681619,0.865063474466885,0.9980595236486209,0.9959059113788323,0.9764047270303284,0.9988051290895804,0.7246314370765534,0.9941488961708113,0.9969975540261359,0.9854257031632253,0.9990916466067146,0.9979146219627983,0.997276821126289,0.9980216286593308,0.8947267224095505,0.9992689334888931,0.7266050030172386,0.9973831746243246,0.9995163764256296,0.47412550585590796,0.9913718318462692,0.9976624194867177,0.9988992385359151,0.9980464864678532,0.9972023397583307,0.9982008884814096,0.9909172760120435,0.9992277881129739,0.9994756046054862,0.691065988969506,0.9983373989784502,0.9984058323192757,0.9978154924987261,0.9814521807379862,0.9991278159555966,0.9893613138273278,0.9988465638683148,0.9989650842565048,0.9979506416870717,0.9976309181632658,0.9964540015173513,0.995183509747054,0.9994127454299045
BOKF,0.9983364503779567,0.9985482568560226,0.7355880383047143,0.9984503566208751,0.6976850065613728,0.9362787520259036,0.9923084359212898,0.9991605571948766,0.9968470088450245,0.998388685722444,0.9999999999999998,0.9840205994110904,0.999001887615142,0.9993532171982288,0.998200408373633,0.9992624745933737,0.9589159529925082,0.9981332499365806,0.9887254675776779,0.9989253528724968,0.9988120126462401,0.9994872271847395,0.9976422401577972,0.9998960845637703,0.9993195879104962,0.999277423702358,0.9984052143785678,0.9990090059368221,0.8801987105757585,0.9981638837163569,0.9988305703268158,0.9846270350571228,0.9988537486569292,0.74236362821683,0.9974914921655668,0.9989172874887143,0.9894635713753698,0.9997785057870087,0.998460058631268,0.9985216274106494,0.9969644319398453,0.9090367144302619,0.999396523641037,0.74508400478529,0.9982534992072131,0.9992261959429611,0.5098537051856356,0.9897457199251962,0.9980915002566252,0.9987849003692177,0.9997986775364515,0.9988429143871271,0.99843692222518,0.9938092065425911,0.9991255148171814,0.9979883932973379,0.720697634086449,0.9997117832224716,0.9990626000909141,0.999025469887016,0.9891196684341483,0.9985464378822594,0.9939269198286985,0.9967817632098,0.9994134759556285,0.9992101560049854,0.9962375067664698,0.9984559262904702,0.998371521266997,0.9989059103459202
C,0.9767278793085515,0.9778560480828477,0.8310273517081973,0.9736803587951279,0.7848300299939164,0.958287178108997,0.9981559372169316,0.9847376965287425,0.994774610886387,0.9783987562972226,0.9840205994110904,0.9999999999999998,0.9808510007690872,0.9808864578371382,0.9885497472541475,0.979198869582822,0.9931940468097475,0.9865385135589164,0.98676503623862,0.9775201513366647,0.9781144332223473,0.9825447987146563,0.9753189964333029,0.9857135025141469,0.9769754800105998,0.984096410370807,0.9814666291665424,0.9806300365284312,0.9496478226771214,0.9812752389530939,0.9793993418536275,0.9796455718001684,0.9808731472414615,0.8492239356605827,0.9805613035085081,0.9891763456009669,0.9991633980415795,0.9842217720319542,0.9767701614551363,0.9872247624218458,0.9758070241617254,0.9674442426298686,0.9778952725650724,0.8515265779419829,0.9742170460623825,0.9835644004592554,0.560300649056046,0.9689103129722467,0.9782566592125622,0.9823783261906546,0.9843713917864093,0.9802460391629972,0.9780887335538176,0.9964148489562812,0.9770724711620286,0.9789385796272467,0.8126817091284139,0.9802457991938586,0.9767652639847977,0.989438691978817,0.9855502707750259,0.9826335797964634,0.9964026817801931,0.977425487994603,0.9844182632593447,0.9867637066855378,0.9742989632630671,0.9916797982962877,0.980573196972496,0.9787826397457666
CFG,0.9995305444780436,0.9998655908320204,0.7289578257815094,0.9984598739194351,0.6976966818024732,0.9303622277344433,0.9906628149701188,0.9996548611744722,0.9946730741293712,0.9977999638383671,0.999001887615142,0.9808510007690872,1.0000000000000002,0.9994053069297378,0.9985455659100351,0.997686141454577,0.9540652189953136,0.9964055043882069,0.982194195919235,0.9989115815967279,0.9985055872220782,0.9990737539700355,0.9994981281826644,0.9985699801395366,0.9988452355470745,0.99981958427994,0.9998571784777639,0.9998763262633809,0.8719451073364105,0.999452451338499,0.9989763492576995,0.9823243347924838,0.9997021625210374,0.7349551411089614,0.9943899768097292,0.9987460050014897,0.9869705054249541,0.9990626369629116,0.9993101088539286,0.9990500582383948,0.9989596697297819,0.9024745594300244,0.9986705746452282,0.7362533476643837,0.9968601253811118,0.9984739416278946,0.4940324960534142,0.9927620066109901,0.9997877748826303,0.9994871312713787,0.9983108286990111,0.9998781275242719,0.9997379168128954,0.9930218632945904,0.9992078521320531,0.9985235807000089,0.7096285687713219,0.9994692685359987,0.9990806281617672,0.9978510704058414,0.9850258966191516,0.9990704671080333,0.9927903413139997,0.9981746331986323,0.9992593677959821,0.9966921948523468,0.9985173444688118,0.9967430785036365,0.9990841152700028,0.9994012670240956
CFR,0.9985576725695062,0.9993956833831915,0.7198974171168195,0.9992935696454348,0.6828949623137112,0.9263014677684074,0.9905794893206242,0.9988664808359563,0.9947035627182755,0.9994453875055215,0.9993532171982288,0.9808864578371382,0.9994053069297378,0.9999999999999999,0.997999746382374,0.9991063003167314,0.9530738006982302,0.9956338329479685,0.9833895642958933,0.9998046754113135,0.9996784478219928,0.9985557614274904,0.9990633493708122,0.9992435817420335,0.99918495890256,0.9991680946288698,0.998849419376636,0.99933616347424,0.8707256033599833,0.9991609517014284,0.9980424993106466,0.9797035952810546,0.9997377427414641,0.732335952846385,0.9952193524404271,0.9985932506347581,0.987278007479547,0.9996862164419957,0.998942219678092,0.9987426598194424,0.9988323625219002,0.9005377352477822,0.9995253484004327,0.7341243831765871,0.9978247347650292,0.9995766718167515,0.48389620854372956,0.9926537868666558,0.9991653597984469,0.9997232496381245,0.9989451317177028,0.9990978681927519,0.9993520033098562,0.9928983111720954,0.9996823964836989,0.9994421132181031,0.7020643014932437,0.9994460148665545,0.9992992703381575,0.9985559693661263,0.9838680421392587,0.9996580144872824,0.9921483741146885,0.9989628250131529,0.9996784448755922,0.9981047210041956,0.998385367184256,0.9974140180019311,0.9977550300578462,0.999887587166269
CIT,0.9974366144432166,0.9977452657617769,0.753487645226584,0.9953799345541313,0.7180465463244192,0.9433510576583253,0.9957089626300093,0.9993995491679578,0.9977298295286959,0.9963358889742181,0.998200408373633,0.9885497472541475,0.9985455659100351,0.997999746382374,1.0,0.9957554802752869,0.967164525787821,0.9967686364180919,0.9858598055957948,0.9966223197158537,0.9968953138976242,0.9975959187055105,0.9969390181294758,0.9982688633482566,0.9961432138986329,0.9992066740409781,0.9985173311027955,0.998494415550013,0.8936241031920084,0.998925953921086,0.9966285472027511,0.986449874883062,0.9985906621592517,0.7665591936370539,0.9923273399490099,0.9995091440294578,0.9933017756816703,0.9986529580552559,0.9975280715482444,0.9997946594925814,0.9971298912587142,0.921434616634258,0.9964802868292006,0.767406880184258,0.9932249526901626,0.9983204724237543,0.5182385611132297,0.9898829475065335,0.9979212104026416,0.9988222017834228,0.9973567562613949,0.9979424765597344,0.9980838167561721,0.9972255791196556,0.9970469338632139,0.9974696740825095,0.7388406345700037,0.9977447698924151,0.9962916684855811,0.9991499112573061,0.9885269984705409,0.9985264530797902,0.9962208188666717,0.9968000872975331,0.9991061518907587,0.9970545096733568,0.9964568365794223,0.998675358512717,0.9970739946290466,0.9977389481746318
CMA,0.9970011138897509,0.9976378519869784,0.7146333081796216,0.9991665616671793,0.6730654369789072,0.9261722933973376,0.9885602272681691,0.9971672013179622,0.9941103764854037,0.9991790616872628,0.9992624745933737,0.979198869582822,0.997686141454577,0.9991063003167314,0.9957554802752869,0.9999999999999998,0.9508720295599797,0.9959376918001759,0.9868705815097617,0.9993155745356432,0.9992392657607833,0.9981458996653667,0.9969526195258718,0.9992318400654698,0.9994005723301531,0.9975371130469928,0.9966201683166093,0.9976841001660076,0.8680896188733364,0.996778816416318,0.9974748525925992,0.97932081462849,0.9980214244243636,0.7247249002955285,0.997617565692583,0.9969885341766948,0.9855114371339413,0.9991506801596585,0.9975615396978323,0.996514722510286,0.9962650876598599,0.8974944657385776,0.9997561248702337,0.7280307970742967,0.9992483648116754,0.9989802898733925,0.49096642810619656,0.9897016537066918,0.9969606398405764,0.997920494466769,0.9993176647237821,0.9975112170531333,0.9974522420302743,0.9903883094596487,0.9991501681635444,0.9979241589494569,0.6998476821597405,0.9990400024113226,0.9990920220365573,0.9977399173001852,0.9852712848034626,0.9979542355811932,0.9902891094831162,0.9967377091775419,0.9984873489989605,0.9989530751272608,0.9956090265498775,0.9968768071244841,0.9965701876432436,0.9987204124445688
CNND,0.9492210374727418,0.9493474557621753,0.8822356668821749,0.9426137422615329,0.833466657852619,0.9706365188349131,0.984970357280185,0.9608867970724854,0.9783778890239025,0.9491720621370524,0.9589159529925082,0.9931940468097475,0.9540652189953136,0.9530738006982302,0.967164525787821,0.9508720295599797,1.0,0.9661422305125423,0.9743268592295682,0.9477959268048634,0.949169540213519,0.9575302549421881,0.9453929647392627,0.9612592674948708,0.9480511045385619,0.9593970644748033,0.9552451882286173,0.9541175373794719,0.9780108576324058,0.9550429340288281,0.9530703145931384,0.9696691754946685,0.9535108787312491,0.8997816802108479,0.9552837298901106,0.966861437953766,0.9885283213002762,0.9588714100432684,0.9490370910170839,0.9642130961747716,0.9463517256024823,0.9896181960512664,0.949098143028712,0.9021551613375853,0.9438242730960354,0.957668017760773,0.6222179176263553,0.9360013833352283,0.9499372095121871,0.9556541780833091,0.9592539219262726,0.9530932704533196,0.9500978520427805,0.9808327050128126,0.9480307969616875,0.9505019480939646,0.8725383246186627,0.9533725659096721,0.9472580918303108,0.9673703520004514,0.9740647558984147,0.9556598529458029,0.981079619387374,0.947696595459083,0.9592398569812742,0.9634276220604073,0.9442205144527273,0.9713486470183192,0.9546889345431692,0.9500835011693131
COF,0.996119290259495,0.9951813722016871,0.7613142706921735,0.9940605460660926,0.7253649060891469,0.9512210067741995,0.992785785712973,0.9976906153892753,0.9974897020729038,0.9934878560220762,0.9981332499365806,0.9865385135589164,0.9964055043882069,0.9956338329479685,0.9967686364180919,0.9959376918001759,0.9661422305125423,0.9999999999999998,0.9928693873691055,0.9945446020103215,0.9943773133603009,0.998230844571405,0.9934725030133457,0.9978937300033618,0.9966378155138343,0.9974283974747264,0.9959852409797952,0.9962558132961246,0.8931921115229325,0.9946838404814845,0.9975702230191302,0.9906147666356643,0.9954467625514682,0.7582532797624952,0.9972017114444126,0.9971287691555567,0.9902998722649455,0.9971012318902568,0.995423113727561,0.996139626160832,0.9920079537852027,0.9209284204761735,0.9960993435270463,0.7617359564312279,0.9953849546048243,0.9957520587914811,0.5521763089199894,0.9847608829749148,0.9946708788707366,0.9950831818446718,0.9979453139748062,0.9964789134435238,0.9950205230109845,0.9931164367957489,0.9955176122617363,0.9929468028573902,0.750237496861521,0.9974811437946284,0.996227598132559,0.9970197618140643,0.9949825350726091,0.994456882719857,0.9946154016398209,0.9910384994462785,0.9963926860269291,0.9973949921642025,0.9908108527445499,0.9974409147484259,0.9975824185623406,0.9949096768123379
DFS,0.9817142283524558,0.9799162442731876,0.7823123900732987,0.9811838648684317,0.7302441629603736,0.9657116422148269,0.9880351116760068,0.9855218369761117,0.9930975173373457,0.9827013500459645,0.9887254675776779,0.98676503623862,0.982194195919235,0.9833895642958933,0.9858598055957948,0.9868705815097617,0.9743268592295682,0.9928693873691055,1.0,0.9820191246629143,0.9831264901173936,0.9875491923304781,0.9767627487369347,0.989367664545138,0.984823267786334,0.9848119789252919,0.9807583497581189,0.9829266179049593,0.9144206666833118,0.9808509043498093,0.9851011282529117,0.9903139219646617,0.9816020371908477,0.7851912677053803,0.9910589246729181,0.9867038983286637,0.9886220794048981,0.987387061282702,0.982268344791926,0.9845338397655736,0.9758190687076623,0.9367105595567494,0.9852361455432096,0.7913301341978101,0.984623906261301,0.9861535527543466,0.6056414749532213,0.9614845200236544,0.9784592430365515,0.981853521508407,0.9893872234476457,0.9817365987190464,0.9803753572395044,0.9860267612087604,0.9830542753472028,0.980422032226698,0.7906444000521755,0.9860822196892337,0.9828409337328496,0.9891073958787433,0.9972371804768734,0.9815075192679812,0.9873074648940406,0.9757931860489176,0.9857280059562994,0.9919839181191151,0.9740619427905082,0.9907382468057803,0.9832146769670868,0.9815947989121735
EWBC,0.9982630079056912,0.999157092294585,0.7084581267893664,0.9997608676138877,0.6711999111161612,0.920908220951752,0.9880522576931606,0.9979657122376947,0.9929312591755586,0.9996004181405839,0.9989253528724968,0.9775201513366647,0.9989115815967279,0.9998046754113135,0.9966223197158537,0.9993155745356432,0.9477959268048634,0.9945446020103215,0.9820191246629143,1.0,0.9997822444642295,0.9981235031998824,0.9989771122627338,0.9987233644738509,0.9993538567999644,0.998395297672962,0.9981658997161736,0.9988990410550419,0.8625201741205701,0.9985262825220763,0.9977691296158483,0.9773356734589344,0.9993021499554057,0.7205786872263904,0.9952269926709977,0.9974731193191564,0.9845051628462537,0.9992226092148322,0.998765570452296,0.9976473163228046,0.9986507807150918,0.8930427404798416,0.9996984264704861,0.7226125074987841,0.9984012675802509,0.9991695454219637,0.47454118975262305,0.9922919745285388,0.9987764056731603,0.9991905652071598,0.9986006588008152,0.998666931914376,0.9990451539551962,0.9906402708810055,0.9997592520232427,0.9993173127805574,0.6907567877498737,0.9992414774488848,0.9994093477280661,0.9975246261679324,0.9819866388790272,0.9991698088960788,0.989903801948257,0.9988091329161404,0.9990868313203827,0.9976001258569496,0.9982981419275153,0.9961327515678643,0.9971548932040626,0.9997685052298166
FCNCA,0.9979660029631491,0.998716437754818,0.7070452431996055,0.9995524534733004,0.6673125165692501,0.9242052100279703,0.9883841577828019,0.9977892383713057,0.9932330114481648,0.9998616860620225,0.9988120126462401,0.9781144332223473,0.9985055872220782,0.9996784478219928,0.9968953138976242,0.9992392657607833,0.949169540213519,0.9943773133603009,0.9831264901173936,0.9997822444642295,0.9999999999999999,0.9975747625986687,0.9984902683219804,0.9987115590218372,0.9989346934752803,0.9981000024850305,0.9975647591763415,0.9986314461951068,0.864304232174891,0.9986392933544502,0.9969384869312555,0.9787567083353101,0.9991978744367379,0.7232381393151639,0.9944603237515482,0.9973209442124108,0.9852160344824431,0.9993543458035372,0.998822038452002,0.9977299274760166,0.9985565229354103,0.894546812659711,0.9995878213817749,0.7251119181866494,0.9976898051169953,0.9995663551314454,0.48189221665558946,0.9911085451078326,0.9983240346280965,0.9991776556684716,0.998330741346211,0.997954593793012,0.9989124779764023,0.9908875325052795,0.9996993691977835,0.9996086724739417,0.6940645285988714,0.998996334582506,0.9988574509297787,0.9978879586973348,0.982875402819151,0.9991986426252476,0.9895203041858557,0.9988414183023115,0.9992746462608953,0.9979147461368356,0.9981740748038455,0.9964555765928595,0.9961667018234464,0.9997148171315814
FFIN,0.9988076306914302,0.9986100885546203,0.7407143498314732,0.9978165423426736,0.7079728830510305,0.9369165881103737,0.9911699828417417,0.9992240251450382,0.9960803732584778,0.996737965966057,0.9994872271847395,0.9825447987146563,0.9990737539700355,0.9985557614274904,0.9975959187055105,0.9981458996653667,0.9575302549421881,0.998230844571405,0.9875491923304781,0.9981235031998824,0.9975747625986687,1.0000000000000002,0.9976776628318365,0.9990553848475818,0.9990985025926169,0.9993253554342432,0.9987956768188627,0.9991754562741488,0.8782114686461038,0.9976941635377874,0.9997977608153543,0.9857134954300745,0.998204516220571,0.7396855199163694,0.9973439056742381,0.9984380559398423,0.9879374803038931,0.9988568536636815,0.9984362189515229,0.9980079411159527,0.9965774077469474,0.9078093731083139,0.9986349943665088,0.7424022872418033,0.9979277334059483,0.9977517877383569,0.51393436321645,0.9884731242770488,0.9980723911841183,0.9979656261558648,0.9992754757603366,0.9992407556025283,0.9982699599558356,0.9927473100168499,0.9985234495598005,0.9967722655446989,0.7235584730339569,0.9995901038994522,0.9987520287936216,0.9977159263311607,0.9894012538834512,0.9974027282403608,0.9936044008619744,0.9955130919613574,0.9985410902752783,0.9977769043473532,0.995928655467103,0.9970599061158384,0.9992542506763591,0.998081925708275
FHB,0.999218597194611,0.9998587259756171,0.7097780097289256,0.9987784340315763,0.6800561827209226,0.9200985890199261,0.9868370618262675,0.9984087321648,0.9912354914176671,0.9978303321866284,0.9976422401577972,0.9753189964333029,0.9994981281826644,0.9990633493708122,0.9969390181294758,0.9969526195258718,0.9453929647392627,0.9934725030133457,0.9767627487369347,0.9989771122627338,0.9984902683219804,0.9976776628318365,1.0,0.997048881547257,0.9983289797300386,0.9987526020215335,0.9992928179971752,0.9993871117975469,0.8582792384191216,0.9992337397262918,0.9978863829423253,0.9774518327913626,0.9994540206791399,0.7182347675319808,0.9920729983803332,0.9970960755886196,0.9825677568264248,0.9980109116149898,0.9991808229744665,0.9978810589183775,0.9996635741542947,0.8902697893531267,0.9982465783934197,0.7189625290959497,0.9962892757589223,0.9976931378781906,0.4721068150005398,0.9938150332042752,0.9998409765208112,0.9991544181823593,0.9967718311036968,0.9993270989642475,0.9997463412416319,0.9899925213474149,0.9991062589090555,0.9987751038493491,0.6890013562996851,0.9986529915729545,0.9987620348553011,0.9960506767960708,0.979791719630451,0.9987986829362527,0.9892157614415336,0.9988789829978012,0.998403215624255,0.9947288775992973,0.9994887965434138,0.9943190054951192,0.9978978335536215,0.999399592423203
FITB,0.9975373581707421,0.9980128199941096,0.7389012980907778,0.9980047356658945,0.6989328967295665,0.9365006753047129,0.9934160618704069,0.9988561441725311,0.9974378685805276,0.9984855811985979,0.9998960845637703,0.9857135025141469,0.9985699801395366,0.9992435817420335,0.9982688633482566,0.9992318400654698,0.9612592674948708,0.9978937300033618,0.989367664545138,0.9987233644738509,0.9987115590218372,0.9990553848475818,0.997048881547257,1.0000000000000002,0.9988475416086643,0.9989817342545751,0.9979452307135904,0.9985451413379663,0.884452971602991,0.9979019251346208,0.9981409483105749,0.983956911529036,0.9986377022887248,0.7484574442040748,0.9973984346722353,0.999100295666245,0.9908703278990897,0.9998021544213103,0.9978177305125004,0.9985748772138379,0.996531802165669,0.9124657134933759,0.9991268410007427,0.7512384474850786,0.9978507816629195,0.9994020168138651,0.5085093293083124,0.9896028991796295,0.997594018413023,0.9987231670758103,0.9998048477531547,0.9983353948212055,0.9979322341176093,0.9947480872083787,0.998732398067495,0.9979473212845599,0.7236345081367904,0.9992974189621561,0.9986058381669755,0.9994341365406546,0.9889959286144043,0.9986325138383004,0.9946971419903603,0.9967625619282604,0.9994312498129873,0.9995902569688934,0.9957630809323856,0.9990182915232154,0.9977258536604369,0.998677254304642
FMAO,0.9987591815959489,0.9988953534310668,0.714561798090094,0.9995151764948962,0.6791731841026497,0.9268524136404086,0.9872842608234781,0.9981739510600028,0.9933167846897654,0.9983913473669526,0.9993195879104962,0.9769754800105998,0.9988452355470745,0.99918495890256,0.9961432138986329,0.9994005723301531,0.9480511045385619,0.9966378155138343,0.984823267786334,0.9993538567999644,0.9989346934752803,0.9990985025926169,0.9983289797300386,0.9988475416086643,1.0,0.9984929282304228,0.9980867787886034,0.9987952527070011,0.8626908498567964,0.9975482238176941,0.9990248907103728,0.9810173929737809,0.9985894426052349,0.7177771020869219,0.9972929195962733,0.9970502925837113,0.9835349367697184,0.9989296993873581,0.9987492942025443,0.9968433583981129,0.9972575076513983,0.8936325188053631,0.9998019662800617,0.7206431140982703,0.9994114159808818,0.9983208752769114,0.4945316820900958,0.9907866643597232,0.9983005207023409,0.99817616120626,0.9990840139567959,0.9988948030007959,0.9985863509789614,0.9894310705701003,0.9996022191390966,0.9977435149161414,0.6982289916103982,0.9997338763274848,0.9998285969940337,0.9969602128119984,0.9855423645271426,0.9978484723398421,0.9898325345313459,0.9967527468952136,0.99842283527388,0.9977149140122374,0.9966774466593284,0.9958929618646173,0.9983865386273632,0.9990343067707388
FMBH,0.9991807690985056,0.9993904369061474,0.7406220423293968,0.9977189518148183,0.7082458720230342,0.9361752901546903,0.9928112235999623,0.9999537904927414,0.9963749234409667,0.9973885698179806,0.999277423702358,0.984096410370807,0.99981958427994,0.9991680946288698,0.9992066740409781,0.9975371130469928,0.9593970644748033,0.9974283974747264,0.9848119789252919,0.998395297672962,0.9981000024850305,0.9993253554342432,0.9987526020215335,0.9989817342545751,0.9984929282304228,1.0000000000000002,0.999733291681733,0.999740809798742,0.8806550960845014,0.999286072925095,0.9989789509545244,0.9847456673614691,0.9994325531115568,0.7464262297500271,0.9949069644604505,0.9993795456203389,0.9895644856336838,0.9992575821749815,0.9989429790786485,0.9994736559105394,0.9982456450287546,0.9101612667076647,0.9983485027997717,0.7479126904552478,0.9964119816634551,0.9985730671791814,0.5060511863053805,0.9914925331779935,0.9993026681528417,0.9993362820437437,0.9986581275594877,0.9996634796109977,0.9993118313689487,0.9947277649304491,0.9987532840400957,0.9981063488406364,0.722457960291478,0.999391625829857,0.9985973471962858,0.9985884045845121,0.9874930569119514,0.9989046168719938,0.9946181698682617,0.9974955709457741,0.9994180271989177,0.9973779348365769,0.9976803452290397,0.9978021194583797,0.9991042929716109,0.9989650051917541
FNB,0.9992241068329579,0.9996433440256364,0.7351836164885762,0.9975328651247064,0.7061833639433723,0.9302472881157927,0.9910961388945423,0.9995745462914193,0.9945515381951636,0.996773216329327,0.9984052143785678,0.9814666291665424,0.9998571784777639,0.998849419376636,0.9985173311027955,0.9966201683166093,0.9552451882286173,0.9959852409797952,0.9807583497581189,0.9981658997161736,0.9975647591763415,0.9987956768188627,0.9992928179971752,0.9979452307135904,0.9980867787886034,0.999733291681733,1.0,0.9996588333597208,0.8743638513356596,0.9992234132653207,0.9988010375931402,0.9818975842032175,0.9993510737637321,0.7394805935995118,0.993515696077077,0.9987383866983992,0.9872893107341549,0.9984277239702122,0.9987550069884054,0.9990183368188312,0.9986876351196718,0.9047681522943365,0.9977456087013374,0.7404959407242478,0.9958712922002293,0.9976784031014228,0.4926768364826833,0.9930100746092779,0.9997015918771971,0.9991697762321409,0.9976820909645998,0.9998476466941927,0.9994044666752706,0.9934721711935502,0.9984370019842476,0.9978441563323616,0.7127574570265358,0.9989016057081614,0.9984526299851264,0.9973913578833974,0.984247307496169,0.9986834648233907,0.9934447890621309,0.9977404619030553,0.9987734392706965,0.9957402692947112,0.9982670974958745,0.9963371941852984,0.9991903825283593,0.9988071022952001
GBCI,0.9996401333356228,0.9997722405004438,0.728232504671953,0.9985338445339073,0.6966118193682277,0.9319746857379205,0.9904556468477872,0.9996253969796002,0.9947035865477342,0.9978429150681619,0.9990090059368221,0.9806300365284312,0.9998763262633809,0.99933616347424,0.998494415550013,0.9976841001660076,0.9541175373794719,0.9962558132961246,0.9829266179049593,0.9988990410550419,0.9986314461951068,0.9991754562741488,0.9993871117975469,0.9985451413379663,0.9987952527070011,0.999740809798742,0.9996588333597208,1.0,0.8717749171252324,0.9995327786448526,0.9990177585956919,0.9835184760041017,0.9995395288786575,0.734613427367699,0.9942030324956183,0.9986107027704056,0.9869683812972609,0.9991094718041885,0.9996152599739282,0.9990527479711928,0.9990343989315292,0.9023553656696329,0.998698751847074,0.7359128291324162,0.9966999257370843,0.998521008060731,0.4981310932183277,0.9910039752776201,0.999560034748124,0.9993743665006536,0.9982849127158258,0.9996623693676344,0.9997730702609633,0.9928278140971792,0.9992719077262381,0.9986983122120173,0.7117337368546881,0.999527536194345,0.998794108272394,0.9978188160978841,0.9857409214126597,0.9988951051174056,0.992350570018783,0.9980410878692074,0.9993402673081958,0.9967711206736125,0.9986602395065334,0.996553822669613,0.9987152142949118,0.9993304201473887
GS,0.8634750948288155,0.8643370294584151,0.9455129477609986,0.8539234616079258,0.889427364431626,0.9377737190213612,0.9293815567390817,0.8828986042035492,0.9149314166543753,0.865063474466885,0.8801987105757585,0.9496478226771214,0.8719451073364105,0.8707256033599833,0.8936241031920084,0.8680896188733364,0.9780108576324058,0.8931921115229325,0.9144206666833118,0.8625201741205701,0.864304232174891,0.8782114686461038,0.8582792384191216,0.884452971602991,0.8626908498567964,0.8806550960845014,0.8743638513356596,0.8717749171252324,0.9999999999999999,0.8732884220268916,0.8711848795270868,0.9041266242531958,0.8710776973227671,0.9675816553994357,0.8783484649022842,0.8940371198101789,0.9373344920004832,0.8799273655243947,0.8629160248109742,0.8889483466278211,0.859794065902996,0.9974368904586757,0.8642752679276163,0.9707321883552229,0.8577664148355589,0.8781671015641955,0.653256020927064,0.8500152307260841,0.8655007741075393,0.8748186718300734,0.8816719419888097,0.8709179412134389,0.8650816025657887,0.9211084563276629,0.8619781192816932,0.8665916642810341,0.9317358236888398,0.8706816052490404,0.8616149704448209,0.8947239356058339,0.911294695304814,0.8753019236326696,0.9224726925385012,0.8630007395788492,0.8803807942088355,0.8889304552798037,0.856688443068724,0.9021574061023868,0.8741860161001789,0.8655755709934702
HBAN,0.9989055999407196,0.9993941692898768,0.7252301439347255,0.9978656027168727,0.6919412191235745,0.9308348318098367,0.991051393550764,0.9992163708202835,0.9943006568651677,0.9980595236486209,0.9981638837163569,0.9812752389530939,0.999452451338499,0.9991609517014284,0.998925953921086,0.996778816416318,0.9550429340288281,0.9946838404814845,0.9808509043498093,0.9985262825220763,0.9986392933544502,0.9976941635377874,0.9992337397262918,0.9979019251346208,0.9975482238176941,0.999286072925095,0.9992234132653207,0.9995327786448526,0.8732884220268916,1.0,0.9972464147190488,0.981979651674355,0.9997034651518595,0.7394758643844257,0.9915664060810758,0.9985175745285156,0.9877914031140491,0.9988669295502457,0.9992444389643391,0.9994061870702983,0.9995409707299828,0.9035173686309294,0.9979095146210306,0.7398986217853071,0.9948055515164169,0.9987691094157226,0.49165009721887515,0.9918867721461919,0.9994587348762716,0.9997182464779519,0.9971605282345127,0.9988600128323871,0.9997187488691407,0.9936507981162975,0.9988018498125989,0.9993077329627296,0.7100938506160648,0.9985782205528441,0.9977974055579282,0.9979990492769826,0.9837101451775853,0.9994266502368275,0.9921075668501184,0.9989951572487583,0.9994366925744276,0.9961552042704575,0.9992440353465775,0.9965947432513235,0.99723762058128,0.9993540157412374
