Ticker,ABCB,ABTX,AJX,ALTA,ARI,AXP,BAC,BBT,BK,BOH,BOKF,C,CFG,CFR,CIT,CMA,CNND,COF,DFS,EWBC,FCNCA,FFIN,FHB,FITB,FMAO,FMBH,FNB,GBCI,GS,HBAN,HOMB,HTH,HWC,IBKR,IBOC,ISBC,JPM,KEY,LARK,MBWM,MCBC,MS,MTB,NAVI,NKSH,NTRS,OPY,PACW,PBCT,PGC,PNC,PNFP,RF,SCHW,SFBC,SIVB,SLFC,SRCE,STBA,STT,SYF,TCBI,TFSL,TSC,UMBF,USB,WAL,WFC,WSBC,ZION
ABCB,0.9999999999999997,0.9995020533354189,0.7688121119655315,0.9982430170240907,0.754291555251848,0.9462945203076703,0.9905175833757746,0.9989090122750841,0.9942243567703433,0.9968363115559432,0.9987364551082236,0.9818944403763566,0.999461530636345,0.9987903901244116,0.9980844958934638,0.9973743462622526,0.9597639003641336,0.9962158211422227,0.9852872279925726,0.9983462004861029,0.9979952675290162,0.9988629376057544,0.9991265069058543,0.9980999359305631,0.9989211502948654,0.9992067035520448,0.9990401053281733,0.9997479214073636,0.8870347750146269,0.9990843440817114,0.9989544600935849,0.987552770648549,0.9990344292629076,0.7661484284101954,0.9944711326472315,0.9979561352768489,0.9884894275131163,0.9987328575936855,0.9997644443558318,0.9987012943714867,0.9984851674137911,0.9122928404249822,0.9985546125363993,0.7677516912120391,0.9971772152950868,0.9981306784446992,0.6250354291505891,0.9897033252946204,0.9991355267006353,0.9988106456444127,0.9979371783307455,0.9991234144134336,0.9995453861163994,0.9922305636145273,0.9990304043510931,0.9979578822142141,0.7554784561877816,0.9994337132126366,0.9987664145357338,0.9977983538743728,0.9874802361000897,0.9982328353034537,0.9908359236345188,0.997029404680446,0.9990246368343246,0.9966696534616606,0.9980750480568995,0.9962173408835852,0.9987439613060867,0.9986905498076848
ABTX,0.9995020533354189,1.0,0.7662388645480689,0.998698962355823,0.750918126137201,0.9396851905389877,0.9910982783987924,0.9989383219109861,0.9940169400304671,0.9977866498690279,0.9987987900659789,0.9822439352069865,0.9998507270859117,0.9995261322969127,0.998352731845283,0.9978191234950561,0.9588242296389033,0.9948875219025588,0.9827848535634047,0.9990958609124551,0.9985988905409963,0.9985024982400952,0.9998559127482796,0.9983688406100978,0.9990658966748763,0.9993959582115545,0.999523254942722,0.9997970460313598,0.8860511736543952,0.9995546817521157,0.9985653084740095,0.983514358205545,0.9997986200452385,0.766242647256032,0.9942746628468425,0.9984797745108355,0.9888131815441853,0.9990629291000622,0.9994766121628698,0.9991414880879235,0.9992756983933346,0.9111096036909992,0.9988560659231498,0.7673683613029589,0.9975087428642622,0.9987452149934394,0.6061801070627957,0.9933420612583401,0.9998902284173287,0.9996887590886938,0.9980934217530842,0.9995503242334236,0.9998802191335825,0.9930583082935656,0.9993388694310912,0.9987737865228183,0.7465886076621421,0.9993774083732613,0.9993124968849258,0.9982860609942543,0.9843128400828846,0.9993869324415204,0.9915116942816327,0.9985745803180587,0.9994258213399455,0.9968197973342229,0.9988873554104696,0.9967456317582053,0.9988280790816696,0.9993745878377037
AJX,0.7688121119655315,0.7662388645480689,1.0,0.7417755857967178,0.990506549961541,0.88672650835935,0.8376629584355615,0.7933006856555966,0.822855336034412,0.7386001391673439,0.7796375687937259,0.863666347793012,0.7767196028614916,0.7622615235879175,0.7956416944446586,0.7556787876248289,0.907535807384746,0.8087842468122044,0.8192029489592819,0.7500901684189597,0.7454233795885771,0.7907444521597866,0.7575267062453784,0.7829715436547737,0.76351731489238,0.7870498849672269,0.7847365845125431,0.774452631978097,0.9644973926730113,0.7712939925929752,0.790011289836306,0.8294214332845143,0.7644006049774985,0.9796111783116822,0.7918494181472777,0.7966103693610397,0.8421629932103325,0.7738051726546535,0.7585320767602062,0.7866155784933307,0.7484229772028622,0.9545806374048076,0.7575533368211211,0.9825927000827775,0.760062592932524,0.7592770671162135,0.7987066266596561,0.7524008048693737,0.7688988316691818,0.7650934988881896,0.7822835134783603,0.783763019988324,0.7614106006709725,0.8287760352953937,0.7524340943666443,0.7460320936131523,0.9707937209615308,0.7740154676179911,0.7632404095491938,0.7850640620663546,0.8324836149925708,0.7615453218814402,0.8398230889775107,0.7436987464713416,0.7701543391178131,0.7807166919029145,0.7438239515432973,0.8000468146777088,0.7913621231424544,0.7507150288603959
ALTA,0.9982430170240907,0.998698962355823,0.7417755857967178,0.9999999999999997,0.7226258784008569,0.9313009222144456,0.9863608578853731,0.9962982620699016,0.9909421666889113,0.999543095653983,0.9982046816586176,0.9763110981674097,0.9980412660284276,0.9993568572865253,0.9954346535776933,0.999288388361985,0.949636769188562,0.9928911742114798,0.982586400964619,0.9998396830902341,0.9997569989798801,0.9968470279644944,0.9987454327961888,0.9977583710307698,0.9993036206077615,0.9971665425693848,0.9968521657198764,0.9982504895253455,0.8714764693084962,0.9977853998473163,0.9966293888099158,0.9793064289367132,0.9988210279163987,0.743375616134436,0.9943810815103888,0.9960193306872278,0.9842206932778448,0.998613370659296,0.998943117858879,0.9968040195481006,0.9985255461467977,0.8973002080725427,0.9996216752558179,0.7455827979089878,0.9987040623452833,0.9991906952758648,0.592864648932877,0.9912252285390889,0.9980889509457143,0.9987447271833753,0.9977141010543246,0.997333939459549,0.9988199643667294,0.9884461036781864,0.999812854791732,0.9992101169413456,0.7257183012071566,0.9986950655339382,0.9991932983197312,0.9972352382625468,0.9813666473189913,0.9987795094022096,0.9864324910090226,0.9985060481335924,0.9987632112783618,0.997130480174471,0.9982335319899441,0.9949998303062471,0.9963563310945612,0.9996551958743802
ARI,0.754291555251848,0.750918126137201,0.990506549961541,0.7226258784008569,1.0,0.8670572891964987,0.8160071522243392,0.7769851470712165,0.8012002630009368,0.7160748136185004,0.7597908936499893,0.8394921032707535,0.7610962418528815,0.7429639137710552,0.7777848472301603,0.7332338801166067,0.8825408365914001,0.7902065447558969,0.7906408086245162,0.7304991719094804,0.724344275974246,0.7740863297727834,0.7428084739181225,0.7617594829836581,0.7449496941630778,0.7708468934839068,0.7705487800908212,0.7587308849287705,0.935281237492341,0.754502065308937,0.7751433306220763,0.8131398252508805,0.7468402487787538,0.9519320847524663,0.7699989000050194,0.7781440482926576,0.8183140828078307,0.7531702734084074,0.7423531462425944,0.7690395450308909,0.7328300725074811,0.929175338176844,0.7371536085698831,0.9531800930699557,0.739795233807683,0.7372916347796638,0.783836536503779,0.7371063113361198,0.7539849738828743,0.7468644088002215,0.7616661169177559,0.7688316729689496,0.7455664432564512,0.8081810618811828,0.7336999230468901,0.7261110630119212,0.9537595543827483,0.7560284785480982,0.7452639797769612,0.7631816232373324,0.8114257926321199,0.7421978185348262,0.820928697740724,0.724947107036555,0.7505558410873059,0.7562997376854586,0.728709104290239,0.7773123826657924,0.7771725467872307,0.7318155676330073
AXP,0.9462945203076703,0.9396851905389877,0.88672650835935,0.9313009222144456,0.8670572891964987,1.0,0.9633471497251864,0.953040373948471,0.9643626019803985,0.9288750601337274,0.9483976879085863,0.9698844674858237,0.9444522736719829,0.9381876434459058,0.9539900928833523,0.9371868526906187,0.9807364639599924,0.9647518684584626,0.9734300294658143,0.9328962997521429,0.9334501576152475,0.9522490480476807,0.9346819251977707,0.9487532374016125,0.9410707089454634,0.9495282181535085,0.9456341315381438,0.9453573708459516,0.9559011981103607,0.9434051231403392,0.9511232724136611,0.9847560098664148,0.9392350234553869,0.8785796089714353,0.9500830350170699,0.9512251120093405,0.9662840439161113,0.9457458365194998,0.942479993977851,0.9488541299598399,0.9315084627535823,0.9683988166770457,0.9390639823761583,0.8825903488015103,0.937069686107209,0.9396078194908164,0.8353122760134885,0.9133285654462493,0.9394131402194784,0.938757988632721,0.9476536080759613,0.9456016765630748,0.9398763592826214,0.9593278107832665,0.9371241580704612,0.9322379078776968,0.9139612631170222,0.946605580650701,0.9388518420919317,0.9494934239885452,0.9818783432972913,0.9361305450436526,0.9611881651525579,0.9263153290685807,0.9438932037207611,0.9492815722366698,0.9289318100392652,0.9543783523553557,0.9492200211058875,0.9343359329983799
BAC,0.9905175833757746,0.9910982783987924,0.8376629584355615,0.9863608578853731,0.8160071522243392,0.9633471497251864,1.0,0.9956890323472567,0.9989773109706458,0.9865467253956922,0.9938547379950721,0.9984237127624797,0.9930627128135696,0.9913545260716976,0.9965202196459442,0.9892641117460318,0.9873932057038911,0.9950778668326151,0.9898980383157444,0.988652533833478,0.9879362939658861,0.9944316010977516,0.9892532774271744,0.9947288900370128,0.9903858985052897,0.9948178648580202,0.9939058045689843,0.9925463897895822,0.9391618600639547,0.992579165785059,0.9936460610713076,0.9883519089748279,0.9915668340427038,0.8430669151588432,0.9922993970569348,0.9968712888403635,0.9997294555291608,0.9935225808040236,0.9892795404745773,0.9953723598666778,0.9875860109514897,0.9567770773194596,0.9898802682485174,0.8446244445281937,0.9887350338163984,0.9911086004543607,0.6600560968223812,0.9838385844469365,0.9915537840049599,0.9919285354309061,0.993967920819953,0.9938354191650121,0.990327548063266,0.9997545057243729,0.9888664214903861,0.9881577295029321,0.8167672360912595,0.9925977510292021,0.9905207620422888,0.9956395277662051,0.9912099575768734,0.9914870684921451,0.9995334997060178,0.9874498084717488,0.992936333073589,0.9940058965153388,0.9862738647681973,0.9974840578597266,0.9941101478694028,0.9889362649646121
BBT,0.9989090122750841,0.9989383219109861,0.7933006856555966,0.9962982620699016,0.7769851470712165,0.953040373948471,0.9956890323472567,1.0,0.9976879932279255,0.9953656917690304,0.9990945869904102,0.9892724948899856,0.9995635428452396,0.9984026935416705,0.9997359327277523,0.9965775385081374,0.9705831162195832,0.9976793094531534,0.9879845180529861,0.9971556978588618,0.9966057301790465,0.9993685915320807,0.99812202389083,0.9989383919123962,0.9981298319241524,0.9999204034838304,0.9996334580142779,0.999439995036573,0.9056607432670546,0.9990740990074828,0.9992517207127317,0.9892979195388059,0.9987752344197548,0.792997961041561,0.9956121615442041,0.9997143141509074,0.9940605921381646,0.9989790259691296,0.99829161255718,0.9997156435958365,0.9970530005665544,0.9285826057746828,0.9976475457000358,0.7943687078982654,0.9963582942657514,0.9977690017157879,0.6356781903398188,0.9909778285532848,0.9989649947372565,0.9987012254063515,0.9985218550713505,0.9996275475745432,0.9986614822664144,0.9968153418655261,0.997692994683295,0.996701215806374,0.7759163656554113,0.9991874176071174,0.9982251148893565,0.9990671829403615,0.9901959816839978,0.9981779144560571,0.9958972073724204,0.996067716123715,0.9990109269734857,0.9975757903303853,0.9963212177777337,0.9986614079096776,0.9994569590621888,0.9975195896200707
BK,0.9942243567703433,0.9940169400304671,0.822855336034412,0.9909421666889113,0.8012002630009368,0.9643626019803985,0.9989773109706458,0.9976879932279255,0.9999999999999999,0.9906077579387909,0.9971050497388899,0.9961680366630754,0.9956222623219796,0.9944793950576868,0.9978454366602604,0.9936242831941193,0.9829829113669416,0.9983872478133105,0.9939793027499981,0.9924712268763985,0.9919395001725502,0.9974944551683252,0.9922126423077026,0.9976130654231353,0.9945212476284084,0.9970738764514397,0.9958734930287565,0.9954259046759263,0.9291652289407605,0.9947567176676749,0.9967898692010179,0.991703151806261,0.9942596145018819,0.8243704682820728,0.9962919603796352,0.9983353911831532,0.9985776296983355,0.9965045489688057,0.9931487238049738,0.9970224612564449,0.9905109006078968,0.9482995312103185,0.9940117704023156,0.8269987977991062,0.9933990571690011,0.9944193406243599,0.6648257282776043,0.9845103536506715,0.9939713413543402,0.9944146295940278,0.9972123895469353,0.9961707545984139,0.99342681338559,0.9987601333300729,0.992929131693621,0.9914304071421643,0.8075523697706385,0.9960971744931677,0.9942294030872898,0.997833663902123,0.9945428358977314,0.9939094438175659,0.9987006699641374,0.9900182074077126,0.995764125761104,0.9972751736354402,0.9892575727474557,0.9990444217028075,0.9966652354202413,0.9924652896147398
BOH,0.9968363115559432,0.9977866498690279,0.7386001391673439,0.999543095653983,0.7160748136185004,0.9288750601337274,0.9865467253956922,0.9953656917690304,0.9906077579387909,1.0000000000000002,0.9975904906583801,0.9767553404372884,0.9971013632378278,0.9991231872318932,0.9950573408504726,0.9991289443523043,0.949924743261896,0.9913278297815777,0.9820909704675079,0.9996057741779092,0.9998601048333948,0.9954807398447256,0.9979189530310189,0.9974579330415764,0.9984150390604573,0.9962264035070693,0.9957190385443022,0.9972677254105184,0.872522728135777,0.9974326620360783,0.994912744670981,0.9769876569784086,0.998470109033916,0.745992818313408,0.9932700207048939,0.9955791292384809,0.9847509881557327,0.9984304087115257,0.9980188415457549,0.9964318300050631,0.9981291572021229,0.8976353436314866,0.9992202711940914,0.7479123293518666,0.9978421292928069,0.999449678221343,0.5854643681672312,0.9913254559612371,0.9972705702897665,0.9985813877964703,0.9971227614994917,0.9961653692825917,0.9980848516356794,0.9886792970986736,0.9993086223102573,0.9994655014058346,0.7225225264549094,0.9977977222401266,0.9983889069804087,0.9973604346516834,0.9797116001612262,0.9989077008082222,0.9859130962022896,0.9988810464042068,0.9985868879068248,0.9972549324465606,0.9978373371921184,0.9951597558558072,0.9947383424864602,0.9994730824421046
BOKF,0.9987364551082236,0.9987987900659789,0.7796375687937259,0.9982046816586176,0.7597908936499893,0.9483976879085863,0.9938547379950721,0.9990945869904102,0.9971050497388899,0.9975904906583801,1.0,0.9869840357418855,0.99916692194983,0.9993044402725213,0.9985103335255521,0.9990635700921849,0.9661965788350287,0.9978871209884539,0.9901866058441714,0.9987139362122034,0.9983409338237698,0.9995156799138185,0.9979631455605495,0.9999131169179387,0.9995714498623008,0.9993253293418349,0.9986083341497738,0.9991560290097026,0.8984807929143136,0.9983849707325287,0.999153921789078,0.9872660070265911,0.9988795518234012,0.7795422934522928,0.9979129847127912,0.9991374388544063,0.9923926348109909,0.9998040269985656,0.998529230037852,0.9988839240929007,0.9968943584417335,0.9215052840206175,0.9993972779822395,0.7821682009157408,0.9988740835084403,0.999100267134839,0.6282567885677546,0.9903997443780648,0.9983970857416806,0.9988313464145722,0.9998124580961895,0.9990896139598946,0.9985340246700686,0.9948415079543069,0.9989592186799486,0.9976350406689396,0.7638791423275149,0.9998431312540497,0.999369222454657,0.9995461364563769,0.989828184881087,0.9985842866006578,0.9939861786981937,0.996564740746337,0.9994764633708123,0.9994006381418669,0.9961306716668795,0.998893165390801,0.9989230865451776,0.9985203388270981
C,0.9818944403763566,0.9822439352069865,0.863666347793012,0.9763110981674097,0.8394921032707535,0.9698844674858237,0.9984237127624797,0.9892724948899856,0.9961680366630754,0.9767553404372884,0.9869840357418855,0.9999999999999997,0.9851251266045091,0.9828378077411662,0.9904972743900952,0.9809555718389575,0.9943724335770219,0.9908276742713023,0.9891419362444787,0.9792579430737154,0.9784281960486212,0.9880119642570382,0.9795810042528652,0.9883397388576792,0.9820361397523238,0.9878479335661842,0.9863814987212879,0.9844596123272589,0.956582249987675,0.9843229862677564,0.9868951478030524,0.9863600843643737,0.9829063024397122,0.8696633635868092,0.9872380932773341,0.991039722081108,0.9990300491193173,0.9862152855960774,0.9800486957897826,0.9885144918965779,0.9772947850948843,0.9710125732262535,0.9813138863314059,0.8718021462519057,0.9805398967190331,0.9828270218100992,0.6845073397357037,0.9741009908359869,0.982817177714678,0.9833952152117154,0.9875030310157784,0.9863955360082594,0.9811738696818222,0.9971010905090097,0.9795507999329894,0.9784096138672264,0.8437385750057079,0.9849453805456937,0.9820050249633406,0.989449211875476,0.9902499695881705,0.9828415050500406,0.9977132587954645,0.9772570215880488,0.9851052427967836,0.9880876235554152,0.975549266172248,0.9927547308715488,0.9872865964904518,0.9794279618438082
CFG,0.999461530636345,0.9998507270859117,0.7767196028614916,0.9980412660284276,0.7610962418528815,0.9444522736719829,0.9930627128135696,0.9995635428452396,0.9956222623219796,0.9971013632378278,0.99916692194983,0.9851251266045091,1.0,0.9993571571587678,0.9990654923523006,0.9976328889314173,0.9633756626245312,0.996176785552189,0.9848859810417319,0.99862444334064,0.9980557951154366,0.9990857594541057,0.9994528370694641,0.9988440628029419,0.9990026259253888,0.999838253928044,0.9998340379597737,0.9998683433927166,0.8935712839536998,0.9995475430431462,0.9991006779506015,0.9856199373258171,0.9996621667927597,0.7763128375344647,0.995165575976352,0.9991975787555406,0.9909734811233628,0.9992556501230297,0.9991854518938197,0.9995558725186072,0.9986205857677863,0.9178199210474206,0.9986592937468033,0.7775650794487279,0.9974315030137996,0.9985863307625491,0.6163448915238705,0.9930094822080952,0.9998047162385236,0.9995496338955073,0.99854280727157,0.9998734804409942,0.9996277530825775,0.9946969431903009,0.9989476269454661,0.9981613219711871,0.7572677031811925,0.9995493969779805,0.9992312587765407,0.9988030226770204,0.9866307629267076,0.9991777448996163,0.9934837898410463,0.9978551160201421,0.9994704485604241,0.9973488522254782,0.9980877879520436,0.9977283678707254,0.9993813001591754,0.9988947858677407
CFR,0.9987903901244116,0.9995261322969127,0.7622615235879175,0.9993568572865253,0.7429639137710552,0.9381876434459058,0.9913545260716976,0.9984026935416705,0.9944793950576868,0.9991231872318932,0.9993044402725213,0.9828378077411662,0.9993571571587678,0.9999999999999999,0.99799454029839,0.9991777947543251,0.9589926837461287,0.9948942480616292,0.9848577142232665,0.9997845820465903,0.999542823597255,0.998295438810687,0.9993034960884895,0.9991445438960481,0.9994908712900437,0.9989389376061183,0.9986651956479399,0.9993323259565531,0.8865719420858066,0.9991802730272663,0.9979962826906538,0.9822840088417418,0.9997632711300882,0.7655026802054333,0.9954870981843619,0.998459303578663,0.9894661071345703,0.9996910630329521,0.9991454416227115,0.9988837107984899,0.9988699640358313,0.9108868787636144,0.9996673348994622,0.7672148795429201,0.998524158168731,0.9997309276211841,0.6026685191765007,0.9929619951245912,0.9992550297774531,0.9997947965872453,0.9988702646014035,0.9989336379751312,0.9994624218981613,0.9931200918427,0.9997424159758191,0.9993542111138352,0.7435309157597777,0.9994936265546019,0.9995871582041097,0.9990580229893626,0.9843925779572397,0.9997686332097584,0.9913209549151519,0.9989186473411654,0.9998050932004128,0.9983213280058855,0.9984081540657781,0.9976003728831512,0.9980632715368577,0.9997895730577802
CIT,0.9980844958934638,0.998352731845283,0.7956416944446586,0.9954346535776933,0.7777848472301603,0.9539900928833523,0.9965202196459442,0.9997359327277523,0.9978454366602604,0.9950573408504726,0.9985103335255521,0.9904972743900952,0.9990654923523006,0.99799454029839,1.0,0.9957968448067358,0.9725728541968848,0.9968026084245802,0.9875179761566165,0.9965261785073568,0.996223849956055,0.9984491846558368,0.9975622981187604,0.998551611886444,0.997143961085576,0.9995183876567474,0.9991517863306825,0.9988913605593825,0.9091225850640546,0.9991034921539499,0.9981362569046069,0.9889679299423818,0.998538215656127,0.799460060157973,0.9942545969308092,0.9996431743251579,0.9951387442271632,0.9987130136066299,0.997690873198867,0.999782588546422,0.996801900562644,0.9314901478311343,0.9969252872209439,0.8002711149663552,0.995027475279518,0.9976641393110556,0.6358349256017544,0.991040294476639,0.9985684020167287,0.9985743755466431,0.99780126069702,0.9989778381321153,0.998241011891073,0.9976717683923836,0.9970328524788112,0.9966303315357268,0.7787177339279764,0.9984630734195602,0.9973540299994766,0.999145774695392,0.9897337056405434,0.998159898624883,0.9961785127994017,0.9961282023176085,0.9988373374559105,0.9972845186858909,0.9960535417477373,0.9988747677087098,0.9985129757773458,0.9971205038583303
CMA,0.9973743462622526,0.9978191234950561,0.7556787876248289,0.999288388361985,0.7332338801166067,0.9371868526906187,0.9892641117460318,0.9965775385081374,0.9936242831941193,0.9991289443523043,0.9990635700921849,0.9809555718389575,0.9976328889314173,0.9991777947543251,0.9957968448067358,1.0,0.9564887143923186,0.9950148699232356,0.9876223917199103,0.9993978717333747,0.9992704294858376,0.997599172697664,0.9973328699437262,0.9989637633533609,0.9995133540018958,0.9972592266302083,0.9964273018522595,0.9977061223870233,0.8833270430927156,0.9969309872344904,0.9970832232614119,0.9813785229373925,0.9981878601819312,0.7574584880080684,0.9971614880275188,0.9968484081503686,0.9876641582268263,0.9991257545073194,0.9978536441162434,0.9967961342562974,0.9966271928425663,0.907294967195693,0.9998005756988997,0.7606246643044483,0.9995823652584834,0.9993176582724433,0.6065425687189722,0.9901598944261674,0.9971256187687989,0.9981861891826761,0.9990194865864839,0.9972110205338034,0.997698754265105,0.9905961573232814,0.9992634729617236,0.9981449783213978,0.7398733310600416,0.9989208650251631,0.9992267548581757,0.9983088527171067,0.9850379798732138,0.9983008901694314,0.9892526525372761,0.9970558270639027,0.9987450265455055,0.9989976149113522,0.9960089834426015,0.9969425637717529,0.9966508981794033,0.9988469930138618
CNND,0.9597639003641336,0.9588242296389033,0.907535807384746,0.949636769188562,0.8825408365914001,0.9807364639599924,0.9873932057038911,0.9705831162195832,0.9829829113669416,0.949924743261896,0.9661965788350287,0.9943724335770219,0.9633756626245312,0.9589926837461287,0.9725728541968848,0.9564887143923186,1.0000000000000002,0.9757365981663038,0.9791732620285635,0.9535624117241029,0.9526871368370904,0.9687251828287667,0.9547346744520766,0.9680728691994253,0.95846778782987,0.9679051147455127,0.9655974681421385,0.9627281720323718,0.9807782921858601,0.9624035264754074,0.967258931546259,0.9792771621040237,0.9594408619047036,0.9128830696783186,0.9681667711685352,0.9725297456661551,0.989526370335092,0.964675243660523,0.9566011355318715,0.9688003000823003,0.9515826504292537,0.9902418900735434,0.9571393997212454,0.9152633516695493,0.95614474893538,0.9592753295881621,0.7394149980159138,0.9468790431091187,0.959686436765533,0.9600294638138702,0.9668933983781932,0.965381959834257,0.9575245182272198,0.9843196121091048,0.9546342219507993,0.9527609494728653,0.8945097685328065,0.9632487568180331,0.9580276109985111,0.9697703174450729,0.9824598574782458,0.9588727448073902,0.9860951668988112,0.9505780196064758,0.9630002540294694,0.968075614536407,0.949185326475313,0.9754323365162947,0.9674444957166083,0.9541093836227597
COF,0.9962158211422227,0.9948875219025588,0.8087842468122044,0.9928911742114798,0.7902065447558969,0.9647518684584626,0.9950778668326151,0.9976793094531534,0.9983872478133105,0.9913278297815777,0.9978871209884539,0.9908276742713023,0.996176785552189,0.9948942480616292,0.9968026084245802,0.9950148699232356,0.9757365981663038,0.9999999999999996,0.9952842973298484,0.9935218822888738,0.9928920210399492,0.9986782408010519,0.9930839911050073,0.9977694938150746,0.9963912034812091,0.9973056193647374,0.9960221820243437,0.9962490018262454,0.9159626576019372,0.994509121247989,0.9983708005165038,0.9940696995299502,0.9945152883200108,0.8020889713622538,0.9979864262937749,0.9973470238527005,0.9942119628222347,0.996722995296264,0.9949079581713025,0.996223497477204,0.9910015797952112,0.9371723764766284,0.9954750239378193,0.8058030351942026,0.9956336182224851,0.9946006533272416,0.6736601497845629,0.9828328984297133,0.9943407692059746,0.9942511793137733,0.9979132270741455,0.996674636292624,0.9943648280831217,0.994876130272186,0.9944679370747775,0.9916176482390916,0.7990875673577332,0.9973952951383548,0.9957403396556244,0.9970345406890762,0.9964232106030411,0.9934550148079077,0.9955385303171199,0.9895328869277185,0.9958547832304507,0.9973897579905965,0.9898025346726411,0.9976473103411799,0.9976978980481491,0.9932436505710625
DFS,0.9852872279925726,0.9827848535634047,0.8192029489592819,0.982586400964619,0.7906408086245162,0.9734300294658143,0.9898980383157444,0.9879845180529861,0.9939793027499981,0.9820909704675079,0.9901866058441714,0.9891419362444787,0.9848859810417319,0.9848577142232665,0.9875179761566165,0.9876223917199103,0.9791732620285635,0.9952842973298484,1.0,0.9832988852815827,0.9834559996833744,0.9901948896155955,0.9798258288299715,0.9907249889135642,0.9872838170523918,0.9871130083522437,0.9839946439846651,0.985378877840435,0.9280989820394203,0.9831861841572678,0.9888447729697034,0.9926125456642475,0.9832706057175363,0.8168232703705504,0.9935534504781319,0.9884594384873363,0.9910011030039552,0.9886234068220225,0.984124893119904,0.9861944687950512,0.9775461054864772,0.9454866168917467,0.9868924416397236,0.8229670308763848,0.9876451452897924,0.9861884008545738,0.7121448579612348,0.9657783869346832,0.9815891170411875,0.9831779931281267,0.9909255112235922,0.9853611609374531,0.9824902104934786,0.9880483400472113,0.9843873302224708,0.9808312140557492,0.8231491561135021,0.9884134105828504,0.9856404333539105,0.9898405538135008,0.9976224657629497,0.9825342678160783,0.9888950011135612,0.9767625669175807,0.9866496979883561,0.9926130402540316,0.9757984252377947,0.9917169626359036,0.9869940529313717,0.9824357260684535
EWBC,0.9983462004861029,0.9990958609124551,0.7500901684189597,0.9998396830902341,0.7304991719094804,0.9328962997521429,0.988652533833478,0.9971556978588618,0.9924712268763985,0.9996057741779092,0.9987139362122034,0.9792579430737154,0.99862444334064,0.9997845820465903,0.9965261785073568,0.9993978717333747,0.9535624117241029,0.9935218822888738,0.9832988852815827,1.0,0.9998256480874501,0.9974276232838114,0.9990646435772682,0.9984479113838394,0.9994167839619852,0.9979202366817511,0.997646556118776,0.9987110829409738,0.8779678060995445,0.998436610399803,0.9971406969475011,0.979772291169823,0.9993218647726982,0.7530608946193341,0.9949062519188928,0.9971648405029249,0.9866299319788625,0.9991676958269117,0.9989567162789875,0.9977634925486162,0.9987901280177448,0.9030243066176269,0.9997315101425203,0.7550444809442698,0.9987398937750155,0.9995736230753526,0.5931326036254768,0.992324245928694,0.9986387306877473,0.9993353705999086,0.998315006816128,0.9980460145421464,0.9991082629765574,0.9906339814699113,0.9998404930005794,0.999464353759614,0.7318803744630977,0.9990281889637047,0.9994277883280489,0.998136128660337,0.9821107346139827,0.999407520615174,0.988662623687112,0.9989610803040687,0.999305108852151,0.9977667569630485,0.9984439443663287,0.9962346572733619,0.9970396929117621,0.999848760540103
FCNCA,0.9979952675290162,0.9985988905409963,0.7454233795885771,0.9997569989798801,0.724344275974246,0.9334501576152475,0.9879362939658861,0.9966057301790465,0.9919395001725502,0.9998601048333948,0.9983409338237698,0.9784281960486212,0.9980557951154366,0.999542823597255,0.996223849956055,0.9992704294858376,0.9526871368370904,0.9928920210399492,0.9834559996833744,0.9998256480874501,1.0,0.9966764211005371,0.9986152705435386,0.9981143378090684,0.9989915137751818,0.997330733393312,0.9968542920041255,0.9982802654577717,0.876315603658878,0.9982927235174248,0.9962161962910427,0.9799239044715028,0.999059130710939,0.7510083145658053,0.9939889933396703,0.9965742865438134,0.9861472756248889,0.9990194496573592,0.9989064431804834,0.9974244619729701,0.998687294974658,0.9014274359665985,0.9995823404612264,0.7528655683682407,0.9981502875248297,0.9997190900981792,0.595066336556583,0.9912207123962875,0.9981025758706341,0.9991174922945021,0.9977929028222499,0.9972184810035588,0.998873833900911,0.9899689526159171,0.9997484723436065,0.9996840278303241,0.7303972759423254,0.9986347604177561,0.9988986139914456,0.9979991080148438,0.981979891154715,0.9992535769414069,0.9874293038719417,0.9989727431282648,0.9992085366741114,0.9976921562398261,0.9983709706583337,0.99592172498207,0.9959984910315761,0.9998106982920083
FFIN,0.9988629376057544,0.9985024982400952,0.7907444521597866,0.9968470279644944,0.7740863297727834,0.9522490480476807,0.9944316010977516,0.9993685915320807,0.9974944551683252,0.9954807398447256,0.9995156799138185,0.9880119642570382,0.9990857594541057,0.998295438810687,0.9984491846558368,0.997599172697664,0.9687251828287667,0.9986782408010519,0.9901948896155955,0.9974276232838114,0.9966764211005371,1.0000000000000002,0.9974868489512357,0.9992634379736411,0.9988957780229538,0.9994638824169553,0.9989453710170361,0.999145951865887,0.9030487231014918,0.9978980502200626,0.9999036469881638,0.9893890805725067,0.9980508952427396,0.786167884997246,0.9977832229687648,0.9991341216744213,0.9928568930617077,0.9989426146462699,0.9980701755458875,0.9987130925571198,0.9960325647949801,0.9259870859923777,0.9982380698641365,0.7888779090866188,0.9979712375793992,0.997570441287997,0.6380090821167906,0.9887423262096068,0.9980893986398502,0.9979320199951751,0.9993836341902091,0.99933961003427,0.9980128134706383,0.9952675484533944,0.9978715812569122,0.9960804174966765,0.7743165192209255,0.9995125959329256,0.9986086873634996,0.9986994903365894,0.9911887610050347,0.9973604928969084,0.9951030407589946,0.994924027715744,0.9986436608736613,0.9982735446600434,0.9952618412274047,0.998266339096815,0.9996035770261382,0.9972729745342194
FHB,0.9991265069058543,0.9998559127482796,0.7575267062453784,0.9987454327961888,0.7428084739181225,0.9346819251977707,0.9892532774271744,0.99812202389083,0.9922126423077026,0.9979189530310189,0.9979631455605495,0.9795810042528652,0.9994528370694641,0.9993034960884895,0.9975622981187604,0.9973328699437262,0.9547346744520766,0.9930839911050073,0.9798258288299715,0.9990646435772682,0.9986152705435386,0.9974868489512357,1.0000000000000002,0.997459045786326,0.9985569955710066,0.9987221610245888,0.999061618798431,0.9994115483048625,0.8795897754233767,0.999397950162987,0.9976112580782537,0.9809182855745476,0.999675859308258,0.7585550080851995,0.9926533826531277,0.9975998501525114,0.9867454462356533,0.9984570455586718,0.9993272540396069,0.9985940403993502,0.999688231584401,0.9053466284425802,0.9984724098771778,0.7592800612368897,0.996860191309091,0.9984625885476089,0.5948272038160038,0.9938608558976734,0.9997921804975907,0.9995777067124599,0.9971233999377471,0.9989968534873982,0.9998335477980255,0.9915772994536464,0.9992096606510069,0.9990119660286595,0.736836238405782,0.9987391973344694,0.9989206646501592,0.9974596838620395,0.9814211782269423,0.9993506423858182,0.9896409223179677,0.999070693844231,0.9990331506604644,0.9957312291688328,0.9994473813123932,0.995518549187129,0.9979820308828341,0.9994365435757654
FITB,0.9980999359305631,0.9983688406100978,0.7829715436547737,0.9977583710307698,0.7617594829836581,0.9487532374016125,0.9947288900370128,0.9989383919123962,0.9976130654231353,0.9974579330415764,0.9999131169179387,0.9883397388576792,0.9988440628029419,0.9991445438960481,0.998551611886444,0.9989637633533609,0.9680728691994253,0.9977694938150746,0.9907249889135642,0.9984479113838394,0.9981143378090684,0.9992634379736411,0.997459045786326,1.0000000000000002,0.9992247106952277,0.9991176001117175,0.9983010381596485,0.9987721526531366,0.9019576588691245,0.998147416552888,0.9987599778346675,0.9868645696805742,0.9986348214094236,0.7845900125796214,0.9980023073546571,0.9992633512559397,0.9934520576435877,0.9997788985426581,0.9979482437329793,0.998849474190404,0.9964055380731069,0.924336212271198,0.9991572503931211,0.7872278436988533,0.998621103159053,0.9990772828329555,0.6280282131958458,0.9903822861916253,0.9980175947588752,0.9986735370489905,0.9998253813270682,0.9987943951382786,0.998072349603198,0.9955958413599119,0.9985679242619543,0.9974134203996852,0.7664882461933689,0.9995505211752457,0.9990459506421431,0.9997664786000706,0.9898795397910889,0.99851744147622,0.9946798329626291,0.9963776301540223,0.9993751661114482,0.9996622807620741,0.9955835819156814,0.9993307091640496,0.9985758834322116,0.9982175698758433
FMAO,0.9989211502948654,0.9990658966748763,0.76351731489238,0.9993036206077615,0.7449496941630778,0.9410707089454634,0.9903858985052897,0.9981298319241524,0.9945212476284084,0.9984150390604573,0.9995714498623008,0.9820361397523238,0.9990026259253888,0.9994908712900437,0.997143961085576,0.9995133540018958,0.95846778782987,0.9963912034812091,0.9872838170523918,0.9994167839619852,0.9989915137751818,0.9988957780229538,0.9985569955710066,0.9992247106952277,1.0,0.9986865812232754,0.9981960837474267,0.9990108881708709,0.8857873146356364,0.9980525544854346,0.9987334546598079,0.9841681007095642,0.9989931197747676,0.7615162246609405,0.9972909504749576,0.9979067951274913,0.9884358203510164,0.999406870645814,0.9989144492912719,0.9979526968917715,0.9975654460528873,0.9102681463782449,0.9998304705556044,0.7642477646403631,0.9995414905062102,0.9991078372545426,0.6143770859365316,0.9912304146649352,0.9985288344736739,0.9988251777473317,0.9993155576624408,0.9987813238991097,0.9988373833100306,0.9917727411352871,0.9996000504578589,0.9981315111791125,0.7469362933621432,0.9997467903892603,0.9998508745085387,0.9985288624029843,0.9867115972239869,0.9986357395577864,0.9908754886383618,0.9972171483641186,0.9991930753131018,0.9985747213137308,0.9969575077293441,0.9972458623498852,0.9984865231928577,0.9990984037661147
FMBH,0.9992067035520448,0.9993959582115545,0.7870498849672269,0.9971665425693848,0.7708468934839068,0.9495282181535085,0.9948178648580202,0.9999204034838304,0.9970738764514397,0.9962264035070693,0.9993253293418349,0.9878479335661842,0.999838253928044,0.9989389376061183,0.9995183876567474,0.9972592266302083,0.9679051147455127,0.9973056193647374,0.9871130083522437,0.9979202366817511,0.997330733393312,0.9994638824169553,0.9987221610245888,0.9991176001117175,0.9986865812232754,1.0,0.9998065195381497,0.9997117596746585,0.9011682985580861,0.9992935745106545,0.9993894361283482,0.9878367243106912,0.9992136786592789,0.7864654682953259,0.9958398253589688,0.9996571962672091,0.99301906834812,0.9992535868170027,0.9987100954385274,0.9997302196186442,0.9977031285775029,0.9245397198143417,0.9982498238736685,0.7879210348427406,0.9971000034116941,0.9982393068227389,0.6276842112069367,0.9918368872834181,0.9993611725685569,0.9991328193352892,0.9988007074442952,0.999858829345295,0.9991017904911949,0.9961092542250942,0.9983324941229972,0.9973682107691664,0.7685752983815993,0.9994982346489314,0.9988127374718654,0.9991251323574735,0.9889519858059217,0.9986796514360686,0.9951549328291667,0.9968427583462219,0.9993177376599541,0.9977475028997065,0.9970407839894988,0.9984806788275046,0.9995945685992835,0.9981842395943802
FNB,0.9990401053281733,0.999523254942722,0.7847365845125431,0.9968521657198764,0.7705487800908212,0.9456341315381438,0.9939058045689843,0.9996334580142779,0.9958734930287565,0.9957190385443022,0.9986083341497738,0.9863814987212879,0.9998340379597737,0.9986651956479399,0.9991517863306825,0.9964273018522595,0.9655974681421385,0.9960221820243437,0.9839946439846651,0.997646556118776,0.9968542920041255,0.9989453710170361,0.999061618798431,0.9983010381596485,0.9981960837474267,0.9998065195381497,1.0,0.9996037901071516,0.8977812258820519,0.9992698126605076,0.999073962600735,0.9857892189516302,0.9991702197241257,0.7833198797212931,0.9945651772299904,0.9992825787294657,0.9917305753936144,0.9986068684631813,0.9984794040237523,0.9995188087476629,0.9980506289848186,0.9217030679850508,0.9976373374921391,0.7842974739289433,0.9964179627484083,0.9975987204283722,0.618156428598749,0.9930728054965176,0.9996313200515703,0.9990718438068815,0.9979886072916291,0.9999082087462021,0.9991396379725747,0.9954985170792214,0.9979874224735726,0.9971798140164136,0.7629803358867915,0.9990042662815114,0.998541539279812,0.9983482781608226,0.9865019284335094,0.9985920390337041,0.9945628079171271,0.9970894247762973,0.9988757371895667,0.9964740298398524,0.997491781549577,0.9975115910227338,0.9995370140681816,0.9980081460145226
GBCI,0.9997479214073636,0.9997970460313598,0.774452631978097,0.9982504895253455,0.7587308849287705,0.9453573708459516,0.9925463897895822,0.999439995036573,0.9954259046759263,0.9972677254105184,0.9991560290097026,0.9844596123272589,0.9998683433927166,0.9993323259565531,0.9988913605593825,0.9977061223870233,0.9627281720323718,0.9962490018262454,0.985378877840435,0.9987110829409738,0.9982802654577717,0.999145951865887,0.9994115483048625,0.9987721526531366,0.9990108881708709,0.9997117596746585,0.9996037901071516,1.0,0.8922281141796109,0.999604894995046,0.9991089383332649,0.9865132155600841,0.9995289717240095,0.7741684685250603,0.9949376703624396,0.9989634608352058,0.9906285258276997,0.9992863384129735,0.9995569724817142,0.9994957694681428,0.9987890198217912,0.9166550918006667,0.9987510308965919,0.7755621117896323,0.9973538949165038,0.9986719306036324,0.6190565527168738,0.9912738651872457,0.9995866619004026,0.9994619673861396,0.998516035284359,0.9996323714065449,0.9997067556171219,0.9942225389508328,0.9991007877202842,0.9984196005466468,0.7576342673402559,0.9996134419289098,0.9990086746619025,0.9987045954745456,0.9870403135015308,0.9990280068201014,0.9927666509744247,0.9978019093586986,0.9995605182383202,0.9973770961978746,0.9983446204911026,0.9973961615642295,0.9991096190509013,0.9990198914019267
GS,0.8870347750146269,0.8860511736543952,0.9644973926730113,0.8714764693084962,0.935281237492341,0.9559011981103607,0.9391618600639547,0.9056607432670546,0.9291652289407605,0.872522728135777,0.8984807929143136,0.956582249987675,0.8935712839536998,0.8865719420858066,0.9091225850640546,0.8833270430927156,0.9807782921858601,0.9159626576019372,0.9280989820394203,0.8779678060995445,0.876315603658878,0.9030487231014918,0.8795897754233767,0.9019576588691245,0.8857873146356364,0.9011682985580861,0.8977812258820519,0.8922281141796109,0.9999999999999998,0.8917465898619077,0.9007757604559912,0.9263950012419523,0.8870511665897354,0.9719764745993915,0.9053273485659685,0.9096503364921934,0.9437949385187053,0.8957390358140387,0.8816772357765983,0.9027218586588318,0.8745063601588978,0.9980857285112477,0.8835556280857461,0.9750145893709812,0.8834587218675378,0.8869642030751514,0.7771212337718952,0.8735538238934564,0.8876969014964261,0.8881744827671102,0.9004389210013495,0.8974223747353725,0.883545028014862,0.9329391134890276,0.8790461103739817,0.8764438696419007,0.9479145565752568,0.8931993582349773,0.8852370405998092,0.9046717845259388,0.9320561761532064,0.8866085480321444,0.9374586677860716,0.8737393584947868,0.8927577022592823,0.9026428155183026,0.870881665003616,0.9151472178067919,0.9012842237582582,0.878411107969128
HBAN,0.9990843440817114,0.9995546817521157,0.7712939925929752,0.9977853998473163,0.754502065308937,0.9434051231403392,0.992579165785059,0.9990740990074828,0.9947567176676749,0.9974326620360783,0.9983849707325287,0.9843229862677564,0.9995475430431462,0.9991802730272663,0.9991034921539499,0.9969309872344904,0.9624035264754074,0.994509121247989,0.9831861841572678,0.998436610399803,0.9982927235174248,0.9978980502200626,0.999397950162987,0.998147416552888,0.9980525544854346,0.9992935745106545,0.9992698126605076,0.999604894995046,0.8917465898619077,1.0,0.9977145077147825,0.9848450880668244,0.9996769874361914,0.7760084583806103,0.9927626818071894,0.9987293925631168,0.9907332895722275,0.9990143855281666,0.9992721356368299,0.999646251484929,0.9992706668994423,0.9161200014789826,0.998140059491838,0.776480973650225,0.9959009437053072,0.9987778228082624,0.611907743207147,0.9923444718168132,0.9995991913407206,0.9997117257733812,0.9974792375245319,0.9990474360442113,0.9997079537898516,0.9945407813072911,0.9987507984703438,0.9989248692543987,0.7541937955137012,0.9988497531192957,0.9982938672882589,0.9986421594886304,0.9850340897969185,0.999437428381411,0.9922152169658427,0.9986600920484728,0.9995357463253656,0.9967007167328816,0.9989029919050164,0.997208108804523,0.9980135762832433,0.9990743565480698
