Ticker,ABCB,ABTX,AJX,ARI,AXP,BAC,BBT,BK,BOKF,C,CFG,CFR,CIT,CMA,CNND,COF,DFS,EWBC,FCNCA,FFIN,FHB,FITB,FMAO,FMBH,FNB,GBCI,GS,HBAN,HBHC,HOMB,HTH,IBKR,IBOC,ISBC,JPM,KEY,LARK,MBWM,MCBC,MS,MTB,NAVI,NKSH,NTRS,OPY,PACW,PBCT,PGC,PNC,PNFP,RF,SCHW,SFBC,SIVB,SLFC,SRCE,STBA,STT,SYF,TFSL,TSC,UMBF,USB,WAL,WFC,WSBC,ZION
ABCB,0.9999999999999999,0.9996118149356469,0.8343097140199498,0.735830633674346,0.8913748589270255,0.9810667300359152,0.9948469636594416,0.9817853908030064,0.9797689735121614,0.9708487625739692,0.9983488809278835,0.9922725593713826,0.9971966817781613,0.9972228758851859,0.968167046894753,0.9872254052260103,0.9899781001630586,0.9987191210619492,0.9928791173217653,0.9817270661320358,0.9932983213790747,0.9866112974277402,0.9982338498847728,0.9975372606417942,0.9980511002675849,0.992381924314938,0.8815427352522635,0.9961173758394707,0.996568502253598,0.9986564237486828,0.9904704026845594,0.8338078650731487,0.9905985096399178,0.9973593150496798,0.9764123344568396,0.9887231475806272,0.9944683379437671,0.9987943901602444,0.9988141578242767,0.857695110116305,0.9984922110805181,0.842944496481599,0.9848763000275504,0.9875442480618178,0.7251870522856576,0.9939049207946699,0.9991686640896534,0.9989025944104293,0.9964637090686426,0.9991573941771347,0.9983725489501571,0.9251770946251394,0.9984579039880415,0.9807390105058148,0.8409206274459301,0.9988602012594157,0.9992066622796016,0.9846086092303405,0.9909667417287045,0.9916620746382498,0.9977534567930965,0.990419387751677,0.9933810439846594,0.9983502224357016,0.9868143321518427,0.9978753159352273,0.9974356191144581
ABTX,0.9996118149356469,1.0,0.8374546790593917,0.7452639648974133,0.8949260153174721,0.9842964922539387,0.9963531068128965,0.9847195594509192,0.9831244587828581,0.9746183660169987,0.9993424658004242,0.9944958118269149,0.9980024659984428,0.9981805102683105,0.9692305669201094,0.9892279845321368,0.9890331880800451,0.9992798181630739,0.9947708178697316,0.9846110061629435,0.9953536453702357,0.9894193101370022,0.9988851208558241,0.9986362252292122,0.9991200669482335,0.9943636733101829,0.8879161299114927,0.9976215240285592,0.9981250236768373,0.9990219193564732,0.9888851516536474,0.8392583369954293,0.9922351536714776,0.9984320294568784,0.9799473546061422,0.9912951329002829,0.9958137602862717,0.9989946304061897,0.9992888237746869,0.8647230881156924,0.9978810057335584,0.8444376738351377,0.9876344750431032,0.9902427036264732,0.7178744394525678,0.9962369326793191,0.999871180556972,0.9994586373743807,0.9976663959302968,0.9997802357213808,0.9992535460582186,0.9321774217311288,0.9976706127599602,0.9840954191770986,0.8392863028679497,0.9993640090512155,0.9992372458871313,0.987623792462621,0.9892647317112112,0.9918627244537224,0.9980905648451033,0.9927939951805274,0.9950258488218933,0.9990523661525107,0.9895744906070751,0.9986681481497728,0.9986251771704585
AJX,0.8343097140199498,0.8374546790593917,0.9999999999999997,0.9275678691787439,0.8938468309403412,0.8912334092329389,0.8638448655435828,0.8814203419962241,0.8575431962769017,0.9062030245979256,0.8457270813146397,0.8431935446219901,0.8575189104915799,0.8371028044252226,0.9291534767513533,0.8724612858402264,0.8653354062204246,0.8272852987068079,0.8301495253819117,0.8540625573812016,0.8380203688098656,0.8564846496915062,0.8372526837195114,0.8535402420623965,0.8533872349866952,0.8520472332530441,0.9507104462094635,0.8458967363188981,0.8415111265785228,0.853488465601695,0.8786929095137537,0.9707679372350357,0.8594293400235951,0.8590120899939957,0.8903857815873603,0.851695812815602,0.8357812491787097,0.8493604486685822,0.823588888591032,0.9379517556653211,0.8249356785790187,0.9502924573964203,0.8379079465719899,0.8370815486741054,0.8557287700518859,0.8292795981430189,0.8375245385504501,0.8365272886126706,0.8523381259373495,0.8471929902611622,0.8382853263151642,0.8644421708258059,0.8164344726535564,0.8272062557644854,0.9715558130010172,0.8427103442481495,0.8333855982036154,0.859837180413671,0.875255717105684,0.8804475627370377,0.8195209176794042,0.8460549238459484,0.853503731450275,0.8239927377723043,0.8702215403857391,0.859109650035831,0.8315654806371272
ARI,0.735830633674346,0.7452639648974133,0.9275678691787439,1.0,0.9172774447926182,0.8380168710797388,0.7946595413781377,0.8335806699698044,0.8246400929289275,0.8583357447451072,0.7640592771503731,0.7850231105559645,0.7643326325492682,0.7493906799262969,0.8262728028298055,0.8187492877443009,0.7507586723429809,0.7359905181451752,0.768743466576551,0.820262309183264,0.7811171744242195,0.8087259734603082,0.7527174308209865,0.7747436787077171,0.772032634471246,0.7955690568650019,0.9399532979045154,0.7746014794520438,0.7686773430650411,0.7633969516442857,0.7815812723811416,0.9181158234255066,0.7897350169243567,0.7712935809610321,0.844423332657078,0.8007955036663971,0.7739357157535529,0.7485976976169328,0.7339265283761411,0.9732215259909481,0.713046430024641,0.8073123638121971,0.7947616826656947,0.7892005736603614,0.7769960467922195,0.7511296826798038,0.7500020374068731,0.7407687354664287,0.7713038767254238,0.7573266446878333,0.7591789071884314,0.8940293265906448,0.703345605056544,0.7966940664315231,0.8529094771216275,0.7557650117912028,0.7315991493352031,0.814427717694124,0.7607181331629533,0.7611198540291477,0.7166142079640558,0.79268729850686,0.7805842620085625,0.7405155200920562,0.8142462695398525,0.7731666076048209,0.7538578460657348
AXP,0.8913748589270255,0.8949260153174721,0.8938468309403412,0.9172774447926182,1.0,0.9503213064669792,0.9282752878762985,0.9536253602009511,0.9510901881823922,0.9591268499115412,0.908843473022289,0.9268719086084627,0.9064848679065084,0.9034183016140869,0.9281414641953707,0.9470376428635966,0.9055778095324545,0.8931832207527252,0.9207116969294777,0.9465709489153035,0.9214463529562362,0.9412405759823492,0.9043979990842312,0.915872765224828,0.9103363760439278,0.9314148697330988,0.9704634452587296,0.9178913913860952,0.9138779710209062,0.9047106264786176,0.9280386156031554,0.9143181881738954,0.9260450811360713,0.9110308608509088,0.9563633884293817,0.9373896749395294,0.9233333335640107,0.8961986334493305,0.8906818133241008,0.9723172274951428,0.8767078607612073,0.8325933384430214,0.9331806893298676,0.9335449321213174,0.8576060511642843,0.8893181774773707,0.8982479828210082,0.8931990497165752,0.9152066804474039,0.9006914679776491,0.9077975429653621,0.9749773040940256,0.870594218475755,0.9378743357418902,0.8856193217654251,0.9060589978289689,0.8861138278487486,0.9455100248935416,0.9096169762025498,0.8894300923402892,0.8769660293673474,0.9329918517487296,0.925184145819884,0.8955805971887724,0.9427526955384907,0.9087107115991229,0.906712601447615
BAC,0.9810667300359152,0.9842964922539387,0.8912334092329389,0.8380168710797388,0.9503213064669792,0.9999999999999997,0.9948858074807916,0.999169043654537,0.9954422839826317,0.9986873869195757,0.9896266655029352,0.9937320307366126,0.9895138826156104,0.9878487107707798,0.9845913954609491,0.9963750825107811,0.9816213353414357,0.9838250005662651,0.9909859932557838,0.9927641582104884,0.991159380071916,0.9963236732834282,0.9866208951699058,0.9918645312066215,0.9902434526539907,0.9942420126495408,0.9532576278022042,0.9922549851875584,0.9911074497979928,0.9868890390458902,0.9843700849970353,0.9076746600803478,0.9915334038418366,0.9917546998037774,0.9996071654587922,0.9957870300894841,0.990704639206859,0.9856628919438112,0.9824517073895066,0.9306773250215626,0.9760540568187817,0.8819776242162805,0.9904962823161156,0.993691668747342,0.764011594013498,0.9832341121559593,0.9858191012813649,0.9849044670245807,0.9917339405880247,0.9868349289470199,0.9882211600770254,0.9753103005309448,0.9731840364982187,0.9907179132383931,0.8822980344658814,0.9876873630271722,0.9806635936687477,0.9974910719196315,0.9804634916036512,0.9823868718183175,0.9785288391250871,0.9948311484961919,0.99426733300237,0.9839072691938947,0.9986498187100982,0.988769194232534,0.9883808983468088
BBT,0.9948469636594416,0.9963531068128965,0.8638448655435828,0.7946595413781377,0.9282752878762985,0.9948858074807916,1.0,0.995607993237296,0.9940482201608433,0.9886963615412543,0.9986384321546291,0.9984766123075176,0.9967591991578248,0.996531937228623,0.9769261634297973,0.9975953709504941,0.9878585517510824,0.9954797053585887,0.9972802789725341,0.9944206203101676,0.9982412285607418,0.9972116279205906,0.9972705331404571,0.9993862498208008,0.9988718204151823,0.9991634314299291,0.9200339382913094,0.9990330019859818,0.9987032145261205,0.9974821193112904,0.9913189105704208,0.8691147792731115,0.9963841436940165,0.9983447155491608,0.9924455688687265,0.9978856027392153,0.9983382565370613,0.9955439806960625,0.9949158799449177,0.9023372291783803,0.9906022396071598,0.8561005167799179,0.9943761056173036,0.9962217668174459,0.7468911467714399,0.9933163694977081,0.9970143127375025,0.9955291073713372,0.9985165415957242,0.997473965999501,0.9982556192302828,0.9581047948567704,0.9891469776189911,0.9923173521509899,0.8591786770043116,0.9978458364906824,0.9938860723546027,0.9964631359682576,0.9883743357358521,0.9886460115382948,0.9913371103952505,0.9981686621304909,0.9982187195975513,0.9957698773802259,0.9974816062887921,0.9981476558877692,0.9976375516727111
BK,0.9817853908030064,0.9847195594509192,0.8814203419962241,0.8335806699698044,0.9536253602009511,0.999169043654537,0.995607993237296,1.0,0.9980750601513526,0.9971472608779284,0.9901448301067945,0.9954994744048664,0.9882041390468924,0.9888514768872902,0.9793871487908093,0.9984085610329009,0.9815171959281574,0.9848937247817079,0.9932375954358175,0.9962355684890081,0.9930025805280703,0.9983338036570552,0.988377719491363,0.9924247438246815,0.9904414545330621,0.9959776991225645,0.9484330327186159,0.9927545148801794,0.9918604779180517,0.9877481889043055,0.985057898951984,0.8956436008212019,0.9940794622026191,0.9912780909812863,0.9990976677821558,0.9976649626112989,0.9929999276189794,0.98476768059128,0.9828375400038974,0.9308254100515854,0.9766030301799552,0.8660389799045771,0.9943539384805732,0.9958823366871234,0.7661400385190774,0.9827295044111232,0.986166641269478,0.9845673653725109,0.9927581044832603,0.9871541716637088,0.9892000413094639,0.9775689342405385,0.9736150019410619,0.9937754603840805,0.8727213660706077,0.9888508898829447,0.9812372226099181,0.998937230473249,0.9801697624387108,0.9789330052397043,0.9778838535783406,0.9965901309958375,0.9954951924256497,0.9846273107463458,0.9991862359025205,0.9892218365131429,0.9895743593481778
BOKF,0.9797689735121614,0.9831244587828581,0.8575431962769017,0.8246400929289275,0.9510901881823922,0.9954422839826317,0.9940482201608433,0.9980750601513526,1.0000000000000002,0.9918167789836835,0.9888129758727641,0.9964793979557841,0.9839165406426442,0.9874234011460977,0.9652162560907835,0.9976876516485137,0.9740089689072127,0.9840522576868623,0.9947753706743603,0.9991420380105374,0.9948244448880652,0.9991230379204703,0.9879078297780328,0.9907457820237635,0.9886712835817048,0.9966386859747838,0.9361281879274626,0.9919736671388663,0.9915501784401223,0.985612203612192,0.978488283923256,0.8718444750352943,0.9935535569513145,0.9878772094138609,0.9957065593251522,0.9984828686882153,0.9943041725963588,0.9806031598592438,0.982007891431575,0.9265376409724011,0.9737008822888258,0.8340522926955946,0.9978390909926831,0.9977428466200203,0.7432622925786248,0.9829934138789388,0.9849078250185829,0.982033238225765,0.9910607486030064,0.9851792667222197,0.9887398348060258,0.9812190277794985,0.9710560720217246,0.9979114359121471,0.8435166536206701,0.9874559182218524,0.9791217695314469,0.9990794854392911,0.9721156807182981,0.9697497011070991,0.9755231630745019,0.9975364853556026,0.9940073791482554,0.984478092337661,0.9974924885064539,0.9870297647932658,0.9895658707920645
C,0.9708487625739692,0.9746183660169987,0.9062030245979256,0.8583357447451072,0.9591268499115412,0.9986873869195757,0.9886963615412543,0.9971472608779284,0.9918167789836835,1.0000000000000002,0.9813261804740384,0.9870346318001094,0.9823432297549229,0.979699965528272,0.9864200010363641,0.9924062107276297,0.9764474185980079,0.9741185132049275,0.9833979957502467,0.9878540859492696,0.9832305762064315,0.9916894791665187,0.9777052625856315,0.9844092180009001,0.9822449507200174,0.9877092672509517,0.9672389135692313,0.9847291233057303,0.9831904191177465,0.9784350883688356,0.9791347650493873,0.9255401754007757,0.9858307323291308,0.9848335767374052,0.9992057601054676,0.9904732477587437,0.9827519950376952,0.977257285080483,0.9720930613298048,0.9428810090811394,0.9655213422337748,0.8949126183861799,0.9843034602186733,0.9877511773297648,0.7788043552850414,0.9736625928516117,0.9763822496845942,0.975745651339081,0.9847281799079078,0.9779836670862457,0.9793066247512883,0.9787057525617241,0.961776991735984,0.9848174463267542,0.8964282235430066,0.9790866026144254,0.9706839727357363,0.9936674323280916,0.9749385851060384,0.9765680676371092,0.9679975245830065,0.9887875907885451,0.9884963416454102,0.9737488669249932,0.9952237567764467,0.9808429328836649,0.9795931214304282
CFG,0.9983488809278835,0.9993424658004242,0.8457270813146397,0.7640592771503731,0.908843473022289,0.9896266655029352,0.9986384321546291,0.9901448301067945,0.9888129758727641,0.9813261804740384,0.9999999999999998,0.9973983824761533,0.9984384239825811,0.9986464963623531,0.9725174639708279,0.9933847661034686,0.9890739848006644,0.9988123301535534,0.997219150889263,0.9895569689932239,0.9977006241036485,0.9938132256019955,0.9990950553996375,0.9997977636180247,0.9997964803931334,0.9973193401487417,0.9014350374666188,0.9993531222390128,0.9995489904164857,0.9988898813704247,0.9898154687252073,0.8512449711835565,0.9946238505454448,0.9992737416979306,0.9861757772867161,0.9952489473475763,0.9979704182662303,0.9983939384740961,0.998642030863475,0.8793680531503401,0.9957389861757523,0.8484400482778466,0.9915789802101055,0.9942327662154123,0.7260134415468016,0.9963896157777653,0.9996420301250911,0.9989164287629915,0.998928179248563,0.9995715958494057,0.9998427632264258,0.9443592750954884,0.9950813153159724,0.9891646949309073,0.8451828884510915,0.9995774992409081,0.9978528294558862,0.9925468214788551,0.9889827728606645,0.9909174400464917,0.9966123024319744,0.9962967035871116,0.9974670116419364,0.9988776085379363,0.993989151900453,0.9989831876618106,0.9994513514706499
CFR,0.9922725593713826,0.9944958118269149,0.8431935446219901,0.7850231105559645,0.9268719086084627,0.9937320307366126,0.9984766123075176,0.9954994744048664,0.9964793979557841,0.9870346318001094,0.9973983824761533,0.9999999999999999,0.9938597871320807,0.9965943958501562,0.9683526670232868,0.9970267920972019,0.9836657103705089,0.9952594331373267,0.9995967602829691,0.9963042951572479,0.9993293179783654,0.9988802454552312,0.9967545166920737,0.9979403728045897,0.9968726185398838,0.9994734474321961,0.915028232809142,0.9986608572233274,0.9987477932866042,0.9947459126569325,0.9849574779742418,0.8558417870397972,0.9963531675522109,0.9962509598787633,0.9920918464350572,0.999508557313241,0.999250077107938,0.9924796172598106,0.9941992406522718,0.897384884937983,0.988531626445913,0.8368016526272024,0.9975994998773159,0.9992533320866865,0.724853599484322,0.9934172314109844,0.9955670494417761,0.9940185914482375,0.9978449230522415,0.9952698490667753,0.997476796998896,0.9631093344728366,0.9871561472749506,0.9968762615526064,0.8370349426251915,0.9965765476128636,0.9919466534893235,0.998150593762544,0.9818254892053525,0.9821768471980449,0.9903339549111908,0.9998115939551262,0.9985867814850956,0.9954921254494422,0.9978188641792398,0.9952939350362856,0.9981329902789202
CIT,0.9971966817781613,0.9980024659984428,0.8575189104915799,0.7643326325492682,0.9064848679065084,0.9895138826156104,0.9967591991578248,0.9882041390468924,0.9839165406426442,0.9823432297549229,0.9984384239825811,0.9938597871320807,0.9999999999999997,0.9971956299738269,0.9805135474381943,0.990381350830871,0.9919474804872711,0.9968661841294226,0.9933967690661031,0.9832530072983007,0.9934686847450039,0.9900428238908823,0.9963861765242396,0.9982333408600966,0.9983627558592989,0.9936025949063021,0.9069082182246047,0.997570696339536,0.9975802144951151,0.9971330733181685,0.991280251333425,0.8664267865258044,0.9909908766893761,0.9992250219529768,0.9857474659066833,0.9916673478629938,0.9940389345368247,0.9992349422334083,0.9971263995457041,0.8760160435319139,0.9954521402882245,0.8712070534366071,0.9851850074693493,0.99022476670497,0.7373805686500446,0.9950988681689868,0.998209239305333,0.9988046363508888,0.9971434668260908,0.9982267313376981,0.9976480441202852,0.9379390044622345,0.9947963258796385,0.9832543200117533,0.8627952978931601,0.9977201201010787,0.9969515363257858,0.9895475473903983,0.9920186016768001,0.9954084834321647,0.9967772577548069,0.9928128371543508,0.9957024125568377,0.996687509442778,0.9925508915729402,0.9975250831085433,0.9970614143162861
CMA,0.9972228758851859,0.9981805102683105,0.8371028044252226,0.7493906799262969,0.9034183016140869,0.9878487107707798,0.996531937228623,0.9888514768872902,0.9874234011460977,0.979699965528272,0.9986464963623531,0.9965943958501562,0.9971956299738269,1.0,0.9716805967181092,0.9920792488277375,0.9922365325308282,0.999370024519067,0.9972340648378891,0.9874272528149691,0.99545234067726,0.993089951632238,0.9992936783940324,0.9983803965824648,0.9977795467748933,0.9951347844884254,0.8981697078454586,0.997474312068514,0.9983876809913775,0.9977886909019091,0.9879915947718214,0.8458840865656622,0.9958183348154751,0.9985327494204633,0.9847082110121428,0.9943646135790758,0.9963984169910372,0.997520954016661,0.9974134967720715,0.87107360748086,0.9971293598555826,0.8469515891225505,0.9917198122789248,0.9938012486071589,0.7223451456279122,0.9948840383847777,0.9981909237571687,0.9985322293540809,0.9993202021732431,0.9982801637102565,0.99826060046389,0.9400489294884893,0.9959864154846951,0.987783197003726,0.8409520884208295,0.999241583236429,0.998254534245815,0.991586680171825,0.9894298600198219,0.99062914155206,0.9966703716076348,0.9951843599554431,0.9983732901395742,0.997344666733804,0.9933553511842325,0.9973193798580964,0.9990612609719935
CNND,0.968167046894753,0.9692305669201094,0.9291534767513533,0.8262728028298055,0.9281414641953707,0.9845913954609491,0.9769261634297973,0.9793871487908093,0.9652162560907835,0.9864200010363641,0.9725174639708279,0.9683526670232868,0.9805135474381943,0.9716805967181092,1.0000000000000007,0.9753292165977994,0.9840648412754467,0.9667693127581696,0.9647430928806817,0.960735827742181,0.9637870553092203,0.9702491258813652,0.968246016767866,0.9752957327620771,0.9741376102822911,0.9696555278747457,0.9543215233770576,0.972414525950667,0.9705165144149746,0.9731602661714727,0.9833882132460569,0.9404021643397908,0.9717213264877587,0.9799439241602121,0.9826124644287633,0.9699835661904733,0.965479289479788,0.9773566461564321,0.9650419762083142,0.9100901643203291,0.9666327207335782,0.9450748712364976,0.9580425511474706,0.9649972444727316,0.8130365512853214,0.9614339855283603,0.9692479377948103,0.972097966374211,0.9754715552688301,0.9723001880736624,0.9689121838690234,0.933820712723135,0.9631293880860049,0.9547416230413184,0.9403939119846002,0.9716865923101222,0.9681681749739239,0.9724983646136637,0.9848249074527948,0.9877538092860824,0.9658847293554063,0.9689980517026101,0.9764467692923936,0.9641882005442454,0.9790738859683991,0.974516762916103,0.9676388742667319
COF,0.9872254052260103,0.9892279845321368,0.8724612858402264,0.8187492877443009,0.9470376428635966,0.9963750825107811,0.9975953709504941,0.9984085610329009,0.9976876516485137,0.9924062107276297,0.9933847661034686,0.9970267920972019,0.990381350830871,0.9920792488277375,0.9753292165977994,0.9999999999999998,0.9850317719633311,0.9891099634666193,0.9951924764140894,0.9976430267224097,0.9954566175502212,0.9986932277212709,0.9929524016513814,0.9951571572503857,0.9936084820243336,0.9977745539251336,0.9343679957913207,0.994617248101436,0.9944895339484402,0.9925142923202759,0.988943749042604,0.8772675577693646,0.9973439824904782,0.9932600783467026,0.9953955048113202,0.9982816543256449,0.9957597866529847,0.9878535447304317,0.986663650851191,0.922591078725184,0.982298301252006,0.8523876095670688,0.9966822827053157,0.9961590613143241,0.7679291746832305,0.9862234393913568,0.9901108824795688,0.987896218239511,0.9955457443041309,0.9912776450336428,0.9928398723903953,0.9700753418731596,0.9795299856305196,0.9935636746917591,0.8652382159323023,0.9929743704568598,0.9867349738416573,0.9980221239363776,0.9848021535443944,0.9806572851653728,0.9814120483019166,0.9974283123999241,0.996940372395657,0.9882543950144898,0.998348372962339,0.993502428433571,0.9926546619784776
DFS,0.9899781001630586,0.9890331880800451,0.8653354062204246,0.7507586723429809,0.9055778095324545,0.9816213353414357,0.9878585517510824,0.9815171959281574,0.9740089689072127,0.9764474185980079,0.9890739848006644,0.9836657103705089,0.9919474804872711,0.9922365325308282,0.9840648412754467,0.9850317719633311,1.0,0.9898184106695078,0.9838978043744566,0.9729189709293758,0.9801092212853819,0.9813467306272874,0.9903689269173964,0.9896851121129022,0.9884167753585882,0.982617858615085,0.9070318238080753,0.9862489237926217,0.9870037916249594,0.991123235885087,0.9933689771025638,0.8692350699728313,0.9891067257387736,0.9921645674836875,0.9783969835505226,0.9822216917101143,0.9835644587755894,0.9922505729388384,0.9858752619602271,0.8692980417648837,0.9922780889487866,0.8844606771158424,0.9769490448605401,0.9794791966994622,0.7815693397175901,0.9793983235486502,0.9878935812242209,0.9903547491862005,0.9920923759420741,0.9898568009984138,0.9873610357968984,0.9210587447660071,0.9897734983555396,0.9691222553780958,0.8870369482054152,0.9914068541682375,0.9915054012272785,0.9801880492267182,0.9981400459203769,0.9932050002732836,0.9871943627929035,0.9822771481758513,0.9912369652267013,0.9846721304489232,0.9851288161688805,0.9900202654605597,0.987511504712052
EWBC,0.9987191210619492,0.9992798181630739,0.8272852987068079,0.7359905181451752,0.8931832207527252,0.9838250005662651,0.9954797053585887,0.9848937247817079,0.9840522576868623,0.9741185132049275,0.9988123301535534,0.9952594331373267,0.9968661841294226,0.999370024519067,0.9667693127581696,0.9891099634666193,0.9898184106695078,1.0000000000000004,0.9962271392234983,0.9850069242173474,0.9952454416794894,0.9903428596587812,0.9993339343162313,0.9980572647932818,0.9979900535237423,0.9941175268060445,0.8858643365386836,0.9972179600583458,0.9980632942950924,0.9981026426886188,0.9867013669196446,0.8335237187657736,0.9934096079168725,0.9979527578125972,0.9799854534076183,0.9921186310465496,0.9960752862112112,0.9980831236680221,0.998992856524291,0.8600708452026561,0.9983113952040682,0.838034397376023,0.9894462255605142,0.9917711272413066,0.7100880280570215,0.9955456934004808,0.9991616710703585,0.9992260828384776,0.9982095958001115,0.9989139089655834,0.998783249955153,0.9328176313862333,0.9978691621192047,0.9857607624566234,0.8311523441292185,0.9993389862001881,0.9991516576182152,0.988474023979308,0.9879889724862337,0.9900102792890867,0.9982438772466434,0.9934995500522746,0.9962569294722035,0.9988032825446893,0.990067346986713,0.9973461603889006,0.9991572154689276
FCNCA,0.9928791173217653,0.9947708178697316,0.8301495253819117,0.768743466576551,0.9207116969294777,0.9909859932557838,0.9972802789725341,0.9932375954358175,0.9947753706743603,0.9833979957502467,0.997219150889263,0.9995967602829691,0.9933967690661031,0.9972340648378891,0.9647430928806817,0.9951924764140894,0.9838978043744566,0.9962271392234983,1.0,0.9945861204305797,0.9988367668916585,0.9976860960567043,0.9971316328979929,0.9974268859352892,0.9962020676106993,0.9985093252371688,0.9063748501837141,0.9983313142966574,0.9985760927334518,0.9942847046014066,0.9840132752609372,0.8452640357981743,0.9955036927258926,0.9957369129879813,0.9893029572311528,0.9986209108980113,0.9992815667786781,0.9925769375888978,0.9951083221707769,0.8862886656222364,0.9899758604863791,0.8288079536739985,0.9969826006137509,0.9990336877437087,0.7176850776443572,0.9931004998455693,0.9957434937102823,0.9945642719926407,0.9976073490825775,0.9950589063843539,0.9975633468830903,0.9582753370812841,0.988903817360488,0.9964799574174034,0.8279750834756507,0.9967880717423652,0.9926310886460562,0.9968182006893205,0.9813146600834548,0.9809726271850762,0.9917046066887201,0.9992224070831652,0.9983467780115164,0.9962556209368567,0.9962704973138917,0.9943628255249746,0.9986467772606162
FFIN,0.9817270661320358,0.9846110061629435,0.8540625573812016,0.820262309183264,0.9465709489153035,0.9927641582104884,0.9944206203101676,0.9962355684890081,0.9991420380105374,0.9878540859492696,0.9895569689932239,0.9963042951572479,0.9832530072983007,0.9874272528149691,0.960735827742181,0.9976430267224097,0.9729189709293758,0.9850069242173474,0.9945861204305797,0.9999999999999998,0.9957223058460518,0.998357429168329,0.9893387921983455,0.9913255271785559,0.9896959006111419,0.997184431520804,0.9271467032900319,0.9919438671148106,0.9916795811839488,0.9875907150032304,0.9792268096242313,0.860033021096899,0.9944102759719516,0.9876972135670181,0.9924172033881168,0.9977945717438499,0.995067887232593,0.9808909523871541,0.9829990258956822,0.9242911700972445,0.9750650880799268,0.8229849813626067,0.9985462747970273,0.9966416907760858,0.7412062290764144,0.9834424141388526,0.9860848102767586,0.9822976828161931,0.9913126337848656,0.9866218746470177,0.9897862687723088,0.9773073118521626,0.9725972577060251,0.9970376503798993,0.8371718373235175,0.9885910860501976,0.9806617447150907,0.9974355330023208,0.9723270008025134,0.9690189214893105,0.97570713839622,0.9969741526718199,0.9931544884104446,0.9855505404587137,0.9955720051676299,0.9887098657621715,0.9899675486731724
FHB,0.9932983213790747,0.9953536453702357,0.8380203688098656,0.7811171744242195,0.9214463529562362,0.991159380071916,0.9982412285607418,0.9930025805280703,0.9948244448880652,0.9832305762064315,0.9977006241036485,0.9993293179783654,0.9934686847450039,0.99545234067726,0.9637870553092203,0.9954566175502212,0.9801092212853819,0.9952454416794894,0.9988367668916585,0.9957223058460518,0.9999999999999996,0.9972895318147974,0.9966267674078453,0.9979204411624301,0.997448882401711,0.9994730140153404,0.9067188065002872,0.9988018444053763,0.998753844740188,0.9951497391594004,0.9838444049661748,0.8468390205867206,0.9944642184075918,0.9956353786043344,0.9889274164379952,0.9982490717140363,0.9994601803518108,0.9925229680669924,0.9952911420400576,0.8932126478439283,0.9884227429122997,0.8280018090792168,0.9964350671637587,0.9979789587884224,0.7157434959306006,0.9945116025298963,0.9964437836730828,0.9941495558236018,0.9967399298662606,0.9958778742161876,0.9981422561250655,0.9600171835395218,0.9876482291441416,0.9961160901992856,0.8290296948315415,0.99651333769194,0.9921759937678273,0.9962420929929892,0.9797906616127183,0.9809130557517761,0.9908006139153196,0.9989648218974925,0.9965816449230551,0.9966695944106568,0.9955511853130711,0.9957403273025052,0.9981226468002992
FITB,0.9866112974277402,0.9894193101370022,0.8564846496915062,0.8087259734603082,0.9412405759823492,0.9963236732834282,0.9972116279205906,0.9983338036570552,0.9991230379204703,0.9916894791665187,0.9938132256019955,0.9988802454552312,0.9900428238908823,0.993089951632238,0.9702491258813652,0.9986932277212709,0.9813467306272874,0.9903428596587812,0.9976860960567043,0.998357429168329,0.9972895318147974,1.0,0.9931613547580029,0.995189624844303,0.9935225405172416,0.9986128605291295,0.9299483529404978,0.9958665422201135,0.9957556848479451,0.9911846548705963,0.9834067158038955,0.8695946449482571,0.996522951962037,0.993235652376928,0.9956874823701412,0.9998322523839017,0.9970730285213675,0.9875494717228142,0.9883317547207574,0.9152732799002175,0.9821254466906348,0.8419873757901905,0.9984459479811231,0.999046369710361,0.740130370695652,0.9886476710616489,0.9907632412593457,0.9887916256217448,0.9956577549788538,0.9910319162728329,0.9935739288944263,0.9731395847363206,0.979816153666421,0.9974987893257582,0.8467467553770696,0.9928781115294121,0.9864693617882679,0.9996344213643324,0.9791892834353236,0.9781178206562189,0.9834623891841451,0.9993048192474381,0.9976223574585281,0.9901122803336803,0.9990632307395113,0.9922051800374544,0.9943738255839316
FMAO,0.9982338498847728,0.9988851208558241,0.8372526837195114,0.7527174308209865,0.9043979990842312,0.9866208951699058,0.9972705331404571,0.988377719491363,0.9879078297780328,0.9777052625856315,0.9990950553996375,0.9967545166920737,0.9963861765242396,0.9992936783940324,0.968246016767866,0.9929524016513814,0.9903689269173964,0.9993339343162313,0.9971316328979929,0.9893387921983455,0.9966267674078453,0.9931613547580029,1.0,0.998848904791145,0.9985810688409619,0.99619532394204,0.8939874852443721,0.9976129893615222,0.9984890540971124,0.9990882853110679,0.9890298303088155,0.8389715745393348,0.9964801692179741,0.99808001291663,0.9831456795004472,0.9944076447060016,0.9973734927677828,0.9971240536672226,0.997645699454641,0.8741444028506303,0.9969173421706068,0.8378580785592644,0.99282133304586,0.9934030770661446,0.7252362514004754,0.994919593051201,0.9987786146969155,0.9980365510759721,0.9992142731625703,0.999071673672867,0.9990123273407382,0.9400508330308406,0.9958865416440608,0.9880065401578971,0.8376765937161204,0.9997841261027632,0.9985715296110176,0.991074194799546,0.9891620016705192,0.9890898563521006,0.9956978191191822,0.9952443317727627,0.9975597768829664,0.9978171702225173,0.9924131652148118,0.9985862783306962,0.9990805792501338
FMBH,0.9975372606417942,0.9986362252292122,0.8535402420623965,0.7747436787077171,0.915872765224828,0.9918645312066215,0.9993862498208008,0.9924247438246815,0.9907457820237635,0.9844092180009001,0.9997977636180247,0.9979403728045897,0.9982333408600966,0.9983803965824648,0.9752957327620771,0.9951571572503857,0.9896851121129022,0.9980572647932818,0.9974268859352892,0.9913255271785559,0.9979204411624301,0.995189624844303,0.998848904791145,1.0000000000000002,0.9997708523409167,0.9981257624330315,0.9088254962805219,0.9994154338762756,0.9994211397025521,0.9988492985452091,0.9911575832017008,0.858839872082926,0.9957514200445283,0.9994363961860382,0.9887728481731662,0.996337161843462,0.9982609191296475,0.9979266178172435,0.9976078531298873,0.8875925233610644,0.9945423057125505,0.8533648915743619,0.9926862818130164,0.9950512960643464,0.7355129696850919,0.9952207307105956,0.9989914636508779,0.9981357105134473,0.9992565662891458,0.9992001088507346,0.9994937696257751,0.9488721969426824,0.9935579418875783,0.9901765196987138,0.8523246438500467,0.9993784204767208,0.9969180814724414,0.9941340651232412,0.9897126797875075,0.9910228033595834,0.9951376278801137,0.9971075359376872,0.9981819277611,0.9980069679458504,0.9955220871131009,0.9990366887802262,0.9990615336999569
FNB,0.9980511002675849,0.9991200669482335,0.8533872349866952,0.772032634471246,0.9103363760439278,0.9902434526539907,0.9988718204151823,0.9904414545330621,0.9886712835817048,0.9822449507200174,0.9997964803931334,0.9968726185398838,0.9983627558592989,0.9977795467748933,0.9741376102822911,0.9936084820243336,0.9884167753585882,0.9979900535237423,0.9962020676106993,0.9896959006111419,0.997448882401711,0.9935225405172416,0.9985810688409619,0.9997708523409167,0.9999999999999999,0.9973037518831456,0.9045269810997721,0.999043409937285,0.9991121940041288,0.999113403871316,0.990269567403307,0.8559876538366027,0.9944852350031117,0.9992586992168955,0.9866261583660663,0.9948391501985351,0.9974037755582111,0.9982635916632001,0.9979872847780301,0.8843534857967149,0.9948798940376622,0.8528651604594701,0.9910005647260766,0.9933386112972702,0.7296835950492417,0.9961731129476824,0.9993941501301008,0.9983983476048643,0.9985918179092648,0.999602799732507,0.9994904294877238,0.945159480282675,0.9941456709883639,0.9882339988336577,0.8502752570522956,0.9991933711382514,0.9973701754508235,0.9922611932743172,0.9890705892893245,0.9917096165921884,0.9956714472789895,0.9958008720136454,0.996827180609007,0.9982517086690955,0.9938811810532767,0.9994089463952404,0.9986893386799514
GBCI,0.992381924314938,0.9943636733101829,0.8520472332530441,0.7955690568650019,0.9314148697330988,0.9942420126495408,0.9991634314299291,0.9959776991225645,0.9966386859747838,0.9877092672509517,0.9973193401487417,0.9994734474321961,0.9936025949063021,0.9951347844884254,0.9696555278747457,0.9977745539251336,0.982617858615085,0.9941175268060445,0.9985093252371688,0.997184431520804,0.9994730140153404,0.9986128605291295,0.99619532394204,0.9981257624330315,0.9973037518831456,0.9999999999999999,0.9179654078277775,0.998596228188258,0.9982490846476014,0.9952454492223265,0.9870685452834728,0.8601869665930001,0.9959576595681937,0.9960604304463804,0.9924433593766876,0.9991794171365654,0.9992971108017417,0.9922922551122809,0.9936382404629821,0.9042004758079115,0.9872732855781484,0.839455494220434,0.9970081431797111,0.9983084012647714,0.7350373749378942,0.9922580837023409,0.9954083366057401,0.9931919136212565,0.9972412821672773,0.9953956386048957,0.9974276268691038,0.9644859982821619,0.9859369051251309,0.9962025646097457,0.8440889148504365,0.9962951836100062,0.9911374413075034,0.9978768540631002,0.9825800242329612,0.9822901739338896,0.9888578025447117,0.9994523639043273,0.9975909387192633,0.9950902415316293,0.9975009195411424,0.9959209639620412,0.9972628446608847
GS,0.8815427352522635,0.8879161299114927,0.9507104462094635,0.9399532979045154,0.9704634452587296,0.9532576278022042,0.9200339382913094,0.9484330327186159,0.9361281879274626,0.9672389135692313,0.9014350374666188,0.915028232809142,0.9069082182246047,0.8981697078454586,0.9543215233770576,0.9343679957913207,0.9070318238080753,0.8858643365386836,0.9063748501837141,0.9271467032900319,0.9067188065002872,0.9299483529404978,0.8939874852443721,0.9088254962805219,0.9045269810997721,0.9179654078277775,1.0000000000000004,0.9090119475261985,0.9049219387283489,0.8980197813346051,0.9148122087203927,0.9784308152190745,0.917555729398308,0.9108217318786576,0.9581080346502945,0.9253969972893632,0.9055017527614142,0.8959124343320555,0.8820238209336613,0.9756576093924343,0.8722807341341496,0.9186360108602788,0.9151808903369285,0.9192567389630342,0.8238807463023358,0.8874238675893433,0.8910472083317529,0.8903918743496892,0.9098728301432272,0.8954758115474463,0.8967778229380973,0.961818391491839,0.8647071053938374,0.9179885701714758,0.930531851373508,0.8970896589569046,0.8810412678925943,0.9358761415804177,0.9062779301361618,0.9068635341832584,0.875432630567013,0.920259926818649,0.9190904705368025,0.8850792339529014,0.9385862754219825,0.9033274957911408,0.896616452483026
HBAN,0.9961173758394707,0.9976215240285592,0.8458967363188981,0.7746014794520438,0.9178913913860952,0.9922549851875584,0.9990330019859818,0.9927545148801794,0.9919736671388663,0.9847291233057303,0.9993531222390128,0.9986608572233274,0.997570696339536,0.997474312068514,0.972414525950667,0.994617248101436,0.9862489237926217,0.9972179600583458,0.9983313142966574,0.9919438671148106,0.9988018444053763,0.9958665422201135,0.9976129893615222,0.9994154338762756,0.999043409937285,0.998596228188258,0.9090119475261985,1.0,0.9996978420206979,0.9968577064057352,0.9884806188903352,0.857512911620967,0.9938202427041453,0.9985195592837688,0.9895926215401437,0.997198192107155,0.9989359029454078,0.9967258694347203,0.9976497306196406,0.8865932088977093,0.9924135813983082,0.8476583050085458,0.9929901048611823,0.9967003334539567,0.7259666892073351,0.9954837620683115,0.998446379482912,0.9974951390476884,0.9981434984980647,0.9979386501015087,0.9993628624452662,0.9531901009121029,0.9917998993899952,0.9929058211596348,0.8444500132332414,0.9982442801432798,0.9950416441055814,0.9953167761554413,0.9860442364746238,0.9879112430779249,0.9948680753626874,0.9981742461513701,0.9977423849527246,0.9983295146945418,0.9959837516670759,0.9973031095967727,0.9992104612482542
HBHC,0.996568502253598,0.9981250236768373,0.8415111265785228,0.7686773430650411,0.9138779710209062,0.9911074497979928,0.9987032145261205,0.9918604779180517,0.9915501784401223,0.9831904191177465,0.9995489904164857,0.9987477932866042,0.9975802144951151,0.9983876809913775,0.9705165144149746,0.9944895339484402,0.9870037916249594,0.9980632942950924,0.9985760927334518,0.9916795811839488,0.998753844740188,0.9957556848479451,0.9984890540971124,0.9994211397025521,0.9991121940041288,0.9982490846476014,0.9049219387283489,0.9996978420206979,0.9999999999999998,0.9974035543639411,0.9874823710254986,0.8514270760725955,0.9948473481750116,0.9985264241217934,0.9882433813029903,0.9970379520093509,0.9987597600041278,0.9967704765826357,0.997843757023952,0.8832887886893366,0.9936211026087304,0.843366132611947,0.9936940731135792,0.9965429733274754,0.7211217964317111,0.9968065597599799,0.9987943946217029,0.99792160671553,0.9987014528793561,0.9983629435551191,0.999532193580541,0.9508469823626894,0.9928885752397507,0.9924492672919726,0.8394414193176453,0.9987629480585135,0.9962588718967071,0.9947857437455454,0.9861150895342639,0.9879441269917967,0.9953904885219808,0.9979551405583654,0.9980636258459605,0.9984028749194429,0.9955974646270718,0.9978084693802304,0.9996198430514885
HOMB,0.9986564237486828,0.9990219193564732,0.853488465601695,0.7633969516442857,0.9047106264786176,0.9868890390458902,0.9974821193112904,0.9877481889043055,0.985612203612192,0.9784350883688356,0.9988898813704247,0.9947459126569325,0.9971330733181685,0.9977886909019091,0.9731602661714727,0.9925142923202759,0.991123235885087,0.9981026426886188,0.9942847046014066,0.9875907150032304,0.9951497391594004,0.9911846548705963,0.9990882853110679,0.9988492985452091,0.999113403871316,0.9952454492223265,0.8980197813346051,0.9968577064057352,0.9974035543639411,1.0000000000000002,0.9916452668646426,0.8489658745975832,0.9954848956653244,0.9984608837623605,0.9828194275423248,0.9923841837243085,0.9956397519205684,0.9979586959154859,0.9968762428766058,0.8796654869193222,0.9966080884708112,0.8509080681667841,0.9897804509810388,0.9902390946067834,0.737005900645752,0.9941050080275446,0.9986850629096096,0.9977504437793,0.9985070026051195,0.9995972074999744,0.9984429713179002,0.9371287627773394,0.9954992728211577,0.984045860271793,0.8523344397705266,0.9993871716741648,0.9985232754705892,0.9890653987653424,0.9917966255551334,0.9924840722256644,0.9948880955531927,0.9931631079826828,0.9959970849456034,0.9968489611644299,0.9912716175676377,0.9997187560803247,0.9974858256102584
HTH,0.9904704026845594,0.9888851516536474,0.8786929095137537,0.7815812723811416,0.9280386156031554,0.9843700849970353,0.9913189105704208,0.985057898951984,0.978488283923256,0.9791347650493873,0.9898154687252073,0.9849574779742418,0.991280251333425,0.9879915947718214,0.9833882132460569,0.988943749042604,0.9933689771025638,0.9867013669196446,0.9840132752609372,0.9792268096242313,0.9838444049661748,0.9834067158038955,0.9890298303088155,0.9911575832017008,0.990269567403307,0.9870685452834728,0.9148122087203927,0.9884806188903352,0.9874823710254986,0.9916452668646426,0.9999999999999998,0.8757528923910466,0.9872338308588885,0.9913095034924805,0.9813274007953595,0.9843914583121626,0.9873399737410612,0.9911297256026305,0.9858382000185498,0.8900287798479718,0.9870504871784993,0.8783512592121546,0.9781175273865287,0.9810283338931597,0.8118088819194399,0.976961676408443,0.9882470848041875,0.9881396491959225,0.990273837953604,0.9899361023144401,0.9889704434632914,0.9328480891922413,0.9853476413196415,0.973235213235532,0.8964930499948084,0.9909409061391407,0.9879197932585339,0.9828648526071088,0.9973105859359532,0.988830343283275,0.9831297225182016,0.9847200978157392,0.9891737190876508,0.9855776463046951,0.9861825927834506,0.9911675954931662,0.9868419001438855
