Ticker,ABCB,ABTX,AJX,ALTA,ARI,AXP,BAC,BBT,BK,BOH,BOKF,C,CFG,CFR,CIT,CMA,CNND,COF,DFS,EWBC,FCNCA,FFIN,FHB,FITB,FMAO,FMBH,FNB,GBCI,GS,HBAN,HOMB,HTH,HWC,IBKR,IBOC,ISBC,JPM,KEY,LARK,MBWM,MCBC,MS,MTB,NAVI,NKSH,NTRS,OPY,PACW,PBCT,PGC,PNC,PNFP,RF,SCHW,SFBC,SIVB,SLFC,SRCE,STBA,STT,SYF,TCBI,TFSL,TSC,UMBF,USB,WAL,WFC,WSBC,ZION
ABCB,1.0000000000000002,0.9991944727974612,0.9954869197607507,0.9981908893889054,0.9767436441782479,0.9780668112852051,0.9976294004947764,0.9995918107894742,0.9982590864022062,0.995677754386229,0.998290117062441,0.9969970458473805,0.9992819899597472,0.9980242221828728,0.998838230536336,0.9957040103984046,0.9980226631575184,0.9977004190289341,0.9868559243609268,0.9976822092175495,0.9972589640665352,0.999135253390697,0.998752223379482,0.9975652391344676,0.9982305850043584,0.9987183030596245,0.9989841933796086,0.9996660226235297,0.9964326343431164,0.9985695744635411,0.9991221653256949,0.9918205600093983,0.9984550247991654,0.9921515752583755,0.9926493423331131,0.9986233198167691,0.9969973552436443,0.9980833572364196,0.9997565042294709,0.9987996909292507,0.9980231905839321,0.9983843507845129,0.9976974696722752,0.9941567521941332,0.9953243046188973,0.9969017916704919,0.8094559406108544,0.9990154824549027,0.9984726818434047,0.9980658195247701,0.997244279483707,0.9992597760353846,0.9993200657490009,0.9973245396110867,0.9987617514083034,0.997101377169396,0.9785937091131791,0.9991491383260743,0.9979893274226063,0.9974055095011267,0.9925690794903657,0.9970863150828164,0.9978164049416215,0.9956827058575005,0.9984462949862553,0.995295950704878,0.9976308616857249,0.9968897849635908,0.9987919337600333,0.9982222450955075
ABTX,0.9991944727974612,0.9999999999999999,0.9946973023983036,0.9987830531891015,0.9749537320922911,0.9699213062105376,0.9990712453787385,0.9998506501948909,0.9983937540697736,0.9971042981066395,0.9984979749750315,0.9982978268966608,0.9999784468962916,0.999205034681731,0.9995026795020672,0.9963746688686799,0.9978950545655005,0.9959360038279553,0.9835392123759062,0.9988269777330401,0.9981367633153175,0.9987413525959893,0.9998960618862056,0.9981344589859545,0.9984303688780303,0.9998588363837944,0.9998853856169128,0.9998121908117478,0.9969752588994869,0.9993846957166111,0.9986724898355743,0.9862134681058286,0.9996736858891674,0.9946289055001851,0.9925336828888932,0.9997060574605573,0.9981181944237549,0.9986837905292483,0.999216514183677,0.9996734702673447,0.999231934836901,0.9984669516452875,0.9981337125402643,0.9961699089485017,0.9958129118260918,0.9978855142919817,0.7872043150505377,0.99984026306731,0.9998200306030769,0.9994898080839016,0.9975287289527536,0.9998120910875623,0.9998275194758259,0.999102314931265,0.999165663802772,0.9983660966173263,0.9697344432683108,0.9991107203575369,0.9988446716284575,0.9983433529051033,0.9883179156045888,0.9989692720391816,0.999401955435184,0.9981404880972042,0.9991420412350848,0.9956741254873593,0.9988620344774052,0.997973421174447,0.9991636710270645,0.9992605319824043
AJX,0.9954869197607507,0.9946973023983036,0.9999999999999998,0.9918885590250982,0.9905450480864063,0.9673510364508519,0.9902977115238086,0.9945388099070415,0.991491632364045,0.9862510608644789,0.9925492668241555,0.9890068017435747,0.9948402163453979,0.9914682830709928,0.9916421020633213,0.9889357336882381,0.9889753631866874,0.9936982957943501,0.977411221583434,0.9911652195158172,0.9886261742011243,0.9959434013493149,0.9940807579931614,0.9910730083231234,0.9937094415328437,0.9928648461207439,0.9956097163583248,0.9946964995077812,0.9870635744133903,0.9911835933936474,0.9972810160474778,0.9845381823348981,0.9919348863779135,0.9796128978362263,0.9901820064791047,0.9929094916323655,0.9879935602889525,0.9906884119013571,0.9933302697433221,0.9919928980521335,0.9911462061672823,0.99027505670904,0.9912109409108492,0.9825668475938867,0.9918701410929555,0.9878137581028004,0.7987658242539961,0.9938413608246784,0.993757410133159,0.9910611724867001,0.9921187833751025,0.996172321523951,0.9933510018643343,0.9898811992927774,0.9922314158153014,0.9877914757286612,0.9710928475319356,0.9940465735989956,0.9937144642900024,0.989193058396767,0.9853030469734907,0.9894105811975534,0.9938020292364856,0.9872011594253247,0.9908153421627371,0.9870681490906426,0.9906698860372649,0.9890621972440587,0.997204899583077,0.9908713547239937
ALTA,0.9981908893889054,0.9987830531891015,0.9918885590250982,0.9999999999999999,0.9663883113157823,0.9715260920146184,0.9995254589570205,0.9989649383919459,0.99988273036873,0.9991925666477705,0.9998736951851969,0.9996769512539884,0.9988846207722153,0.9997954182020928,0.9986060689227568,0.9992991785393134,0.9993227353027303,0.9975533648334928,0.9899408026258183,0.9998811521751143,0.9996473930381551,0.9991142703970618,0.99821318789415,0.9998997439586333,0.9996516644890736,0.9989341845565413,0.998042813022789,0.9989402493447704,0.9993835927337174,0.9980904242989996,0.9983953932847482,0.9867218490956888,0.9990552801943295,0.9940331114119955,0.9962221567459966,0.999570562718836,0.9994158455674282,0.9999094268400448,0.9986589844719302,0.9988463729706245,0.9974969633003851,0.9996583272847057,0.9998907089540638,0.9970088000440994,0.99843849565865,0.9994834690432197,0.7929901398468587,0.9980841439603626,0.9980948488770939,0.9990513569743944,0.9995673163986786,0.9987863387227531,0.9986572381327941,0.9988817923834602,0.9998958542083026,0.9987129633053127,0.9708878786482196,0.999712825888638,0.9994417187438742,0.9997174981329586,0.9911424401272364,0.9988769457433984,0.9992421453741666,0.997431679382519,0.9996602689149543,0.9990070553731009,0.9968705579721899,0.9996284663442917,0.998114283830613,0.9995893609139123
ARI,0.9767436441782479,0.9749537320922911,0.9905450480864063,0.9663883113157823,1.0,0.9458501330229416,0.9648675390030259,0.9742066957755922,0.9655119697188239,0.9563208889365158,0.9673982522291179,0.9614836992640661,0.9749786132852675,0.9665291395346072,0.9695416157500797,0.9596902549490475,0.9618371939009038,0.9709365674347499,0.9433141237990934,0.9654058295207552,0.9607924760679338,0.9750277423731873,0.9749091242835604,0.9643548420397912,0.9696742165750315,0.9713757961223226,0.9777637450646016,0.9745898422583247,0.9572745386444315,0.969741842242537,0.9785694113843916,0.9651609717828769,0.9693523952782738,0.9519762930649658,0.9629691672125583,0.9700252705301665,0.9601388065051213,0.9644068121322569,0.9722171962999925,0.9699621198156241,0.9706194685066415,0.9640304217290485,0.9646442871660311,0.9532718028064747,0.9655563738554933,0.959359158336908,0.7836271193518363,0.9747697072399881,0.9743626294994441,0.967631420224589,0.9661547607763908,0.9772265771122282,0.9728157168491754,0.9654382907891564,0.9676553330084791,0.9615150966460275,0.9537595692822397,0.97105160746486,0.9705015132746918,0.9617825284848011,0.9603902582417765,0.9644609620798563,0.9716171389322807,0.9624985202581124,0.9657322492298156,0.9563207497174856,0.9706362593327605,0.9611647662389311,0.9794370298960074,0.9660588428327789
AXP,0.9780668112852051,0.9699213062105376,0.9673510364508519,0.9715260920146184,0.9458501330229416,0.9999999999999999,0.9676061643212842,0.9738046798690012,0.9746074698848622,0.9673517848951743,0.9736974040123726,0.9684515186240811,0.9707910283634453,0.9686794304329105,0.972829461869202,0.9699742275750841,0.97714948988803,0.9818810398667079,0.9832484429642468,0.9682505823473736,0.9707648392587179,0.9745482207566769,0.9676485057225049,0.9718175631211508,0.9730198440641069,0.968996184384407,0.9684700346629486,0.9731970678945375,0.972397273876437,0.9707397040847984,0.9739232268950512,0.9963320209590264,0.9691760677185645,0.9593134288617204,0.9687675675710388,0.969083304113658,0.9692780514512684,0.9724098876314414,0.9777947103152311,0.9704470147128887,0.9672659210264832,0.9756625875460299,0.9725704221735361,0.9629293463770304,0.968538191563585,0.970790956095747,0.9113157152579626,0.9695379540726763,0.9673164442024967,0.9677104005693734,0.9711815787852979,0.9702252853607538,0.972407447477224,0.965312658691758,0.9733914502872761,0.9682181253551734,0.9972648756925542,0.9749254443677415,0.9700730061450097,0.9710100694868831,0.9917354623921998,0.9652848195047722,0.9650823445451042,0.9609017644350314,0.9718974126594209,0.9720642915679191,0.9661691265311728,0.9703502535571414,0.970520084297924,0.9698070399383643
BAC,0.9976294004947764,0.9990712453787385,0.9902977115238086,0.9995254589570205,0.9648675390030259,0.9676061643212842,1.0,0.9989595108771995,0.9991671810015619,0.999393115184518,0.99901731266024,0.9998122849478748,0.9990485338838389,0.9999234500880663,0.9992440458932499,0.9982225687156564,0.9989758452821289,0.9952805977222585,0.9859963669505447,0.9997913958356998,0.9996777013200063,0.9978949860120319,0.9989011161090725,0.9992101018942091,0.99859596696245,0.9995323663035224,0.9984074916440554,0.9988849601467856,0.9990164433166777,0.9990304456904358,0.997137361508326,0.9837996736536265,0.9996859497447214,0.9966007082767724,0.9935302453010236,0.9997777312644149,0.9997367654019738,0.9996563386292716,0.9984404606037921,0.9994912451538757,0.9987247433762692,0.999328540558515,0.9991335062439569,0.9985134125327088,0.996700724592206,0.9996104699816226,0.7806693708332979,0.9987567774613046,0.9988884812973078,0.9998212996769803,0.9983520531767437,0.9985794035704582,0.9990903919192018,0.9998343435342467,0.9995797802370475,0.9995824908373778,0.966200686549545,0.9989370182404882,0.9988785394389731,0.9997298245907295,0.9877796637866321,0.9998539091936771,0.9993479049540324,0.9991371015514889,0.9998175226188026,0.9979150586309038,0.9982504589779694,0.999496899278785,0.9974838827161786,0.9999312047249376
BBT,0.9995918107894742,0.9998506501948909,0.9945388099070415,0.9989649383919459,0.9742066957755922,0.9738046798690012,0.9989595108771995,0.9999999999999999,0.9988374300395119,0.997202377420913,0.9988695467625375,0.9983570753926158,0.9999100630123379,0.9991527733439551,0.9996374491235875,0.9967470582417209,0.9985303461747648,0.997004418005853,0.985764412156263,0.9987845612719853,0.9983393609671195,0.9990251971482411,0.9995766719103338,0.9984399385975491,0.9987581822426849,0.9996980974842485,0.9996126663978733,0.9998658263374044,0.9974160218902925,0.9993148412606531,0.9988806540914696,0.9886759796876969,0.9995762796618112,0.9941691886742977,0.993126642243553,0.9996006428922943,0.9982025307676081,0.99894542663456,0.9996265530999094,0.9995977128708238,0.9988908927682716,0.998948737904287,0.998484626189716,0.9959121230646165,0.9961116397905524,0.9981400255122553,0.797148201805393,0.9996260404963659,0.9995230589085012,0.9992991443981178,0.9977994852435016,0.999697877702639,0.9998533131399139,0.9987861812493387,0.9994269580089369,0.9982851989387389,0.9732061069034064,0.9994562098893011,0.9989609237398539,0.9985697980671041,0.9905728400744571,0.99869770892612,0.9990750617373299,0.997576358401415,0.9992820378884868,0.9962521819630604,0.9984287751585507,0.9982373935488227,0.9991368449082386,0.9992511755572481
BK,0.9982590864022062,0.9983937540697736,0.991491632364045,0.99988273036873,0.9655119697188239,0.9746074698848622,0.9991671810015619,0.9988374300395119,0.9999999999999999,0.9990034371874871,0.9999258865695695,0.9994623278173652,0.9985692933040883,0.9994865173115463,0.9984728859595018,0.9993477378186929,0.9995986326040014,0.99820251832291,0.9915427563943264,0.9995720226668756,0.9995511710026014,0.9990816217105866,0.9976821054343199,0.9998954753875916,0.9996689929003509,0.9985390161754827,0.9975536083359736,0.998714492941579,0.9994856384550177,0.99776721348138,0.998299489944827,0.9885529633818435,0.9987168813401649,0.9933684441324018,0.9964613312772903,0.9992163199656522,0.9992133393457311,0.9998616700606594,0.9987363913028324,0.9985181942036103,0.9969369593427196,0.9998046072457117,0.9999230396316835,0.9965056234843956,0.9984277537562971,0.9994383446430146,0.8013117710292395,0.9976358749364931,0.9975937249491592,0.998627234312722,0.999520508898342,0.9984268329114196,0.9984171445494516,0.9983467043235946,0.9998531366483598,0.9983665594488794,0.9735349797318189,0.999739139581122,0.9992861810505297,0.9996499273894023,0.9927784585620744,0.9983862377401505,0.9987074197769072,0.9966865194171484,0.9995121145575842,0.9992259073343542,0.9962243137160885,0.9996013173601641,0.9978391801929765,0.9993156974945141
BOH,0.995677754386229,0.9971042981066395,0.9862510608644789,0.9991925666477705,0.9563208889365158,0.9673517848951743,0.999393115184518,0.997202377420913,0.9990034371874871,1.0000000000000002,0.9986754957942672,0.9998175346103014,0.9971344600295634,0.9992908301858975,0.9977491499737009,0.9989529042844557,0.999019501238549,0.9947302084306705,0.9888223470720293,0.9994311527745353,0.999806857860916,0.9966383131970321,0.9967055899746932,0.9992125355322442,0.9980209597614182,0.9979153304456032,0.9959486430616484,0.9971373964469149,0.99973809937129,0.9973567303887478,0.9953355661376699,0.9827087483172041,0.9983301409303249,0.9960833913444213,0.9941574819237692,0.9986107914363757,0.9998066812300833,0.9994526786481482,0.9969928084544545,0.9980289263021271,0.9967712852366735,0.9991418516330416,0.999121820020388,0.9986951802179294,0.9968585019936083,0.999841524325545,0.7820693461645253,0.9965577087434199,0.9966752060768385,0.998648760712409,0.9983501240332319,0.9965458983833033,0.9972982401335422,0.9988721548950263,0.9989647664509977,0.9991443380827847,0.9653412837108972,0.998050937772449,0.9979478483089068,0.9997256181945868,0.9881608573800237,0.9989943727942373,0.9980008242217229,0.998061726324409,0.9992316559452037,0.9990365927775559,0.9961674633704608,0.999613137702838,0.9952370118045655,0.9992273031474656
BOKF,0.998290117062441,0.9984979749750315,0.9925492668241555,0.9998736951851969,0.9673982522291179,0.9736974040123726,0.99901731266024,0.9988695467625375,0.9999258865695695,0.9986754957942672,1.0000000000000002,0.999285714451864,0.9986924124533147,0.9994338423522673,0.9982442460309426,0.9993907809295024,0.9992179327738062,0.9984535594267236,0.9913289014369013,0.9995468257276868,0.9992539357900171,0.9993760780458383,0.997743668055993,0.9999051410455109,0.9999039748099215,0.9985030202176,0.9977728591484069,0.9987196319872893,0.9991389165094625,0.9974716561988854,0.9987417377580516,0.9881005882698303,0.9986364496648442,0.9924517164114274,0.9971094726563011,0.9992370115582228,0.9988632681739299,0.9997230212170125,0.9985453521349558,0.9983286982632851,0.9966765180612052,0.9995313678415162,0.9999349652665539,0.9957989082304368,0.9988985195019373,0.9991061329304586,0.8000649119650666,0.9976145006837284,0.9976767767760759,0.9984727788487338,0.9997051215231525,0.9987134103284495,0.9983175081003223,0.9981471753972498,0.9997858584118484,0.9979108540110379,0.9729701420053326,0.9998418895260835,0.9995952507785907,0.9994224354493761,0.9926647688826241,0.9981932331468731,0.9989725938885431,0.9963505477565218,0.9992834318055662,0.9990990146919411,0.9959230829784136,0.999476350043043,0.998349861475147,0.999125821051186
C,0.9969970458473805,0.9982978268966608,0.9890068017435747,0.9996769512539884,0.9614836992640661,0.9684515186240811,0.9998122849478748,0.9983570753926158,0.9994623278173652,0.9998175346103014,0.999285714451864,0.9999999999999998,0.9983472562786176,0.9998078719502886,0.9986073510655141,0.9990529935397311,0.9992408130813772,0.9957853334917613,0.988405022798362,0.9998408555502895,0.9998995042499902,0.9977768187415106,0.9979228049900749,0.9996014307698762,0.9988308078102861,0.9988564882353594,0.9974054814599276,0.9982314195838901,0.999605708888963,0.9981795418012434,0.9967946531436854,0.984001371064257,0.9991445894636012,0.9958322093281451,0.9947785482502571,0.9994017156967736,0.9998467776370309,0.9998169447511536,0.9979377928941277,0.9988250743552374,0.9976516307126091,0.9994882243245347,0.9995330226199283,0.998330119278362,0.997479293320791,0.9998828711775332,0.7841673059701875,0.9977522981218483,0.9979254721382166,0.9992986246412777,0.9988371297012394,0.9979048278331023,0.9983362544951715,0.9993512858411968,0.9995675826605056,0.9992906380032963,0.9667667738409145,0.998916541436025,0.9988995140422835,0.9999362487687098,0.9889330083527971,0.9994488852284146,0.9989636766081371,0.9984192943970736,0.9996736054337007,0.9989111644090035,0.9970455660105638,0.9998478854663144,0.9968742596365205,0.9997018372331483
CFG,0.9992819899597472,0.9999784468962916,0.9948402163453979,0.9988846207722153,0.9749786132852675,0.9707910283634453,0.9990485338838389,0.9999100630123379,0.9985692933040883,0.9971344600295634,0.9986924124533147,0.9983472562786176,0.9999999999999999,0.9992241890966302,0.9994998434458277,0.996607213792956,0.9980323302091971,0.9963788342400008,0.9842976982047559,0.9988618572533772,0.998178641221059,0.9989092216223061,0.9998077558748112,0.9983082448710278,0.998658644514705,0.9998171461955526,0.9998477300830534,0.9998029648522995,0.997093644186356,0.9992690474363641,0.9988445872469113,0.9867411165293185,0.9996617417010342,0.9942526166714073,0.9930252198986625,0.9997107531481821,0.9981010371328257,0.9987792253903202,0.999258006057853,0.9995993718610865,0.9990214464086281,0.9985824885871605,0.9983197250927004,0.9959310009718982,0.9961412297301547,0.9979493076225072,0.7897259419636067,0.9997456205884506,0.9997624147922898,0.9994180707615163,0.9977239972034063,0.9998545078066744,0.9998005073633738,0.998983528345833,0.9992658530294517,0.9982351097719396,0.9704803708494614,0.9992739078828852,0.9990497754393663,0.9984220980554032,0.9890251243411862,0.9988883950272229,0.9994252910749544,0.9979084522455999,0.9991521050129026,0.9959274756743305,0.9985924178102632,0.9981245423921221,0.9993059043171634,0.9992393127865526
CFR,0.9980242221828728,0.999205034681731,0.9914682830709928,0.9997954182020928,0.9665291395346072,0.9686794304329105,0.9999234500880663,0.9991527733439551,0.9994865173115463,0.9992908301858975,0.9994338423522673,0.9998078719502886,0.9992241890966302,1.0000000000000002,0.9991193752596047,0.9986491646187158,0.9990550836285926,0.9962214801783568,0.9871651164212197,0.9999326615940409,0.999668342391839,0.998562905073973,0.9989063675091453,0.9995346311790647,0.9991416624074398,0.9994997410163611,0.9985823258038978,0.9991007263333207,0.9990893253320312,0.9988123352360098,0.9978866644607836,0.9847591394797487,0.9996128549680457,0.9955969899824796,0.9946800438416179,0.9998728190971106,0.9996167896998708,0.9997995290764528,0.9986260598782176,0.9993946100044944,0.9984462662841216,0.9994545783231045,0.9994803736511214,0.9978943819587117,0.997510546999128,0.9995417591674856,0.7842095786832068,0.9987394264111722,0.9988553992383663,0.9996746908413843,0.9989161086212993,0.998943521534853,0.9991014024793183,0.9996046508247235,0.9997891972290973,0.9992796334213562,0.967691432339635,0.9993644242842512,0.9992913783108717,0.9997496728877617,0.9888957381871991,0.9996056842896829,0.9995606172094603,0.9986236921480726,0.9998254896078331,0.9982687544139289,0.9979219494473642,0.9995758144579437,0.9980600112123685,0.9998995481132521
CIT,0.998838230536336,0.9995026795020672,0.9916421020633213,0.9986060689227568,0.9695416157500797,0.972829461869202,0.9992440458932499,0.9996374491235875,0.9984728859595018,0.9977491499737009,0.9982442460309426,0.9986073510655141,0.9994998434458277,0.9991193752596047,1.0000000000000002,0.9962223032968758,0.9987751230641944,0.9954032771940378,0.9843995436893692,0.9986359313811961,0.9986589512341856,0.9977136025693492,0.9994360330285764,0.9980365112548116,0.9978082262112509,0.9997557055584434,0.9990838681352371,0.9994267858465932,0.9976944089463515,0.9998037963933906,0.9972994530679888,0.9874130133001816,0.9997736114929756,0.9963955088550364,0.9910552055194639,0.9994449589689622,0.9987198183864759,0.9989046811609529,0.9993969809194472,0.9998424640072937,0.9994001865207658,0.9990178483552026,0.9980441242314134,0.997442559837262,0.9946520066072018,0.9986154711079394,0.7927456070295189,0.999565090766815,0.9994726107029183,0.9996519764832487,0.9968579052496754,0.9988454463344827,0.9998494095461938,0.9993051249819536,0.9991956849163433,0.9990991558148069,0.971077459790095,0.9987357911631821,0.9981972455168044,0.9988198551128121,0.9890498976011881,0.9992827130712867,0.9985684599745749,0.9986337898781016,0.9994640323386746,0.9959944555930393,0.9990045610223726,0.9983743811366463,0.9978247434882784,0.9994628917541083
CMA,0.9957040103984046,0.9963746688686799,0.9889357336882381,0.9992991785393134,0.9596902549490475,0.9699742275750841,0.9982225687156564,0.9967470582417209,0.9993477378186929,0.9989529042844557,0.9993907809295024,0.9990529935397311,0.996607213792956,0.9986491646187158,0.9962223032968758,1.0,0.9984524126603103,0.9972859928002991,0.9927438363475478,0.9990691406442235,0.9989440419676092,0.9979167910488884,0.9954282014910101,0.9996859051479352,0.9992077650208826,0.9966762160974161,0.995280457244485,0.9965813608511447,0.9992996842893838,0.9952467093313275,0.9968410974400518,0.9846735068210317,0.997029622632645,0.9912564115814527,0.9980217155140647,0.9979328849229141,0.9984968726960266,0.9991328203558899,0.9963294977299506,0.996455547831454,0.9943206806322451,0.998705866852549,0.9996584753162506,0.9954235301718127,0.9992962448527379,0.998880246892594,0.7940331273288972,0.9951201027517103,0.9953998766491934,0.9970667423463986,0.999601580997698,0.9966525707261807,0.9960824042946271,0.9970218253485036,0.9987980721937147,0.9969500260788517,0.9687696252861113,0.9986250981133187,0.9987139019280208,0.9990430957269663,0.9913033185008959,0.9971819578811874,0.9978742582236705,0.9951330457876004,0.9982460591902325,0.9998464879972515,0.9934070753699125,0.9993411973384336,0.9962238033797765,0.9980949435436671
CNND,0.9980226631575184,0.9978950545655005,0.9889753631866874,0.9993227353027303,0.9618371939009038,0.97714948988803,0.9989758452821289,0.9985303461747648,0.9995986326040014,0.999019501238549,0.9992179327738062,0.9992408130813772,0.9980323302091971,0.9990550836285926,0.9987751230641944,0.9984524126603103,1.0,0.9972572107051444,0.9912872424311786,0.9990076519344252,0.9995881770020244,0.9979603862930637,0.9972876813519844,0.9992470904208934,0.9986129953398926,0.9983158357385703,0.9968491242619639,0.9983970409511467,0.99957573105223,0.9981949518012567,0.9969462924899023,0.9897814536222211,0.9985870461233183,0.994946905920176,0.9941486384120551,0.9987416069387437,0.9993824395102735,0.9996468506408561,0.9989333432302991,0.998619839915179,0.9972525940931405,0.9999307707612083,0.9992968681848204,0.997448183106626,0.996594483164315,0.9995842035553392,0.8059927405472892,0.997485861775683,0.9972003243063816,0.9985809063137145,0.9984014655860207,0.9974691922302998,0.9984250180414147,0.998316941774911,0.9995399852738149,0.9988702440657558,0.9752449993115421,0.9990925030802288,0.9981776120884588,0.9995849779943025,0.9929835447770987,0.9983644475185314,0.9976084077658056,0.9969825482408914,0.9995420950420855,0.9987355206679622,0.9966308692810388,0.9993076029449771,0.9964466543600561,0.9992392300444197
COF,0.9977004190289341,0.9959360038279553,0.9936982957943501,0.9975533648334928,0.9709365674347499,0.9818810398667079,0.9952805977222585,0.997004418005853,0.99820251832291,0.9947302084306705,0.9984535594267236,0.9957853334917613,0.9963788342400008,0.9962214801783568,0.9954032771940378,0.9972859928002991,0.9972572107051444,0.9999999999999999,0.994456694716757,0.9964301537971046,0.9960412670307007,0.998823696045824,0.9945995715821999,0.9977869952716818,0.9986858049384104,0.9952922535519305,0.9952586111390184,0.9967758792554438,0.9963671803845006,0.9941029617518025,0.9985064257553841,0.9932648076884021,0.9953292923583946,0.9856451769674954,0.9973566448994737,0.9962391193401107,0.9951690836797219,0.9971919931489912,0.9972050713359923,0.9951200943831503,0.9927069150692868,0.9974519904964185,0.997996787159309,0.9900664713427115,0.9978615447635923,0.9957746555217483,0.8278442331495822,0.9946985286766968,0.9944058806882426,0.9946682311747654,0.9982085209493247,0.9968444010620523,0.9957856722513646,0.9937568980691464,0.9976194567456466,0.9936717649313412,0.9821758445546753,0.9985776683271176,0.9977077734464416,0.9963333463472029,0.9970461321280882,0.9937757319980026,0.995814027759459,0.9907452293628513,0.9963511701886513,0.9971064547444363,0.9917412303182664,0.9965429406320143,0.9972456364738557,0.9957893213513229
DFS,0.9868559243609268,0.9835392123759062,0.977411221583434,0.9899408026258183,0.9433141237990934,0.9832484429642468,0.9859963669505447,0.985764412156263,0.9915427563943264,0.9888223470720293,0.9913289014369013,0.988405022798362,0.9842976982047559,0.9871651164212197,0.9843995436893692,0.9927438363475478,0.9912872424311786,0.994456694716757,0.9999999999999998,0.9881682144920402,0.9892888897701316,0.9896806481923452,0.9811565992350737,0.9912462036073513,0.9910293485196615,0.9835100213673372,0.9814322498477192,0.9854963410853074,0.9916488335106016,0.9822665359069694,0.9879661831439877,0.9895761019450425,0.984280035683256,0.9750120193034206,0.9937757526819103,0.9858017418477546,0.9879544921732234,0.9899314321843022,0.9873930792889898,0.9838790120150681,0.9795941170745887,0.9906489065471531,0.9915600576239065,0.9819614679568346,0.9921678452334277,0.9892606861762984,0.8497253860304577,0.9815034500688671,0.9808251083880785,0.9837759442614192,0.9919583743544813,0.9846022030601047,0.9840794522294785,0.9830383046144285,0.9894036288233219,0.9847255629030511,0.9823643631666055,0.9901406192771385,0.988579521200445,0.9892698213125989,0.9967535288577145,0.9833440034841562,0.9845285617773742,0.978951726133626,0.9877762673463248,0.9939152494906685,0.9781387675477449,0.9898758094319914,0.9848145659442298,0.9865466743291087
EWBC,0.9976822092175495,0.9988269777330401,0.9911652195158172,0.9998811521751143,0.9654058295207552,0.9682505823473736,0.9997913958356998,0.9987845612719853,0.9995720226668756,0.9994311527745353,0.9995468257276868,0.9998408555502895,0.9988618572533772,0.9999326615940409,0.9986359313811961,0.9990691406442235,0.9990076519344252,0.9964301537971046,0.9881682144920402,1.0000000000000002,0.9997101039017217,0.9986165630284677,0.9984332922438961,0.9997056855792117,0.9992718341843678,0.9991153458511296,0.9981105163579226,0.9987999371714719,0.9992825740444137,0.998290138757254,0.9978564216978251,0.9844477147546898,0.9992529142309822,0.9950360240848137,0.9954489060429103,0.9996822541527607,0.9996146408121714,0.9998154811545965,0.9982994102168867,0.9990065875696111,0.9978884845489675,0.9994116210955946,0.9996497650112347,0.9977188580206536,0.998013120969404,0.9995546705742095,0.7840215298569657,0.9982316254168531,0.9983209458022403,0.9993526890578449,0.9992685166378991,0.9986796653773733,0.9986569416361176,0.9993354459995234,0.9997265666165717,0.9990696006359424,0.9676189047760043,0.999340375683419,0.9992740195725932,0.9997394454036894,0.9891532264950719,0.9993311937489348,0.9994466865514482,0.9982104869043013,0.9996884280369533,0.9987020768719741,0.9973364489377013,0.9996250515410363,0.9978145860792248,0.9997373485160297
FCNCA,0.9972589640665352,0.9981367633153175,0.9886261742011243,0.9996473930381551,0.9607924760679338,0.9707648392587179,0.9996777013200063,0.9983393609671195,0.9995511710026014,0.999806857860916,0.9992539357900171,0.9998995042499902,0.998178641221059,0.999668342391839,0.9986589512341856,0.9989440419676092,0.9995881770020244,0.9960412670307007,0.9892888897701316,0.9997101039017217,0.9999999999999998,0.997785609416348,0.9977220587867512,0.9995343225248123,0.9986820498163141,0.998699743292098,0.9971404742474523,0.9983208177586174,0.9998028813680657,0.9982956411414118,0.9967103538575366,0.9855905481404216,0.9989733302707003,0.996040336861878,0.9944067979448258,0.9992311730720721,0.9999433883314739,0.9998529073701531,0.9982963733758856,0.9988581899647335,0.9976964912077656,0.9997291751090843,0.999490800548998,0.9985131444990224,0.997108982364247,0.9999560327019722,0.7894682859372498,0.9976863452402577,0.9976227971360612,0.9991672384489783,0.9987602350632886,0.9976811460433674,0.9983726379467348,0.9991938163728118,0.9995983154199083,0.9994498932357547,0.969205444100124,0.9989294566143537,0.9985048410693352,0.9999408059205978,0.9898998489656602,0.9992290733430415,0.9985108343940342,0.9982044608417191,0.999769551082753,0.9989716426890074,0.9971439012334147,0.9997122973553071,0.9964958167363391,0.9996957758812363
FFIN,0.999135253390697,0.9987413525959893,0.9959434013493149,0.9991142703970618,0.9750277423731873,0.9745482207566769,0.9978949860120319,0.9990251971482411,0.9990816217105866,0.9966383131970321,0.9993760780458383,0.9977768187415106,0.9989092216223061,0.998562905073973,0.9977136025693492,0.9979167910488884,0.9979603862930637,0.998823696045824,0.9896806481923452,0.9986165630284677,0.997785609416348,1.0,0.9979900464623404,0.9988667929688715,0.999577741722103,0.9981977409443737,0.9984028050765181,0.9991200103776833,0.997346319894992,0.9971391187516524,0.9998522357287282,0.9894963277286478,0.9980158537055227,0.9902296444543226,0.9965817057136739,0.998788196128604,0.99732161581571,0.9986603195762216,0.9987476627593005,0.9979670782926992,0.9965398821466146,0.9985054952385167,0.9989506617027665,0.9936091028350309,0.9982854170560534,0.9973778126848405,0.8037209940124336,0.9979186534232275,0.9977065754783976,0.9976854329330753,0.9991479837165487,0.999332293585123,0.9983282562491154,0.9971146445940526,0.9991273087493735,0.9965904528060169,0.9756415440559649,0.999708338791989,0.9991426095723264,0.9979578688909279,0.9927794778533917,0.996947123492292,0.9986799336132934,0.9949871750820378,0.9984010224130325,0.9972773368300819,0.9959281412525556,0.9978459117884441,0.9992501032696061,0.9982337571352575
FHB,0.998752223379482,0.9998960618862056,0.9940807579931614,0.99821318789415,0.9749091242835604,0.9676485057225049,0.9989011161090725,0.9995766719103338,0.9976821054343199,0.9967055899746932,0.997743668055993,0.9979228049900749,0.9998077558748112,0.9989063675091453,0.9994360330285764,0.9954282014910101,0.9972876813519844,0.9945995715821999,0.9811565992350737,0.9984332922438961,0.9977220587867512,0.9979900464623404,1.0,0.9974157148039998,0.9976171794538432,0.9998350855611073,0.9998672499933029,0.9995806385387924,0.9963240855708787,0.9995224021055407,0.9979587129835179,0.9845929607438031,0.9996154017842557,0.9953404951509093,0.9909309298491288,0.9994924418297112,0.9978367507786845,0.9981599845892257,0.9988581193620646,0.9996763721079686,0.9995556086769507,0.9979059059259279,0.9973876058785731,0.9963998874781248,0.9946588235235532,0.9974651383999343,0.7808530868723716,0.9999385679979966,0.9999175129754376,0.9994974810175494,0.9966474454927164,0.99953154804809,0.9997555535604598,0.9991811189415324,0.9986604156176117,0.9983821477397284,0.9674662237799796,0.9984500079486176,0.9982302660673368,0.9978959766065653,0.9863599635138691,0.9990196940557232,0.9991660793853828,0.9985426588104868,0.9988486059919249,0.9946642881239124,0.9992930420357722,0.997415051842409,0.9986896381428771,0.9990634481337948
FITB,0.9975652391344676,0.9981344589859545,0.9910730083231234,0.9998997439586333,0.9643548420397912,0.9718175631211508,0.9992101018942091,0.9984399385975491,0.9998954753875916,0.9992125355322442,0.9999051410455109,0.9996014307698762,0.9983082448710278,0.9995346311790647,0.9980365112548116,0.9996859051479352,0.9992470904208934,0.9977869952716818,0.9912462036073513,0.9997056855792117,0.9995343225248123,0.9988667929688715,0.9974157148039998,0.9999999999999999,0.9997079548402421,0.9983379794311951,0.9972796423256284,0.99828559364395,0.999497471129178,0.9972831619322285,0.9980444575196873,0.9865415125456605,0.998561766565921,0.9931157710230561,0.9970399072036814,0.9991604830011407,0.9992029202298727,0.9998105187878483,0.9980657153016658,0.9981818017696432,0.9965112209634452,0.9995311162009389,0.9999926414306902,0.9964745922561069,0.9989008976950392,0.9994394733425173,0.7952219982793253,0.9972304613883072,0.9973775504622597,0.9985174795202083,0.9996982661228352,0.9982306349287744,0.9979747887211091,0.9983459412928603,0.9997047735100351,0.9981866230661358,0.9707340591130728,0.9995456315953831,0.9994374229906553,0.999658404744422,0.9917046841140432,0.9984339741286565,0.9989122280065521,0.9967170975804476,0.9993234161819249,0.9994612605047419,0.9957473645929884,0.9997463573313244,0.997703267041776,0.9992087854269005
FMAO,0.9982305850043584,0.9984303688780303,0.9937094415328437,0.9996516644890736,0.9696742165750315,0.9730198440641069,0.99859596696245,0.9987581822426849,0.9996689929003509,0.9980209597614182,0.9999039748099215,0.9988308078102861,0.998658644514705,0.9991416624074398,0.9978082262112509,0.9992077650208826,0.9986129953398926,0.9986858049384104,0.9910293485196615,0.9992718341843678,0.9986820498163141,0.999577741722103,0.9976171794538432,0.9997079548402421,0.9999999999999999,0.9982532272790776,0.9978486713676301,0.9985687705656825,0.9985148653154546,0.9969429182046395,0.9991246023759364,0.9877662867049722,0.9983293065038853,0.9910893778548339,0.9976686356088615,0.9990421338684886,0.9982093063162587,0.9993498407399568,0.998204037886675,0.997913527789085,0.9961634652725095,0.9990442494143748,0.9997455874457033,0.9946728391636253,0.9992298620675246,0.9984892197610596,0.7998763716652866,0.9974040879616983,0.9975716584247767,0.9980597595651648,0.9997086231651715,0.9988742086459501,0.9980328348374456,0.9976525987763021,0.9995203047116535,0.9971354769551027,0.9726504995168311,0.999799158218295,0.9997463099243261,0.9989373736927328,0.9925852156701249,0.9977031058761956,0.9990367722409946,0.9956629060562248,0.9988149815308159,0.9987261565542246,0.995357341007905,0.9991004216877094,0.9987862348935346,0.9986873275881735
FMBH,0.9987183030596245,0.9998588363837944,0.9928648461207439,0.9989341845565413,0.9713757961223226,0.968996184384407,0.9995323663035224,0.9996980974842485,0.9985390161754827,0.9979153304456032,0.9985030202176,0.9988564882353594,0.9998171461955526,0.9994997410163611,0.9997557055584434,0.9966762160974161,0.9983158357385703,0.9952922535519305,0.9835100213673372,0.9991153458511296,0.998699743292098,0.9981977409443737,0.9998350855611073,0.9983379794311951,0.9982532272790776,0.9999999999999999,0.9995837509596395,0.999600342779033,0.9976052260843276,0.9996614019799972,0.9979020753879074,0.985216298692334,0.9999418853543849,0.9960326396171186,0.9920780679537647,0.9998350140564842,0.9987730199760054,0.9990014021327298,0.9990875180620112,0.9998921800023121,0.9994907061118372,0.9987850910623456,0.9983063638544251,0.9973595700809934,0.9955866839269467,0.9985511147152342,0.783736935492158,0.999777730843027,0.9998241382047859,0.9998710030035446,0.9974574121585665,0.9994172651062763,0.9998415923155047,0.9996238809972248,0.9993027744830087,0.9990587642818567,0.9680730237773104,0.9989411138872584,0.998757634566544,0.998865438568716,0.9876667086412163,0.9995598745730543,0.9993948548662763,0.9989395942491744,0.9994870871327586,0.9961397557185017,0.9991182235768462,0.9984918615236086,0.9985209179921062,0.9996316837496133
FNB,0.9989841933796086,0.9998853856169128,0.9956097163583248,0.998042813022789,0.9777637450646016,0.9684700346629486,0.9984074916440554,0.9996126663978733,0.9975536083359736,0.9959486430616484,0.9977728591484069,0.9974054814599276,0.9998477300830534,0.9985823258038978,0.9990838681352371,0.995280457244485,0.9968491242619639,0.9952586111390184,0.9814322498477192,0.9981105163579226,0.9971404742474523,0.9984028050765181,0.9998672499933029,0.9972796423256284,0.9978486713676301,0.9995837509596395,0.9999999999999998,0.9995622358870327,0.9957358507529426,0.9990225965569786,0.9985767774296471,0.9853233531337098,0.9992886050150206,0.9937085898365314,0.9916651130175075,0.9992928819128324,0.9971286972839261,0.9978443991223237,0.998753628709621,0.9992794203298916,0.9990040522111998,0.9975541816896529,0.9972777970117737,0.9950548054585086,0.9950737167469846,0.9968373967990031,0.7845691614936944,0.999765136326304,0.9998116119097337,0.9990288584428013,0.996723793516763,0.999783745721852,0.999561834544961,0.9985639515381212,0.9984941499261709,0.9975302651816046,0.968570124322298,0.998577902649816,0.9984352394366625,0.997423052637118,0.9870584890860646,0.9983972386535452,0.9991615374228411,0.9976228993858895,0.9984162194689041,0.9943616911087879,0.9986680598191171,0.9970378013867782,0.9992833947861988,0.9986115148850739
GBCI,0.9996660226235297,0.9998121908117478,0.9946964995077812,0.9989402493447704,0.9745898422583247,0.9731970678945375,0.9988849601467856,0.9998658263374044,0.998714492941579,0.9971373964469149,0.9987196319872893,0.9982314195838901,0.9998029648522995,0.9991007263333207,0.9994267858465932,0.9965813608511447,0.9983970409511467,0.9967758792554438,0.9854963410853074,0.9987999371714719,0.9983208177586174,0.9991200103776833,0.9995806385387924,0.99828559364395,0.9985687705656825,0.999600342779033,0.9995622358870327,1.0,0.9973567607621194,0.9993561828292461,0.9989472611892775,0.9885884177251495,0.99939071412979,0.994358088346115,0.992819681164327,0.9995386346000045,0.9982402387055967,0.9988482256401499,0.999719436461812,0.9996276355464474,0.9990813096932765,0.9988588555051885,0.9983281677419977,0.996142589763676,0.9958852372720643,0.9979931714171957,0.795289092309637,0.9996785903968481,0.999332415145238,0.99922912117224,0.9978331942182671,0.9996802672756275,0.9998174915590148,0.9987853182791271,0.9993295014171808,0.9984355669491464,0.9735236994577416,0.9993618462276955,0.9985822083567143,0.998401065873795,0.9901735524578975,0.9985637150221445,0.9989452566004741,0.9975928965380486,0.9992838328125045,0.9960681551931913,0.9987557158922225,0.9978916083795484,0.9989293880085093,0.9992509368491536
GS,0.9964326343431164,0.9969752588994869,0.9870635744133903,0.9993835927337174,0.9572745386444315,0.972397273876437,0.9990164433166777,0.9974160218902925,0.9994856384550177,0.99973809937129,0.9991389165094625,0.999605708888963,0.997093644186356,0.9990893253320312,0.9976944089463515,0.9992996842893838,0.99957573105223,0.9963671803845006,0.9916488335106016,0.9992825740444137,0.9998028813680657,0.997346319894992,0.9963240855708787,0.999497471129178,0.9985148653154546,0.9976052260843276,0.9957358507529426,0.9973567607621194,0.9999999999999999,0.9971105509707109,0.9960501445724772,0.9862278399809117,0.9980039451759567,0.9948132339226317,0.9951695919586447,0.9984123240199101,0.999621699800169,0.999623508427686,0.9975902284761887,0.9978203988670985,0.9962450367189016,0.9995758726235118,0.9994776821815596,0.9978507293191854,0.9973806761957053,0.9998054224974456,0.7955416227317988,0.9963171770566975,0.9962230815053423,0.9981953602510127,0.9988141678216954,0.9966114273706308,0.9972930613242349,0.9982201386121898,0.9992189241528409,0.9987460943445932,0.9705788708063005,0.998573331632377,0.9980560609478464,0.9997215011421032,0.9912068242197709,0.9983176236943309,0.9975897327044878,0.9969466460657458,0.9992478022480812,0.9995459346573774,0.995567256115257,0.9996061717447711,0.9954866196431114,0.999043263741844
HBAN,0.9985695744635411,0.9993846957166111,0.9911835933936474,0.9980904242989996,0.969741842242537,0.9707397040847984,0.9990304456904358,0.9993148412606531,0.99776721348138,0.9973567303887478,0.9974716561988854,0.9981795418012434,0.9992690474363641,0.9988123352360098,0.9998037963933906,0.9952467093313275,0.9981949518012567,0.9941029617518025,0.9822665359069694,0.998290138757254,0.9982956411414118,0.9971391187516524,0.9995224021055407,0.9972831619322285,0.9969429182046395,0.9996614019799972,0.9990225965569786,0.9993561828292461,0.9971105509707109,0.9999999999999998,0.9967257821726857,0.9861903868589112,0.9995932951943686,0.9972185063638126,0.9893580954176813,0.9992040788633473,0.9985203633877892,0.9983962647313573,0.9992259195368522,0.9998904938513384,0.9998567809739108,0.9984956395560396,0.9972729729426935,0.9978525861661605,0.993417814221324,0.9981431101795409,0.7866339386098358,0.9997105573852485,0.9993953388884871,0.9996069761992843,0.9960991841919619,0.9985759781165982,0.9997924024273895,0.9993634603225323,0.9986970168817074,0.9992596669341993,0.9697427441269101,0.9981054108943963,0.997352144772268,0.9983107797787325,0.9872614945032292,0.9992116589929938,0.9982033066042623,0.9989891493142469,0.9992340080031297,0.9949848071790787,0.9996670395210544,0.997614387592519,0.997222885232086,0.999301163045403
