Ticker,ABCB,ABTX,AJX,ALTA,ARI,AXP,BAC,BK,BOH,BOKF,C,CFG,CFR,CIT,CMA,CNND,COF,DFS,EWBC,FCNCA,FFIN,FHB,FITB,FMAO,FMBH,FNB,GBCI,GS,HBAN,HOMB,HTH,HWC,IBKR,IBOC,ISBC,JPM,KEY,LARK,MBWM,MCBC,MS,MTB,NAVI,NKSH,NTRS,OMF,OPY,PACW,PBCT,PGC,PNC,PNFP,PROV,RF,SCHW,SF,SFBC,SIVB,SRCE,STBA,STT,SYF,TCBI,TFC,TFSL,TSC,UMBF,UMPQ,USB,WAL,WFC,WSBC,ZION
ABCB,0.9999999999999999,0.9407718535837135,0.7105993703657645,0.9642178842585368,0.7117649698850487,0.8762314279630755,0.9360574518391083,0.9390580608586027,0.9382991705635976,0.9566223055778527,0.9241114310221437,0.943349798329873,0.9418878279267635,0.9347591463380474,0.9397891844134812,0.8963283112915356,0.939318436036739,0.919585972088539,0.9384378282347055,0.9384640951755554,0.9367922971193098,0.9425205479581897,0.9572110030004017,0.941876978128301,0.949714335827088,0.953151433139423,0.938319821275244,0.8242949476041765,0.9428351888062411,0.9497946553100893,0.8905655177229267,0.9426310037679057,0.7007652609446334,0.9331780898913399,0.9453143858707702,0.9337229464437002,0.9600873540003065,0.9959747625971476,0.971417450262194,0.9391540657602052,0.8664209951660303,0.9391418728495994,0.7252118123020709,0.9450165525606417,0.9342983845882991,0.6959977260208076,0.5693744897965272,0.9447410260080323,0.9402624875623484,0.9508559457899168,0.9426620156665017,0.9390416116732382,0.9351282793878641,0.9441680271847401,0.9290002388620485,0.9164346123321788,0.9935637327473826,0.9374588281435947,0.9505813340041579,0.9416943909139849,0.9466321423496709,0.9327658079560882,0.9869206508290728,0.9414051605797726,0.9327328468647864,0.9417946347797898,0.9401824782488473,0.9831418033690208,0.9414511229174434,0.9380296146521422,0.9580678195446133,0.9433396730307464,0.9398766952710673
ABTX,0.9407718535837135,1.0,0.7658306022835503,0.9953012478879911,0.7507993025788672,0.9389780305592226,0.9910350622295115,0.9967738437333986,0.997787772612919,0.9973966704157826,0.9822476810229145,0.9998209415100205,0.9995136106640408,0.9982588807567561,0.9978155225246235,0.9586469092988966,0.9948735583595266,0.9825430802992164,0.9990892266261389,0.9985975343912329,0.9984552710145435,0.9998377862439559,0.9967379562326808,0.999055412305868,0.9994178682702519,0.9987163718078672,0.9997676768750126,0.8857151055143664,0.9995283447578586,0.9981260632880216,0.9784751360162873,0.9997758144873032,0.765330266813848,0.9942417845902289,0.9983144189147365,0.9887625850922507,0.9969315068902079,0.9663157523231961,0.9930990297439299,0.9992745151887271,0.9108271128728318,0.9988547754939602,0.7673302555748038,0.9973178346595927,0.9986343710454353,0.7460963697379673,0.6056427120199354,0.9943842630043938,0.9998940770266926,0.9991395017445666,0.9980398371544907,0.9996420311039386,0.9941747157276472,0.9998294889981305,0.9929598248687213,0.9819279374644538,0.9706180674296845,0.9987584857152608,0.9989114455405028,0.9993090908592239,0.9980279570866865,0.9842564459485662,0.9808080188100432,0.9989349990383691,0.9915126842999022,0.9985266824293975,0.9994271172040325,0.9838338508302494,0.9967688530271699,0.9988795336612377,0.9945322226916014,0.9987528380200834,0.9993778239130343
AJX,0.7105993703657645,0.7658306022835503,0.9999999999999999,0.7357678660597774,0.9892516312768654,0.8871183763089985,0.836700996088687,0.8036425453548566,0.7382194487696248,0.7761425160283965,0.8631506766141224,0.7759914605340456,0.7616555569255827,0.7955893746845419,0.7551708267727347,0.9075298951593577,0.8081964282007816,0.8194610399667407,0.7498408534229668,0.7451560739010217,0.7906882842616052,0.7568818389726617,0.779143415099316,0.7629335735166549,0.7714093220881975,0.7821755439595652,0.7743369183224649,0.9645260330454837,0.7706062110732839,0.7881839887304495,0.8285652701459938,0.7637097872527994,0.9795456522324059,0.7917127912263384,0.7953406556117699,0.8412698183626289,0.76930087266503,0.7221551207426399,0.7773359688434193,0.7481212875696754,0.9528322922313304,0.7572465401340442,0.9815348493891898,0.7587889959498856,0.7593585102745172,0.9710739127802975,0.7994647687643135,0.7463582017729786,0.765583898513098,0.7630354131512441,0.7815238294416611,0.7806880708753229,0.7800601472429142,0.7606059220267445,0.8287294389513655,0.8159906753783793,0.7195483893227638,0.7458638982960092,0.7721103629002875,0.7627316289116244,0.7835821363825441,0.8316778726544202,0.7397425244546301,0.7927088230385558,0.8392996507378423,0.7428856736591256,0.7697758910893568,0.7345048406093687,0.7798934343507602,0.743614024205824,0.7953244101813548,0.7903462141580389,0.7503598380926642
ALTA,0.9642178842585368,0.9953012478879911,0.7357678660597774,1.0,0.7205662274941872,0.92405876589078,0.9838669942600593,0.9915033260401626,0.9961539439685434,0.997776363677147,0.9729663592914359,0.99526037089296,0.9963827367435264,0.9908322029425615,0.9961359013639632,0.9445481776957305,0.9899001017899989,0.9771508991853082,0.9961304401068142,0.9961382911698039,0.9925934808360203,0.9958458254068354,0.9974466357032635,0.9962986157715398,0.9967771916466431,0.9959678368175773,0.9941761713149774,0.8656616169150934,0.9949690285812882,0.9952276439487733,0.9626286272955833,0.995966145022144,0.7352403995290689,0.9902752232840354,0.993965012002177,0.9816398904225535,0.9984724063959939,0.9836875399715338,0.9964497230001943,0.9949662024194621,0.8959088430102602,0.9960402089312262,0.7436270426486264,0.9967303012190633,0.9944425201615809,0.7191971613319993,0.5858215457070653,0.9923868487105632,0.9948499995719814,0.9975469972058196,0.9950973548285561,0.9939147742922082,0.9918687865644299,0.9962016201140592,0.9838040596600026,0.9725017452218936,0.9874363830525374,0.9953462012372412,0.9973489880539057,0.9961873655501704,0.9954646313124378,0.9787879736820732,0.9926916091207852,0.9931932017346263,0.9831030680316782,0.9958912725294775,0.9953313784889825,0.9926531257331267,0.9945160029474887,0.9944900777004562,0.994894037519342,0.9937044546218793,0.9962243177560726
ARI,0.7117649698850487,0.7507993025788672,0.9892516312768654,0.7205662274941872,0.9999999999999999,0.8604493687427595,0.8161168538152507,0.782340334790534,0.7160661964739516,0.7587455744395207,0.8394680930082634,0.7609628181016763,0.743007299043965,0.7771260017474503,0.7331056917004595,0.8812735236488376,0.7890460033979515,0.7881410894033124,0.7305091935599808,0.7241073485681951,0.7735286422490997,0.7428493880786246,0.7607206869124119,0.7446831666836904,0.756199111937597,0.7702079730321069,0.7582606203348312,0.9341084190825476,0.7542428554646865,0.7746188201611846,0.8046971227775558,0.7468079120304455,0.9501677341622214,0.7697223644744844,0.7781060414522728,0.8182106908384456,0.7517647363245645,0.7172527822640072,0.765021834666641,0.732744078510102,0.9283967730817299,0.7368430338991803,0.95335769658942,0.7397880562117203,0.736852250798087,0.9467602021885458,0.7677902969414021,0.7341419798527081,0.7509335920140193,0.746761243971678,0.7616112659901114,0.7658222068771361,0.7546548409793794,0.7452576367216253,0.8081713771327887,0.7940934856498465,0.7119908132960102,0.7259472580572615,0.7554415449434493,0.7453367255866855,0.7629344158285043,0.8087710094112075,0.7300050746834101,0.7765359063231818,0.8212688126015316,0.7253749771802696,0.7502681406295575,0.7292083044393912,0.7559726399534511,0.7286333050411271,0.7759502801271809,0.7768651403442066,0.731698367872706
AXP,0.8762314279630755,0.9389780305592226,0.8871183763089985,0.92405876589078,0.8604493687427595,1.0000000000000002,0.9620893998602605,0.9544518665684852,0.9281676131453076,0.9441699524282436,0.9691255331263232,0.9433908847370055,0.937243852008174,0.9536900362252527,0.9363426807319464,0.980578936876721,0.9637945972115199,0.9733285948634846,0.9323293954279228,0.9328461805562719,0.9518719218482596,0.9336944387090022,0.9441518235456942,0.9401370407605973,0.9401194926988173,0.942508683535714,0.9449098855186289,0.9559488035372224,0.9423694451060285,0.9488363901751693,0.9830213318508977,0.9382165487281763,0.8798668427605534,0.9496622393426847,0.9495772615451294,0.9650825558718794,0.9403592444482439,0.899740764739305,0.9379119725118356,0.9308823027886792,0.9663149716043309,0.9384352974749208,0.8814841813018696,0.9353746008104352,0.939403399528538,0.9142012411783824,0.8357811926344091,0.911799291351017,0.937316832254935,0.9361892340534557,0.9466033592737502,0.9447558568371209,0.9443501905647947,0.9387140229941738,0.9590782208911242,0.9832215561171468,0.8987386695484851,0.9317532090162765,0.9441981139209242,0.9380172176827559,0.9475850361655032,0.9806586347330097,0.9101833440658755,0.9521283711735622,0.9604304346709113,0.9251741136448679,0.9431878497665158,0.9139543082512644,0.948106694976716,0.9283929018592931,0.9488217615911496,0.9478872018881151,0.9336409724440308
BAC,0.9360574518391083,0.9910350622295115,0.836700996088687,0.9838669942600593,0.8161168538152507,0.9620893998602605,0.9999999999999999,0.998020478982869,0.9864849574374096,0.9929950700655851,0.9983596323559416,0.9930566810880298,0.9913382633932109,0.9962112733813796,0.9892313254391846,0.9869114019630687,0.9950565187393698,0.9893383361983653,0.9885419264384977,0.9878413006857351,0.9942117221082006,0.9892415617073466,0.9936853173725244,0.9903669955201506,0.9928795170753093,0.9934925326335081,0.9923667298453113,0.9383818536056054,0.99257111815313,0.993479244179798,0.9820763802113311,0.9915563018486472,0.8412293836979398,0.9921089973579964,0.9968499710906399,0.999728880335396,0.9920761443335646,0.9591633037695719,0.9905302734277663,0.9874999663617039,0.9567017181415263,0.9897907758548471,0.8446277641215977,0.9887026154216086,0.9907642240658032,0.8156621280960534,0.6587747775079928,0.9843292829968304,0.9910144766736876,0.991690698883109,0.9939643597878898,0.9931760103831577,0.9917353650102297,0.9903266138084633,0.9994274976147669,0.983610877514525,0.9628212205544997,0.9880174741261409,0.9924165083741628,0.9905010475326186,0.9955749322748975,0.9912065177101379,0.9751524349369844,0.9956647227760973,0.9994736988216293,0.9874497235079314,0.9928694579643691,0.9742847265467766,0.9940049011651406,0.9861579019504659,0.9959592855899985,0.9940923973058529,0.9888702486920314
BK,0.9390580608586027,0.9967738437333986,0.8036425453548566,0.9915033260401626,0.782340334790534,0.9544518665684852,0.998020478982869,1.0,0.9946106217680583,0.9975260758039397,0.9934762499267067,0.9978065717829154,0.9974086165624333,0.9989479738229424,0.9964035438229689,0.9764594527389785,0.997684877350747,0.9910163400158511,0.9958909814044349,0.995500357285453,0.998332919310858,0.9955460682784337,0.9977381260368098,0.9969240892906903,0.9975583352682311,0.9971218560396449,0.997497496711307,0.9168945095758243,0.9973517073129721,0.9974348487169237,0.9829715607727652,0.9972139802083737,0.8072287129075524,0.9966065446655414,0.9994682664834434,0.9971752204589169,0.9967397466865994,0.9637720077527614,0.9931914749044323,0.9943545278516407,0.9377244337903776,0.9967587428811998,0.8105110739197757,0.9957012073860441,0.9971838893444759,0.7854763913250479,0.639315527884623,0.990113712468128,0.9965510458161909,0.9969786469250596,0.9986441356478026,0.9977956672973051,0.9968482939029178,0.996342786601133,0.9983723894213655,0.9856074533944368,0.9681900542921481,0.9952134088237964,0.9976565581461274,0.9968992037469171,0.9993045304970227,0.9912894486224375,0.9793705894305726,0.9988891941772696,0.997683192485835,0.9943748829577559,0.9981868105101164,0.9791242483354557,0.9986723566550347,0.9933385502847223,0.9979319150088091,0.9978409354027616,0.9959443782712515
BOH,0.9382991705635976,0.997787772612919,0.7382194487696248,0.9961539439685434,0.7160661964739516,0.9281676131453076,0.9864849574374096,0.9946106217680583,0.9999999999999999,0.9961961672994131,0.9767579211548414,0.9970717938532571,0.9991097167692634,0.9949645435412655,0.9991250027331899,0.9497480878201604,0.9913123334156201,0.9818438210629503,0.9995988479620074,0.9998560979136564,0.9954319110274992,0.99790026455861,0.9958342400271031,0.9984037873013507,0.9973074036288215,0.9949183281696226,0.9972378008170087,0.8721913734486682,0.9974057313251158,0.9944766600469449,0.9719733645337074,0.9984474464588298,0.7451404190554458,0.9932358305863735,0.9954166178427079,0.9847017388641729,0.996309317163226,0.9651582585453359,0.9904165150006107,0.9981272614066525,0.8973569838421832,0.9992177133364927,0.7478766033920143,0.997652746802954,0.9993358179337211,0.7220568895148056,0.5849573707745903,0.9930017552394793,0.9975128481820486,0.9980350145387651,0.9970665313677309,0.9964715219507859,0.9952528831631763,0.9980351176169565,0.9885805125130728,0.9762564543722725,0.9707869961546555,0.9994481647221004,0.997336267903858,0.998380785339077,0.9971033719465,0.9796562505045678,0.9803628484545609,0.9953634623457975,0.9859145915930763,0.9988339235398974,0.9985868260591128,0.9813316069956188,0.9972048901721657,0.9978287256354497,0.9929583966120421,0.9946725317821489,0.9994733663271823
BOKF,0.9566223055778527,0.9973966704157826,0.7761425160283965,0.997776363677147,0.7587455744395207,0.9441699524282436,0.9929950700655851,0.9975260758039397,0.9961961672994131,1.0000000000000002,0.9855882306395262,0.9981486227472893,0.9981705247520737,0.9962935737154526,0.9978170651546935,0.9635807087676138,0.9967272207124764,0.9873556968217273,0.997109812468446,0.9967962631085477,0.9975377181679486,0.9968741985620497,0.9999055076773593,0.9984163989253763,0.9987265602225951,0.9985296301854157,0.9973032265395372,0.8952587799030597,0.997344745407521,0.9988721239461684,0.9754497340641191,0.9978194385059721,0.774491155225068,0.9960344511031834,0.9985335413880748,0.9914773020314325,0.9997308458607859,0.9775979432603353,0.9972657816578543,0.9953878679625446,0.9211827365335814,0.9978758564313815,0.7814450746819355,0.9983177269946872,0.9967896873825487,0.7599806357056547,0.623890701832247,0.9920028093399277,0.9968984990803808,0.9986479477520325,0.9988955493885074,0.9975388886520912,0.9964964469306954,0.9976146009938063,0.9925888854327976,0.9825475682468376,0.981342450395516,0.9959278232262566,0.9995905025727371,0.9982202977818355,0.9990936703329427,0.9889051415043071,0.9888140778342691,0.9978727016272559,0.9926118625550825,0.995652132471981,0.9980506181401619,0.9882984696308603,0.9984796106334185,0.9945029368446083,0.9988062700159873,0.9979667427775998,0.9970977387938006
C,0.9241114310221437,0.9822476810229145,0.8631506766141224,0.9729663592914359,0.8394680930082634,0.9691255331263232,0.9983596323559416,0.9934762499267067,0.9767579211548414,0.9855882306395262,0.9999999999999999,0.9850949192222567,0.9828245614378825,0.9904093858142142,0.9809524456909169,0.994177449494191,0.9908102214351678,0.9888939347826999,0.9792552162494761,0.9784272412569021,0.9879668552736559,0.9795619686373089,0.9867140669971083,0.9820245603510411,0.9845427144038554,0.9855768645802339,0.9844335012247623,0.9561868302324873,0.9842953311998215,0.9864564189184692,0.9813069252525197,0.9828834195492877,0.8684849206168553,0.9872073586839057,0.9908738046148368,0.9989783122038741,0.9841001619011034,0.9473122849662654,0.9825148197063198,0.9772961732140678,0.970715765742749,0.9813141147001341,0.8717593292276321,0.9803479788498001,0.9827225820695339,0.8431156111016389,0.6838144207458697,0.9739293665396036,0.9821347155794456,0.9828466865714027,0.9874498649206381,0.9856360610592857,0.9863716273671363,0.981123448887779,0.9970035116993199,0.9812160910025001,0.9509458068725397,0.9783976082782498,0.9844809293480605,0.9819984988918891,0.9891878218617972,0.99019116420485,0.9645246102433971,0.9892696614326182,0.9977143568030948,0.9772099623277326,0.985106653228788,0.962194896771638,0.98803641415102,0.9755452981797499,0.9905437018671585,0.9872183532821766,0.979429824500848
CFG,0.943349798329873,0.9998209415100205,0.7759914605340456,0.99526037089296,0.7609628181016763,0.9433908847370055,0.9930566810880298,0.9978065717829154,0.9970717938532571,0.9981486227472893,0.9850949192222567,0.9999999999999998,0.9993551728570568,0.9988342489153781,0.9976222972628622,0.9630082930945639,0.9961716566555553,0.9844409022791132,0.9985591838692246,0.9980022371122206,0.9989331159665664,0.9994519544967624,0.9976283151085612,0.9989993057799955,0.9996677071658409,0.9993099615295307,0.9997484179277157,0.8929638152423106,0.9995472100592885,0.9988644652361653,0.9797512187550241,0.999660529628962,0.7748929190801984,0.9950374818119698,0.9991440804041211,0.9909713478665378,0.9976050099966357,0.9679719620548586,0.9943396286136941,0.9985739701807576,0.9176935773184757,0.9986100268954541,0.7775664241874859,0.9973629435257049,0.9983257682182475,0.7564190696185967,0.6153578117274161,0.9941144004314615,0.9996988335019033,0.9992282064059336,0.9985415493537415,0.9998190873231199,0.9947997729209005,0.9996252561215676,0.9944551417561444,0.9835213181233886,0.9720066455815847,0.9980728122584493,0.9992929490979927,0.9992304104266795,0.998690651554964,0.9866263633341908,0.9820722871979424,0.9995572635150853,0.9934562522837912,0.9978533718862747,0.9994378332314284,0.9845516513819973,0.997346356720475,0.9980186261775674,0.9960019967497346,0.9993572352430499,0.9988624002939773
CFR,0.9418878279267635,0.9995136106640408,0.7616555569255827,0.9963827367435264,0.743007299043965,0.937243852008174,0.9913382633932109,0.9974086165624333,0.9991097167692634,0.9981705247520737,0.9828245614378825,0.9993551728570568,1.0000000000000002,0.9978197864910344,0.9991757298405154,0.9586935623448013,0.9948933074337359,0.9844801567837996,0.9997453177528093,0.9995116633782501,0.9981807170990726,0.9993036286724327,0.9978025990605741,0.9994911211818086,0.9993097402712545,0.9980573517124282,0.9992471162733089,0.8860582958653831,0.9991783871211158,0.997699255289023,0.9766974932089385,0.999762764708957,0.7642702130655542,0.9953955141432471,0.9983776347399432,0.98945576220885,0.997893939880115,0.9674301636576245,0.9934133614668009,0.9988438129229271,0.9107185731402342,0.9996397713435651,0.7672078986517106,0.998422179526404,0.9995260295223795,0.742808859482676,0.6018380808036593,0.9943658115341024,0.9993065406626712,0.9994061035633892,0.9988543895510918,0.999023206252528,0.9962227473950178,0.9994522605321894,0.9929321877344495,0.9806276808343674,0.9722976461941434,0.9992949561519779,0.9991767362037365,0.9995929118039812,0.9989050802404337,0.9843771177525407,0.9821940640667914,0.9984067362060876,0.9913107408849113,0.9989100749461431,0.9997888341033756,0.9835543928693874,0.9983100941687723,0.99836403109112,0.9957296122952904,0.9980298592591468,0.9997730736250491
CIT,0.9347591463380474,0.9982588807567561,0.7955893746845419,0.9908322029425615,0.7771260017474503,0.9536900362252527,0.9962112733813796,0.9989479738229424,0.9949645435412655,0.9962935737154526,0.9904093858142142,0.9988342489153781,0.9978197864910344,1.0,0.9956567043157337,0.9725606593154259,0.9966127335309595,0.987456773719801,0.9964732720021171,0.9961608190048338,0.998428886918679,0.9973645088965336,0.996049263057903,0.9969703448344903,0.9982213276611617,0.9977065495547717,0.9988639122042582,0.9090798574926343,0.9988798301624252,0.997193194530882,0.9851379673137803,0.9983363250676366,0.7991603642702733,0.9942358827716445,0.9991360426130678,0.9948525624329234,0.9956020067215128,0.9609861514844148,0.9921537066411533,0.9967305409077194,0.9307779105495244,0.9968571590865756,0.8000376399208182,0.9944764563717758,0.99766215015285,0.7786055843958388,0.6358415697518158,0.9911640648538463,0.9982840400292771,0.9974797742597454,0.9975272766612647,0.9987764641905018,0.9940685719713078,0.9979569157449194,0.9976706755790268,0.9869460693423202,0.9649904454234371,0.9965877844407609,0.9974841368941069,0.997187370008695,0.9984851801748019,0.9894249917794866,0.9769164782523289,0.9995892295086863,0.9960827003985482,0.9958550801553714,0.9987484031595596,0.9795769070454283,0.996998905039454,0.9960016892089686,0.9956711255834827,0.9982264471188164,0.9970324517005805
CMA,0.9397891844134812,0.9978155225246235,0.7551708267727347,0.9961359013639632,0.7331056917004595,0.9363426807319464,0.9892313254391846,0.9964035438229689,0.9991250027331899,0.9978170651546935,0.9809524456909169,0.9976222972628622,0.9991757298405154,0.9956567043157337,1.0000000000000002,0.9562442139401158,0.9950088491456289,0.9873007837048952,0.9993752990880012,0.9992546024080446,0.9975152987092988,0.997328040734016,0.9975012945157696,0.9995117410210278,0.9974306331500417,0.995739420102337,0.9976470158098006,0.8828933682992816,0.9969219254138484,0.9967295959054884,0.9760351158216533,0.9981813503715442,0.7564352435448659,0.9970970720675231,0.9967329064635778,0.9876394267338701,0.9971903085818736,0.9656683361523849,0.9910952419948073,0.9966149168610478,0.9070797050412759,0.999786918489934,0.7606056016990347,0.9994454672864664,0.9991557391892175,0.7392468221877205,0.6058269204802702,0.991739932315459,0.9972298595909953,0.9977360834933466,0.9989926433806964,0.9974758113367236,0.9981857235371802,0.9976745553036948,0.9904506920601611,0.9805560314705928,0.9712094653687564,0.9981080645813664,0.9985433302022807,0.9992362461061755,0.9981144145521099,0.9850059525470846,0.9803231024523266,0.9965781692445649,0.9892505282680196,0.9970351502248331,0.9987390632644078,0.9799332775467298,0.9989728590930896,0.9959834361113186,0.9949287449771848,0.9965965463561117,0.9988421471915894
CNND,0.8963283112915356,0.9586469092988966,0.9075298951593577,0.9445481776957305,0.8812735236488376,0.980578936876721,0.9869114019630687,0.9764594527389785,0.9497480878201604,0.9635807087676138,0.994177449494191,0.9630082930945639,0.9586935623448013,0.9725606593154259,0.9562442139401158,0.9999999999999999,0.9754366229564145,0.9791867373000025,0.9534537058100883,0.9525627589644898,0.9686945743246094,0.9544113869016995,0.9651515808409733,0.9581773979535068,0.9615909392666361,0.9638203715175525,0.9626753024014338,0.98075729489781,0.962049980813265,0.9660654442409894,0.9760935252336088,0.9590994823464144,0.9126996546564845,0.9681189652907426,0.971809450171731,0.9890807874346155,0.9611141684977927,0.9192010664539871,0.9605336786481358,0.9514458392072398,0.9892542312012595,0.9570038513135197,0.9148506121623626,0.9553842368550476,0.9592951314729439,0.8944761868526117,0.7395398825306163,0.9453809059593653,0.9583619079163043,0.9586525467788524,0.9664792008670927,0.9642024199420912,0.9656584147467556,0.9570949753593267,0.9843163193631077,0.9732191180179298,0.9215261159221882,0.9526841086671645,0.9619990732271385,0.9577645619938964,0.9688718920734777,0.9820127986489089,0.9369651228265147,0.9703137002222261,0.9858945849958337,0.9501545816613076,0.9628284734118118,0.9345827979223466,0.9676408275331083,0.9490879348166842,0.9717367982835777,0.9669599446875695,0.953942706912612
COF,0.939318436036739,0.9948735583595266,0.8081964282007816,0.9899001017899989,0.7890460033979515,0.9637945972115199,0.9950565187393698,0.997684877350747,0.9913123334156201,0.9967272207124764,0.9908102214351678,0.9961716566555553,0.9948933074337359,0.9966127335309595,0.9950088491456289,0.9754366229564145,0.9999999999999998,0.9949176533600895,0.9934816306055887,0.9928621862363267,0.9985699709377115,0.9930787676060576,0.9964060743744785,0.9963872905277583,0.9950288200266497,0.9953984310309529,0.9961646814920986,0.9154414949647055,0.9945067704357613,0.998076988249123,0.9884663317486952,0.9945074034119586,0.8010239752552817,0.9978971107505824,0.9972483470837163,0.9941980179342729,0.9949056768302238,0.963047036848044,0.9907191966645407,0.9909760981930474,0.936982145480335,0.9954467225483054,0.8057904241936515,0.995522588934705,0.9943991744434536,0.7983297625498429,0.6727401129120896,0.9839458078139389,0.9939536355965647,0.9938605807524902,0.9979274404885261,0.996688950828159,0.9963086917404772,0.994351977887711,0.9946920491062605,0.9923265006936498,0.9665919988213633,0.9915656886992856,0.9970662322653304,0.995773353411717,0.9968706011168394,0.9964110506069903,0.9759016273734504,0.9976654651894521,0.995524084011574,0.9895206864176735,0.9958387090034787,0.976245694965742,0.9973767805589098,0.9897616890453722,0.9957418846591428,0.9976031483574852,0.9932280906878886
DFS,0.919585972088539,0.9825430802992164,0.8194610399667407,0.9771508991853082,0.7881410894033124,0.9733285948634846,0.9893383361983653,0.9910163400158511,0.9818438210629503,0.9873556968217273,0.9888939347826999,0.9844409022791132,0.9844801567837996,0.987456773719801,0.9873007837048952,0.9791867373000025,0.9949176533600895,0.9999999999999999,0.9831287458720186,0.9832699568539373,0.9901225998079509,0.979422242790182,0.9875839401192209,0.9869143668478788,0.9827894926814696,0.9820540870090538,0.9852778357175488,0.9281679352561256,0.9827591018501227,0.9875263095752655,0.9895406632595564,0.9828469672694312,0.8173604944183496,0.9934564308364081,0.9876264959327518,0.9904815568881907,0.984813742609142,0.9455794010667743,0.9775218673727148,0.9773479984578742,0.9444080198841537,0.9866926305038868,0.8225291886537577,0.9867692273715599,0.9861702858146444,0.8233158918285326,0.7124356113915367,0.9663604681937253,0.9808585649281809,0.9816666287376045,0.9904567326194771,0.9853941087308544,0.9924628597723832,0.9819781081022639,0.9880242037120167,0.9920129295502579,0.9499358285609534,0.9807052914459625,0.9870230999694064,0.9853445592631691,0.9888241892764329,0.9971018317699943,0.9597161444842038,0.9876313277237212,0.9886374450525998,0.9762554340984771,0.9864133568312378,0.9570800026678908,0.9920951627125228,0.9756450170989727,0.987776978643427,0.9863458049950338,0.982203920153638
EWBC,0.9384378282347055,0.9990892266261389,0.7498408534229668,0.9961304401068142,0.7305091935599808,0.9323293954279228,0.9885419264384977,0.9958909814044349,0.9995988479620074,0.997109812468446,0.9792552162494761,0.9985591838692246,0.9997453177528093,0.9964732720021171,0.9993752990880012,0.9534537058100883,0.9934816306055887,0.9831287458720186,0.9999999999999998,0.9998258990152874,0.9974087805255764,0.9990159558097081,0.99660073668076,0.9993801380059326,0.9983685587874325,0.9966864196489997,0.9987035302713321,0.8777426476481498,0.9983764950101037,0.996585473099498,0.9751160672436473,0.999266418108869,0.7524166738273917,0.9948964133155407,0.996924656266507,0.9865364946173539,0.9967911248724519,0.9650044340560088,0.99131873816875,0.9987888228127098,0.902650710409456,0.9997302573539267,0.7549729474614829,0.9984697543306071,0.9995097898504303,0.7315538693534913,0.5927953552375423,0.9936837226857331,0.9987785659630027,0.998659832289794,0.9982144968197222,0.9983095069208227,0.9958862184174584,0.9990139973926214,0.9905824136285943,0.9787909481725112,0.9702992452198286,0.9994624048619266,0.9984431443232934,0.9994053251925883,0.9977866387185138,0.9820085768652972,0.9801200885541109,0.9971299716283362,0.9886560344702613,0.9988706896967096,0.9993000892923938,0.9816292352194516,0.9976721743024518,0.9984440981916831,0.993771938275944,0.9969112050814057,0.999845413756819
FCNCA,0.9384640951755554,0.9985975343912329,0.7451560739010217,0.9961382911698039,0.7241073485681951,0.9328461805562719,0.9878413006857351,0.995500357285453,0.9998560979136564,0.9967962631085477,0.9784272412569021,0.9980022371122206,0.9995116633782501,0.9961608190048338,0.9992546024080446,0.9525627589644898,0.9928621862363267,0.9832699568539373,0.9998258990152874,0.9999999999999999,0.99665294556971,0.9985754890281191,0.9963302785182845,0.9989631272812352,0.9980033966562928,0.995939384467618,0.9982688307190318,0.8760637489451495,0.9982436486182846,0.99570111774575,0.9751725792406892,0.999013339827749,0.7503498463628063,0.9939752335562843,0.9963564382087154,0.9860689684162177,0.9967166921474147,0.9652767032392455,0.9910990021576773,0.9986878952748737,0.9010810357549015,0.9995824766856188,0.7528069969659745,0.9979037944067503,0.9996427887667781,0.7300500059383527,0.5946987668208835,0.9927882342368363,0.9982746713435989,0.9984792182953406,0.9977142351905773,0.9975312935780749,0.9954397975142539,0.9987946781221982,0.9899065129278097,0.9791741547246225,0.9705161640104185,0.9996802519785695,0.998086965194367,0.9988829142122603,0.9976752832820994,0.981898425753597,0.9801714202652626,0.9965870812774552,0.9874263987477544,0.9988952832439186,0.9992065699047668,0.9818258507415807,0.9976128984289104,0.9983714220220973,0.9935323990018502,0.9958862027079478,0.9998084118269613
FFIN,0.9367922971193098,0.9984552710145435,0.7906882842616052,0.9925934808360203,0.7735286422490997,0.9518719218482596,0.9942117221082006,0.998332919310858,0.9954319110274992,0.9975377181679486,0.9879668552736559,0.9989331159665664,0.9981807170990726,0.998428886918679,0.9975152987092988,0.9686945743246094,0.9985699709377115,0.9901225998079509,0.9974087805255764,0.99665294556971,0.9999999999999999,0.9973571310679537,0.9970214754692671,0.9987866414733702,0.9978345646407686,0.9976942177286787,0.9991440986973997,0.9029549408790015,0.9977551456352054,0.9991313777270334,0.9852691500010023,0.9979111920367227,0.7858948152374581,0.9977829532486658,0.9987334332860782,0.9926619468244432,0.9961239189355031,0.9623516521389625,0.9915405496842932,0.9960023230351459,0.9254224158917429,0.998208977904539,0.7887191283482473,0.9975375845477757,0.9975607732013327,0.7741743461851196,0.6379145313436793,0.9895212885392587,0.9978484993927521,0.9970190613856648,0.999195993343887,0.9994349419292726,0.9966154033755443,0.9978186212187165,0.9952630585188201,0.9877231043121801,0.9665713002815716,0.9960759468806447,0.9986970593606984,0.9985442513928005,0.9981672315323775,0.990990139046574,0.9768759675994452,0.9992702023332922,0.9950514844560481,0.9947339510077168,0.9985992908330917,0.978585782467855,0.9980787215246787,0.9952468424297138,0.9953467232771304,0.9993232068564128,0.997231568561887
FHB,0.9425205479581897,0.9998377862439559,0.7568818389726617,0.9958458254068354,0.7428493880786246,0.9336944387090022,0.9892415617073466,0.9955460682784337,0.99790026455861,0.9968741985620497,0.9795619686373089,0.9994519544967624,0.9993036286724327,0.9973645088965336,0.997328040734016,0.9544113869016995,0.9930787676060576,0.979422242790182,0.9990159558097081,0.9985754890281191,0.9973571310679537,1.0000000000000002,0.9961670831170738,0.9985560760505948,0.9993078238586012,0.9984867660953821,0.9993132009625161,0.8790471098395581,0.9993967360502931,0.9973365730454128,0.9752375999823151,0.9996758047614447,0.7572567616665535,0.9925484054469838,0.9975290274823498,0.9867383156282264,0.9967184559994899,0.9677744636029709,0.9932233111872621,0.9996546818922163,0.9051945278193925,0.9984369069901841,0.7592757999994172,0.9967716334658133,0.9982368376754301,0.7360699384232097,0.5939537505824479,0.9951660955556283,0.9998351355073193,0.9992177969707509,0.9971105378855701,0.9990639946845649,0.9927749268563937,0.9998265989711105,0.9913704140158448,0.9791316830689561,0.9720423311329398,0.9989419931058365,0.9984459227564954,0.99892444122214,0.997323016849171,0.9814078714636956,0.9819593150744913,0.998120462851441,0.9896249410265765,0.9990664595943571,0.9990109499092773,0.9853516800408041,0.9957239572070588,0.9993938092310419,0.9937063478391268,0.9979543656835003,0.9994144016580069
FITB,0.9572110030004017,0.9967379562326808,0.779143415099316,0.9974466357032635,0.7607206869124119,0.9441518235456942,0.9936853173725244,0.9977381260368098,0.9958342400271031,0.9999055076773593,0.9867140669971083,0.9976283151085612,0.9978025990605741,0.996049263057903,0.9975012945157696,0.9651515808409733,0.9964060743744785,0.9875839401192209,0.99660073668076,0.9963302785182845,0.9970214754692671,0.9961670831170738,1.0,0.9978615944510629,0.9984044162228112,0.998159608167967,0.9966622771232024,0.8984006703323071,0.9969084297998781,0.9983761950320539,0.9744202159788304,0.9973705527822715,0.7790818263407029,0.9958622256274667,0.9985065501863395,0.9923507883125047,0.9997475409989095,0.9778914771825254,0.9974593795340566,0.9946638460179205,0.9239021119982966,0.9973982723926519,0.7863572297200134,0.9979174833366787,0.9964737865879107,0.762269144507397,0.623327108033926,0.9918300172815069,0.9962802405473429,0.9983953061390984,0.9987196265388147,0.9969421171718229,0.9966265195745074,0.996965918642022,0.9930534705027825,0.9815587352113508,0.9817376919454287,0.9954560367304126,0.9991977734306411,0.9976809373999653,0.999177268221529,0.9887798939678503,0.9893155160645326,0.9975041861558707,0.9930763554847135,0.9952741201628793,0.9977191884891323,0.9881225072231838,0.9985539929692812,0.9937136231842462,0.9992857644241447,0.9974378998899373,0.9965641941526059
FMAO,0.941876978128301,0.999055412305868,0.7629335735166549,0.9962986157715398,0.7446831666836904,0.9401370407605973,0.9903669955201506,0.9969240892906903,0.9984037873013507,0.9984163989253763,0.9820245603510411,0.9989993057799955,0.9994911211818086,0.9969703448344903,0.9995117410210278,0.9581773979535068,0.9963872905277583,0.9869143668478788,0.9993801380059326,0.9989631272812352,0.9987866414733702,0.9985560760505948,0.9978615944510629,1.0,0.998538891049312,0.9975751963504292,0.9989298915040914,0.88528825771136,0.9980499221699545,0.9984293644041217,0.9786126935304029,0.9989913640555836,0.7603665513777073,0.9972039562007897,0.9978179966717318,0.9884229758761831,0.9975868084004526,0.9670683015621168,0.9924441840691873,0.9975423067467173,0.9100882522276067,0.9998053403910522,0.7642384132802147,0.9994339297529858,0.9989101529866504,0.7462198001478529,0.6135452498249772,0.9926132645855771,0.9985398106866968,0.9984293392744031,0.9993040559223614,0.9989701718756331,0.9973419085043602,0.9988250771562401,0.9915931101655192,0.9831402615977546,0.9719092945913826,0.9980775845951859,0.9994195539256069,0.9998623788862318,0.9983692124735358,0.9866928190517794,0.9810043637119543,0.9981295907829475,0.9908664418513745,0.9972078911039329,0.999178873473678,0.9819043338787553,0.9985620990753229,0.996917391946381,0.9953486103328119,0.9984422080505059,0.9990848855873065
FMBH,0.949714335827088,0.9994178682702519,0.7714093220881975,0.9967771916466431,0.756199111937597,0.9401194926988173,0.9928795170753093,0.9975583352682311,0.9973074036288215,0.9987265602225951,0.9845427144038554,0.9996677071658409,0.9993097402712545,0.9982213276611617,0.9974306331500417,0.9615909392666361,0.9950288200266497,0.9827894926814696,0.9983685587874325,0.9980033966562928,0.9978345646407686,0.9993078238586012,0.9984044162228112,0.998538891049312,0.9999999999999999,0.999562402750974,0.9990867448574962,0.8909824248919754,0.9995673156544751,0.9984472190491855,0.975955130345796,0.9996441854527449,0.7728068055491654,0.9938039581886868,0.9991064924008831,0.9908545966144088,0.9987119503351511,0.9729165950429818,0.9963560940063257,0.9985526583493166,0.9167451045027916,0.9982567365052373,0.7765818535054674,0.9971336058906282,0.9980543857494977,0.7514129640454984,0.607749827820091,0.995080033759818,0.9993987518743236,0.9998540830159389,0.9981731098620285,0.9990534090740876,0.99426038993456,0.9995453878147742,0.9938935647072,0.9810021702284505,0.9767741280116929,0.9981847511245898,0.9993506339120651,0.9988293720370448,0.9989936500685346,0.9852209107194687,0.986134226092488,0.9990296073684991,0.992717979171301,0.9984243048991875,0.9992668422334554,0.9880389533581949,0.9972559037995622,0.9980032864848748,0.9970952271976693,0.9986339775219731,0.9988167534101926
FNB,0.953151433139423,0.9987163718078672,0.7821755439595652,0.9959678368175773,0.7702079730321069,0.942508683535714,0.9934925326335081,0.9971218560396449,0.9949183281696226,0.9985296301854157,0.9855768645802339,0.9993099615295307,0.9980573517124282,0.9977065495547717,0.995739420102337,0.9638203715175525,0.9953984310309529,0.9820540870090538,0.9966864196489997,0.995939384467618,0.9976942177286787,0.9984867660953821,0.998159608167967,0.9975751963504292,0.999562402750974,1.0,0.998451176255607,0.8954868267350152,0.998729658989548,0.9990115352608547,0.9758733818298743,0.9986148414829221,0.7793672100342598,0.9933920042008979,0.9990430458032751,0.9912801569284451,0.9982950842446505,0.9747448474619009,0.9970844208775933,0.9971639827213572,0.9216300135681407,0.9967410291577135,0.7839433926921853,0.9962078173104425,0.9960767898751708,0.7601206378702924,0.6149096412093156,0.9943578430809006,0.9986814988471927,0.999051882767653,0.9975321015752383,0.9988315489877172,0.9929971276264261,0.998685921172746,0.994020517168459,0.9813158500538558,0.9779926413466621,0.9961380050792941,0.998958907437712,0.9979176383530936,0.9981986665715282,0.9860490985835554,0.9869478654927798,0.9989659081802051,0.9937747377155425,0.9966386438171538,0.998051653804838,0.9889836021180567,0.9960212937339681,0.9965123182526427,0.9971673736589955,0.9990615299319761,0.9971858809435664
GBCI,0.938319821275244,0.9997676768750126,0.7743369183224649,0.9941761713149774,0.7582606203348312,0.9449098855186289,0.9923667298453113,0.997497496711307,0.9972378008170087,0.9973032265395372,0.9844335012247623,0.9997484179277157,0.9992471162733089,0.9988639122042582,0.9976470158098006,0.9626753024014338,0.9961646814920986,0.9852778357175488,0.9987035302713321,0.9982688307190318,0.9991440986973997,0.9993132009625161,0.9966622771232024,0.9989298915040914,0.9990867448574962,0.998451176255607,1.0000000000000002,0.8920974257548858,0.9994926901516544,0.9984118084632485,0.982214271020586,0.9994218031148183,0.7737812410413041,0.9949397767856938,0.9986199723901789,0.9904707596051118,0.9966141966879286,0.9643638996577355,0.9925572184943696,0.9987728411340909,0.9161537172524089,0.9987355689264757,0.7754359211030062,0.9969786032854169,0.9986488721937529,0.7574273936336956,0.6188560928292687,0.9922573184981727,0.9994874415423928,0.9986299438988572,0.9983631187651414,0.9997624941931438,0.9945141743287519,0.999548769975284,0.9942079714624225,0.98489926830071,0.9684608548800706,0.9984202202175682,0.9988764113456229,0.9989610367414491,0.9982357718252939,0.9868733651238194,0.9789184508083808,0.9993690711937381,0.9927354346751941,0.9976497421758691,0.9995331873968021,0.9822128311513769,0.9972189064545836,0.9983393000837988,0.9946286831789627,0.9988873821739485,0.9989955274910507
GS,0.8242949476041765,0.8857151055143664,0.9645260330454837,0.8656616169150934,0.9341084190825476,0.9559488035372224,0.9383818536056054,0.9168945095758243,0.8721913734486682,0.8952587799030597,0.9561868302324873,0.8929638152423106,0.8860582958653831,0.9090798574926343,0.8828933682992816,0.98075729489781,0.9154414949647055,0.9281679352561256,0.8777426476481498,0.8760637489451495,0.9029549408790015,0.8790471098395581,0.8984006703323071,0.88528825771136,0.8909824248919754,0.8954868267350152,0.8920974257548858,0.9999999999999999,0.8911592377110812,0.8991477288865245,0.924316748697833,0.8864800669681641,0.9718748297821017,0.905195681679545,0.9085841496690417,0.9430619667443633,0.891502137441155,0.8437938700603758,0.8935796377084632,0.8742366282754046,0.9966339760001598,0.8832841044616075,0.9742567858721649,0.8823545320648191,0.8869848089020151,0.9479745937980165,0.7774918420921864,0.8701629747909302,0.8854991590405011,0.886339350841444,0.8997581711316653,0.8952377090351814,0.9010773459990397,0.8828602151327284,0.9328973617274565,0.9166176010842089,0.8451285162840435,0.8762712261176668,0.8915111790496676,0.8847741254583047,0.9033897412431625,0.931331963396591,0.8639380103358245,0.9051855292383885,0.9370645721154478,0.8730632561855594,0.8924269435862523,0.8571338637122526,0.901942866882561,0.8706767584862829,0.9107423639625113,0.9005221089843992,0.8780923455514633
