Ticker,ABCB,ABTX,AJX,ALTA,ARI,AXP,BAC,BBT,BK,BOH,BOKF,C,CFG,CFR,CIT,CMA,CNND,COF,DFS,EWBC,FCNCA,FFIN,FHB,FITB,FMAO,FMBH,FNB,GBCI,GS,HBAN,HOMB,HTH,HWC,IBKR,IBOC,ISBC,JPM,KEY,LARK,MBWM,MCBC,MS,MTB,NAVI,NKSH,NTRS,OPY,PACW,PBCT,PGC,PNC,PNFP,RF,SCHW,SFBC,SIVB,SLFC,SRCE,STBA,STT,SYF,TCBI,TFSL,TSC,UMBF,USB,WAL,WFC,WSBC,ZION
ABCB,1.0,0.9995070272312438,0.769334818959519,0.9984969514242447,0.7654317557930868,0.9414232081326808,0.9908123997690235,0.9989113985823636,0.9943150430197215,0.998144291915546,0.9988031338884177,0.9821994965021265,0.9994535795264874,0.9991127636113574,0.9983339200321452,0.997691225070218,0.9598049693595727,0.9962942885006556,0.9853223552678897,0.9986625606134433,0.998905595291824,0.9988762530969019,0.9991400224779682,0.9982887434547366,0.9989128865249756,0.9992019746141992,0.9990143045188806,0.9997685257971738,0.8867995724833223,0.9995274747208683,0.9991383257135378,0.9863238450655314,0.9993017916360587,0.7680065072407669,0.9945201557914732,0.998022295806811,0.989251048735522,0.9991372069871102,0.9999208930536779,0.9989849873880327,0.9989425020608453,0.9117215231161412,0.9987774896603824,0.7687076295372263,0.9971073539611892,0.9991334828988321,0.6001424652904218,0.9895936636898691,0.9991390972625882,0.9992496595670524,0.9979597972298812,0.9990969968165797,0.9996950779816416,0.9926342402842459,0.9992853807315433,0.9992269726727384,0.7523677649283709,0.9994504014325235,0.9987387245960005,0.9984182223389206,0.9872484915776482,0.9988973207049582,0.9906952265458777,0.9981678601024173,0.9995333334430014,0.9972211424193179,0.9985689205008597,0.9966494988333117,0.9989778809646603,0.9992220417747356
ABTX,0.9995070272312438,0.9999999999999998,0.7677794199207173,0.9988294898219665,0.763877634368574,0.9343132032340765,0.9912376271028162,0.9989160034722556,0.9939839386081912,0.9987692836947715,0.9987965956750424,0.9823784607606759,0.9998536056811925,0.9997054670033477,0.9984137473630087,0.9979847923592727,0.9586246230380328,0.9950504472740025,0.9826108479522552,0.9992877612629304,0.9992269443303866,0.9986396255192784,0.9998570603430209,0.9984379167053641,0.9990607951346034,0.9993931783397,0.999579645945266,0.9997960746090779,0.8856320922506353,0.9998038210766822,0.9989705572726959,0.9820621839131602,0.9999287871226663,0.7677313796139236,0.9945104865350949,0.998496852567207,0.9893167343562714,0.9992786611848686,0.9994962246268765,0.9992808804586545,0.9995630136814502,0.9104146797880344,0.9989521183012423,0.7680335953022732,0.9975197020946872,0.9994268484410564,0.580962303139537,0.9932859852760239,0.9998894201458112,0.9999450671644365,0.9980805798559413,0.999643260081759,0.9999264995590237,0.9932986616923288,0.9994431819501446,0.9997265498246977,0.7436055555460438,0.999366329587821,0.999316268523947,0.9986484688175551,0.984035310790086,0.9998358450889533,0.9914639721681089,0.9994340548188337,0.9997212493784432,0.9971424056368318,0.9992166120607894,0.9969519008906966,0.9992853792543335,0.9997057958354484
AJX,0.769334818959519,0.7677794199207173,1.0,0.7452626478189471,0.9953420622636825,0.8847185560333495,0.8441724257988686,0.7952160981049572,0.8272876205726105,0.7468534616616611,0.7823259337734011,0.8712244727201742,0.778106183081942,0.7666778785105207,0.800388140063928,0.7599046907063864,0.9157108476704295,0.8082010493282091,0.8239528042321558,0.7544133834395655,0.7522421561596442,0.7905290095356933,0.759435919818369,0.7869517096579761,0.7645320624719979,0.7886456339631874,0.7852142289998594,0.7764091176243401,0.9749758231435146,0.776533627405618,0.7882700679922084,0.8288979074324181,0.7684252654071871,0.9985757435073807,0.7907573049615019,0.8001585162350239,0.8510542261786264,0.7788972577725806,0.7614481168389878,0.7913523579238652,0.753332407419049,0.962431921854607,0.7611095839048804,0.9993532456877587,0.7601402351927182,0.7667691715202708,0.76023869261554,0.7532976729643205,0.7706282772296296,0.770192449911881,0.7846497483560241,0.7837667834084006,0.764389586275325,0.8357026899470739,0.7560036526750296,0.7543279287216023,0.9710217426309025,0.7757137220463101,0.7640488574720198,0.7915673481165234,0.8332694872107742,0.7677909255072803,0.842198940674511,0.7515822742978803,0.7757080120706559,0.7868305370461343,0.7489957614310226,0.8060474031707358,0.7894826181783711,0.75596387947443
ALTA,0.9984969514242447,0.9988294898219665,0.7452626478189471,0.9999999999999999,0.7384660248874527,0.9263028417832135,0.9862941107824185,0.9964350846447876,0.9908781233139329,0.9999301252171242,0.9982490395517989,0.9762070803072889,0.998220811198888,0.9993562579696866,0.9953452247993531,0.9992855659635276,0.9492416168422123,0.9935731064609834,0.9823504316033665,0.9998371640079832,0.9999319334291173,0.9974043265762549,0.9988138652920425,0.9977456922053786,0.9994897448772309,0.9973453512028753,0.9972130930276443,0.9983571624116709,0.8708656713679545,0.9977834926911644,0.9976475189686101,0.9782540948833308,0.9988103441625341,0.7440854242003699,0.9951759464203096,0.9960339078175602,0.984295700959245,0.9986059176177632,0.9989170021136203,0.9967832083614087,0.998546111225596,0.8966231166085696,0.9996173820332755,0.745660978638006,0.9990170847423008,0.9993804826110699,0.5700073632295938,0.9913337759475561,0.9982032198216969,0.9987534734337891,0.9977961893856414,0.9977900792999128,0.9988243841924259,0.9884153682501527,0.9997960280348104,0.9995745020168038,0.7238551302674846,0.9988224620790064,0.9994104423453014,0.9972563412519749,0.9814947522578141,0.9988637990786516,0.9866463496608134,0.9988098840665494,0.9987780970988689,0.9971512638654992,0.9982616109443307,0.9949499174039104,0.997443376245605,0.9996944282610073
ARI,0.7654317557930868,0.763877634368574,0.9953420622636825,0.7384660248874527,1.0,0.8763001419930129,0.837861785176051,0.7906833705480842,0.8192398425946316,0.7395072098928335,0.7745518293559934,0.8632777016778536,0.7738399746323028,0.7605837318730839,0.7962634006075374,0.7502595671482232,0.9076622352760354,0.7992332197237815,0.8087281734045485,0.7478942806261903,0.7455764861866371,0.7840173789314023,0.7564267555554834,0.7787117069960057,0.7567453740749334,0.7839787538810092,0.7818454252620555,0.7724559155416573,0.9648093650767368,0.7736843303637798,0.7823668334488252,0.8228170397161255,0.7638806082082458,0.9957571918706897,0.7780181772010045,0.7947326534500768,0.8440938083449447,0.7719147017146523,0.7574392964435023,0.7875346853250895,0.7513435025727582,0.9541642563254237,0.7531669354644307,0.9934686409203879,0.7499031066956456,0.7596964835397103,0.7420670348789472,0.7488652961039963,0.7673327322355856,0.7656823415419857,0.7758800388018172,0.7792643608392774,0.7608746985369313,0.8307588207907763,0.7497285901088119,0.7498741746486293,0.9644318058648316,0.7691214686440028,0.7567697197936759,0.7842999464516273,0.8229199839432018,0.7628652524295366,0.8357974062206317,0.7481377874965547,0.7700835277127166,0.7766180191488692,0.7476975516564264,0.7977117344781804,0.7841312279524283,0.7506861631499835
AXP,0.9414232081326808,0.9343132032340765,0.8847185560333495,0.9263028417832135,0.8763001419930129,1.0,0.9587549826395279,0.9482444323527273,0.9600783631009326,0.925241825184406,0.943545068884242,0.9654144772125164,0.9391375134712326,0.9333488060759405,0.9501399022953402,0.9324793024247712,0.9776454482595317,0.9604594829305119,0.9700363718668595,0.9275962462482096,0.9296457972542009,0.9465952310002186,0.9290232137726299,0.9440433905708896,0.9358473987710149,0.9444127159730016,0.9400295493738967,0.9400880734091237,0.9522532845475167,0.9390977088457266,0.9452842932170643,0.9835528030765137,0.9345455039591994,0.8767233154706028,0.9442940465468325,0.945845233405106,0.962304254326283,0.9414459015778534,0.9381829144826875,0.9441954442589539,0.9266861057836937,0.9647875717860517,0.9343124531130038,0.8798580865375283,0.9311854343551654,0.9363198412833509,0.8280275800040034,0.9075971797107516,0.933986074556326,0.9342925699473481,0.9425244676884379,0.9397290868123576,0.9351201331425261,0.9545192139395272,0.9326783246067822,0.9284741674397621,0.9126927430334176,0.9416039445474598,0.9333457331380005,0.9458173994344061,0.9786590743468077,0.9316584289399639,0.9552872189342252,0.9220976522118062,0.9397334752970462,0.9452480762774164,0.9238131171068661,0.9506137317442536,0.9436359996705095,0.9298895187028593
BAC,0.9908123997690235,0.9912376271028162,0.8441724257988686,0.9862941107824185,0.837861785176051,0.9587549826395279,0.9999999999999999,0.9959015275005858,0.9990068579357629,0.9868030049242013,0.9939231918763684,0.9984191398214932,0.9932786737781154,0.9913110459916297,0.9964686264052289,0.9892120825283357,0.9872137440790638,0.9959421868708969,0.9897596813555932,0.9885763362284985,0.9880156636006587,0.9950800462638546,0.9893004064007428,0.9947236033252913,0.9905842002037484,0.9950569657499616,0.994335989931005,0.992672205861326,0.9388789593893033,0.9925472624042556,0.9947793600694628,0.9876046181079474,0.9915302334105035,0.8439257496584105,0.9932065951766249,0.9969193065767671,0.9998233667351426,0.9934904290477634,0.9892441543620722,0.9953528347589563,0.9875327304317627,0.9565082172248416,0.9898416797889543,0.8449188560520164,0.9890530393978767,0.9912220455411224,0.6369019322032762,0.9839579877836333,0.9916802443969129,0.9918956195265407,0.994080365450168,0.994360218865499,0.9903182711138947,0.9997550471403566,0.988813605008422,0.988398136768492,0.8163222617824698,0.9927530429992256,0.9907489895208997,0.9956394490768262,0.991585010013466,0.9914998066892553,0.9999212423957754,0.9876271710542581,0.9929137850944559,0.9939975621490754,0.9862089805820763,0.9974512966105361,0.995329481272489,0.9889053472018895
BBT,0.9989113985823636,0.9989160034722556,0.7952160981049572,0.9964350846447876,0.7906833705480842,0.9482444323527273,0.9959015275005858,1.0,0.9977367775526252,0.996426174386734,0.9991152329524401,0.9895009297821165,0.999548456262911,0.9986065456361518,0.9998935236567194,0.9967740922088314,0.9705859738336817,0.9978669511731526,0.9879568709051516,0.9973425162827992,0.9973106527200187,0.9994504522932541,0.9980859210483929,0.9990466984251811,0.9981069429507997,0.9999160536544651,0.9996450735029344,0.9994289783173829,0.9054461903575952,0.9993826106155347,0.9995603717035164,0.9881453631457201,0.9989377043799398,0.7947135797213228,0.9957736237741225,0.9997338707460914,0.9946709337994231,0.9992567025356305,0.99836139120599,0.9998993575064641,0.9973606516224873,0.928096910119105,0.9977699770615583,0.7952462832993453,0.9963034178926921,0.998561821281536,0.611156358560285,0.9908697197910071,0.9989410271760786,0.9990049717780625,0.9985141881730522,0.9996542015324041,0.9987307841159102,0.9971120569252974,0.9978391360268806,0.9977272350752825,0.7734138508171335,0.9991804375654617,0.9981921439391984,0.9995325834413205,0.9900520133800343,0.9986726221701483,0.9958274162370018,0.9969749264127091,0.9993747233048013,0.9979804619666748,0.9966532314406938,0.9989730296558512,0.9998273679874948,0.9978944095980691
BK,0.9943150430197215,0.9939839386081912,0.8272876205726105,0.9908781233139329,0.8192398425946316,0.9600783631009326,0.9990068579357629,0.9977367775526252,0.9999999999999999,0.9911532670962638,0.9970841405849047,0.9962121259423891,0.9956394259377874,0.9944624278185114,0.9978533171977211,0.9936117459647349,0.9829112353964796,0.9989153372290578,0.993913994531131,0.9924067997053163,0.9922380738074742,0.9977850045144362,0.9921059986268611,0.9975925707398432,0.9945370332138064,0.9971199992627959,0.9960051898633784,0.9953971273772136,0.9289264254169731,0.994809294455821,0.9974313238339427,0.9909461980439498,0.9942344931395731,0.8256032970577145,0.9967684832994077,0.998273171469618,0.9988484847651442,0.9965521623055754,0.993107782284888,0.9970186503507606,0.9905224950450858,0.9479610821373022,0.9939732987552605,0.8275465004998819,0.993442970408987,0.9947981349202635,0.6419047352739703,0.984402668077057,0.9939258349502953,0.9944582023461326,0.9971941379467963,0.996351227735581,0.9933759287313231,0.9988096732867733,0.9929032753162494,0.9919447659013291,0.8064353222535107,0.9961046025355503,0.9942418532587434,0.9980041347734677,0.9947250608753004,0.9940534929727156,0.9987724466651734,0.9904253365573711,0.9958553332136163,0.9974047062572902,0.9892568221833109,0.999134274680452,0.9973874035013407,0.9925394437411958
BOH,0.998144291915546,0.9987692836947715,0.7468534616616611,0.9999301252171242,0.7395072098928335,0.925241825184406,0.9868030049242013,0.996426174386734,0.9911532670962638,1.0,0.9983426454310697,0.9769263210523437,0.9982180559131856,0.9994446634902177,0.9953792577296615,0.9994513061703385,0.9499090903926967,0.9935313210728909,0.9823830738478455,0.9998859074198803,0.9998933652688012,0.9973762101508088,0.9987273498888589,0.9979388542999676,0.9995364069111257,0.997358180331799,0.9972414170527769,0.9981914677567755,0.872294770181394,0.9976537967159181,0.9975927533749551,0.9773199240236895,0.998857871082114,0.746028532537537,0.9956038834081042,0.9962351112106622,0.9847689859593893,0.9986805855430206,0.9985499003646202,0.9967906642170375,0.9983297571136506,0.8977272810811274,0.9996626887818798,0.7476424194875089,0.9992537934669606,0.999444606386067,0.5669657006305149,0.9923524270851669,0.9982170378863291,0.9988098155952413,0.9979880273068613,0.9978722622952031,0.9986544734752322,0.9888571313206089,0.9997102464732527,0.9994643957258766,0.7234509256980257,0.9987863935388916,0.9995805980769619,0.9974515009534874,0.9811907223467676,0.999009456637285,0.9872448669656979,0.9988743775536648,0.9987658554858794,0.9973949437078548,0.9979823497934484,0.9953299217142828,0.997529335917861,0.9996445059699556
BOKF,0.9988031338884177,0.9987965956750424,0.7823259337734011,0.9982490395517989,0.7745518293559934,0.943545068884242,0.9939231918763684,0.9991152329524401,0.9970841405849047,0.9983426454310697,0.9999999999999999,0.9870517014903373,0.9991908707525357,0.9993884436018355,0.9985354588715478,0.9991490372192047,0.9660252687141438,0.9982589419579992,0.9900695819280076,0.9987845495029054,0.9987966439802954,0.9997569934109819,0.9979234055012063,0.9999424431293796,0.9996008434175236,0.9993584006002945,0.9987188072365576,0.9991527583039439,0.8981000152601349,0.9985283318002092,0.999714329672815,0.9861564769549999,0.9989332845256245,0.780827587841818,0.9983147661972559,0.9991177583471763,0.9927560513730145,0.9999339612445489,0.9985243349506457,0.9989466937724859,0.997040766540877,0.920938885892361,0.9994358555701034,0.7827048498037297,0.9989383923947684,0.9996175689904045,0.604333502848827,0.9903316975386554,0.9983854615086377,0.9989773198682618,0.9998124221376863,0.9992488292054506,0.9985371500355497,0.9949695342173214,0.9990051311149204,0.9983535898647096,0.761714433940607,0.9998575638558345,0.9994019912146765,0.9998020148333829,0.9897916984651657,0.9988733305248522,0.9939997581882585,0.9971841443505836,0.9996644427490262,0.9996234281594127,0.9962916072095185,0.9990318891774914,0.9995468824462028,0.9987213392321383
C,0.9821994965021265,0.9823784607606759,0.8712244727201742,0.9762070803072889,0.8632777016778536,0.9654144772125164,0.9984191398214932,0.9895009297821165,0.9962121259423891,0.9769263210523437,0.9870517014903373,0.9999999999999999,0.9853469078957281,0.9827597711311331,0.9904315788605884,0.9808709539569888,0.9942313073133343,0.991764983922615,0.9890250931652806,0.9791395560002292,0.9784407341004213,0.9886998343908135,0.9796112601820025,0.9883218062404369,0.9822383731230084,0.9881004041824867,0.9868324420096035,0.9845833024985621,0.9563755919918162,0.9842524401140371,0.9880833139704662,0.9857084964873691,0.9828399893136432,0.8704951974516781,0.9882081386079334,0.9910858053300597,0.9990917162063471,0.9861510799184444,0.9799930471770787,0.9884719179319691,0.9771901515506376,0.9708557487157395,0.981249381137317,0.8721068461232568,0.9808703980496166,0.982875419178723,0.6612364245081601,0.9742129869066797,0.9829380387309548,0.9833218130094884,0.9876210708476028,0.9869461340046676,0.981143107130124,0.9970824604486751,0.9794679210577922,0.9785657716767192,0.8438045341356065,0.9851048998012251,0.9822373623163473,0.9894096217648324,0.9907145838464806,0.9827990996550752,0.9981566748224506,0.9773513170471194,0.9850422927042792,0.9880436034971477,0.9754263433527978,0.9926991827317425,0.9885630427750378,0.9793470275434992
CFG,0.9994535795264874,0.9998536056811925,0.778106183081942,0.998220811198888,0.7738399746323028,0.9391375134712326,0.9932786737781154,0.999548456262911,0.9956394259377874,0.9982180559131856,0.9991908707525357,0.9853469078957281,1.0,0.999596964995274,0.9991939536007588,0.9978594149358861,0.963275193913136,0.9962950569189953,0.9847801863367351,0.9988743322884893,0.9987950433644569,0.9991784090526956,0.9994638102938875,0.9989624966483073,0.9989935648562726,0.999835223673683,0.9998630492041756,0.9998764332919923,0.8932564013514896,0.9998728024045255,0.9994242280807193,0.9841809776225199,0.9998471229613586,0.7779985125147978,0.9953372049177903,0.9992455167720369,0.991594252618067,0.9995453645371297,0.9992466001452048,0.9997559668723655,0.9989790888239302,0.9171964349656476,0.9988040298565866,0.7783962143226706,0.997415162855234,0.9993912175460891,0.5907985768980016,0.9929454284653528,0.9998089817890493,0.9998800300502515,0.9985465810653441,0.9999272547981461,0.9997108533617192,0.9950205629757685,0.9991050153026297,0.9992456945163327,0.7542420508856895,0.9995460298868449,0.9992244382532999,0.9992649514507139,0.9863458886114084,0.9997192954979605,0.9934254017154732,0.9988366789618288,0.9998491445305006,0.9977627279903892,0.9984907085497373,0.9980223234178768,0.9997550857110844,0.9993061959214206
CFR,0.9991127636113574,0.9997054670033477,0.7666778785105207,0.9993562579696866,0.7605837318730839,0.9333488060759405,0.9913110459916297,0.9986065456361518,0.9944624278185114,0.9994446634902177,0.9993884436018355,0.9827597711311331,0.999596964995274,1.0,0.9979295235125084,0.9991728512811183,0.9586542304996272,0.9957023797153414,0.9846589893004664,0.999773003441702,0.9996759131877536,0.998949630070522,0.999407096158346,0.9991533988689996,0.999729955110827,0.99918363341094,0.9991096382862688,0.9994866974199563,0.8860404946629672,0.9991760203765502,0.9991395318409009,0.9813724157963682,0.9997628610381452,0.7661904431281853,0.9963934664986005,0.9985121222077177,0.9895283913580178,0.9996830969111612,0.9991431169832203,0.9988772833627813,0.998876364079396,0.9103318789640599,0.9996728627871795,0.7673046349253183,0.9988985078957863,0.9998795161670235,0.5801109908628324,0.9931297772552768,0.9994181140402003,0.9997983301521197,0.9989979125757639,0.9994786169039644,0.9994910936903075,0.9930979772445618,0.9997339975761576,0.9996564439867357,0.7421162655226001,0.9996724480212859,0.9998606491365504,0.99906699837864,0.9846450303586828,0.9998276667562584,0.991634896169429,0.9991642103333178,0.9998110285394161,0.9983300846361428,0.9984136959338598,0.9975562302505069,0.9992839477091076,0.9998111107042306
CIT,0.9983339200321452,0.9984137473630087,0.800388140063928,0.9953452247993531,0.7962634006075374,0.9501399022953402,0.9964686264052289,0.9998935236567194,0.9978533171977211,0.9953792577296615,0.9985354588715478,0.9904315788605884,0.9991939536007588,0.9979295235125084,1.0,0.9957341592470794,0.9724336190743126,0.9975740043419514,0.9874420034951519,0.9963953798295853,0.9963682714501374,0.9989273515890637,0.9975190106209022,0.9985184606002705,0.9972686641288732,0.99967664090737,0.9994462886947101,0.9989424691544054,0.9087537862248897,0.9990956214589768,0.9990458162242444,0.9885276489503815,0.998494623722047,0.8003046830465581,0.9949377304319963,0.9995929075284644,0.9952329692536745,0.9986994461347227,0.9976898168409324,0.9997449532687063,0.9967399037118931,0.9311294562674874,0.9968740474528021,0.8004992613614893,0.9952010279547675,0.9978800961681088,0.6151427755896371,0.9910536474120909,0.9986113503720205,0.9985522691204587,0.9978369784991524,0.9993345601551166,0.9982216915758727,0.9976107939020935,0.9970010946871215,0.9969266456519931,0.7779566596831424,0.9985617190440376,0.9974825842264268,0.9992112831411408,0.990122479604844,0.9981790153607405,0.9963425285984147,0.9963269251106902,0.998848447599873,0.9973084588014087,0.99595624756726,0.998892085483762,0.9995247655507646,0.9971077184929731
CMA,0.997691225070218,0.9979847923592727,0.7599046907063864,0.9992855659635276,0.7502595671482232,0.9324793024247712,0.9892120825283357,0.9967740922088314,0.9936117459647349,0.9994513061703385,0.9991490372192047,0.9808709539569888,0.9978594149358861,0.9991728512811183,0.9957341592470794,1.0,0.9561616433982902,0.9958348055418593,0.9874587069694155,0.9993773208965212,0.9994068290006954,0.9982415946507665,0.9974175782742828,0.9989743593946269,0.9997523022665711,0.9974933465861796,0.9968499382437285,0.9978484562300195,0.8827946312229293,0.9969207371786568,0.9982077758278158,0.9805293782103218,0.9981814375471932,0.7581284618889573,0.9980746651660788,0.9968872617860904,0.9877224351599134,0.9991201875317154,0.9978534485982816,0.9967811207954982,0.9966205686356598,0.9067400764562866,0.9998086783001545,0.7606984242314121,0.9999565105114564,0.9994747306464462,0.5842557735492758,0.9903031779910305,0.997271611112899,0.9981846274053586,0.9991479079658198,0.9977340914003916,0.9977207398569783,0.9905596562420372,0.9992582049676209,0.9984427076178863,0.7384788237488117,0.9990980052377015,0.9994940723460779,0.9983248692155771,0.9853225042254904,0.9983525949504108,0.989542050435933,0.9972899880694867,0.9987516512499645,0.9990155933789682,0.9959964164437101,0.9969069831338472,0.9978508860044668,0.9988656198343839
CNND,0.9598049693595727,0.9586246230380328,0.9157108476704295,0.9492416168422123,0.9076622352760354,0.9776454482595317,0.9872137440790638,0.9705859738336817,0.9829112353964796,0.9499090903926967,0.9660252687141438,0.9942313073133343,0.963275193913136,0.9586542304996272,0.9724336190743126,0.9561616433982902,1.0,0.9764852965869512,0.9791028182552419,0.9531062474535659,0.9525374698468283,0.9690108219538199,0.9543863466535216,0.9678369274627412,0.9583525427456697,0.9678738067252693,0.9656691221785895,0.9625421134686516,0.9806808770202622,0.9621535383919907,0.9679579806697968,0.9791959838931021,0.9591432113031126,0.913756105644979,0.9686865923274032,0.9722670012213491,0.9894602435741142,0.9644370633277557,0.9563838447652411,0.9685440980090073,0.9512028910329435,0.99024973861525,0.9568333063720713,0.9156099142780365,0.9560414059709091,0.9592402667329161,0.718832617363303,0.9465903871776994,0.9594675433137223,0.9597465003540014,0.966729408355436,0.9655012426839669,0.957257625251834,0.9840754431550447,0.9543539930962969,0.9527187319793363,0.8956018877434412,0.9631378751420548,0.9578949992578916,0.9696410358646684,0.9830026724890706,0.9585949879620722,0.9861751272060055,0.9504146155811138,0.962774082875061,0.9678897558051689,0.948736047703873,0.9753001861062205,0.9682605937668313,0.9538063962776329
COF,0.9962942885006556,0.9950504472740025,0.8082010493282091,0.9935731064609834,0.7992332197237815,0.9604594829305119,0.9959421868708969,0.9978669511731526,0.9989153372290578,0.9935313210728909,0.9982589419579992,0.991764983922615,0.9962950569189953,0.9957023797153414,0.9975740043419514,0.9958348055418593,0.9764852965869512,1.0,0.9958986623278118,0.9943102238314333,0.994573521647059,0.9985967698474103,0.9932888363572938,0.9983920060553826,0.9965222132294176,0.997443792335774,0.9959783438685914,0.9964644433642272,0.9164507213009558,0.9955161582426296,0.9982477599144891,0.9931106350529403,0.9952316293205719,0.8051523659957875,0.9978574209722982,0.997727381585297,0.995773928973626,0.9976944272245902,0.9954481835175532,0.9969864311663851,0.9919899729650563,0.9371363194302192,0.9961289039235793,0.8078008651688283,0.9955812953572951,0.996444073494552,0.6475234767311683,0.9827979481468891,0.9945089123554434,0.9952460103866175,0.99819103070906,0.9965685015421718,0.9948634599601635,0.9958800865213875,0.9951743202336625,0.9937603976949919,0.795826683684994,0.99761157214435,0.9958084778703794,0.9983641246218101,0.9963358933985226,0.9947764396843756,0.995470742219149,0.9914836827702985,0.9969776002333186,0.9986152433715336,0.990837319402862,0.9987259118202682,0.9976079210280776,0.9943691204906445
DFS,0.9853223552678897,0.9826108479522552,0.8239528042321558,0.9823504316033665,0.8087281734045485,0.9700363718668595,0.9897596813555932,0.9879568709051516,0.993913994531131,0.9823830738478455,0.9900695819280076,0.9890250931652806,0.9847801863367351,0.9846589893004664,0.9874420034951519,0.9874587069694155,0.9791028182552419,0.9958986623278118,0.9999999999999998,0.9830107446898828,0.9835555799391846,0.990404329490441,0.9795322102252562,0.9905799816228358,0.987210047831828,0.9870584642767503,0.98399722696687,0.9852182244569102,0.9278165238752907,0.9830701467101275,0.9894114640074545,0.9923251447864497,0.9830848956228636,0.8177903738720467,0.9939987714176372,0.9882252600583438,0.9910726808727122,0.9885277974655715,0.9840005895801879,0.9860265136781032,0.9773327037171453,0.9451883928854414,0.9867190100727113,0.8233038909368504,0.9875803112332949,0.9863980625035169,0.6909893364297482,0.9654668765918297,0.9813873707054172,0.9830409785741441,0.9908042975797589,0.9854080235520857,0.9823058801527067,0.9878805024189503,0.98424048227204,0.9810795948091269,0.8228408775921858,0.9883336377061841,0.9855364363947708,0.9898761395944651,0.9980221739835421,0.982450007191425,0.9888158304927435,0.9768724917757601,0.9865830716858823,0.9926033582315626,0.9755332334633583,0.991701751117709,0.9876486579431006,0.9823183699495193
EWBC,0.9986625606134433,0.9992877612629304,0.7544133834395655,0.9998371640079832,0.7478942806261903,0.9275962462482096,0.9885763362284985,0.9973425162827992,0.9924067997053163,0.9998859074198803,0.9987845495029054,0.9791395560002292,0.9988743322884893,0.999773003441702,0.9963953798295853,0.9993773208965212,0.9531062474535659,0.9943102238314333,0.9830107446898828,0.9999999999999999,0.9999132390176934,0.9981206415986199,0.9991930078367631,0.9984359004421803,0.9996655662209534,0.9981647913458209,0.9981184072836415,0.9988722917755862,0.8773409204605106,0.9983954424434308,0.9983479399812276,0.9786252408108937,0.9993009295544121,0.7536583717966707,0.9958692180450435,0.9972247145939986,0.9866417089876117,0.9991228393451398,0.9989152536146461,0.9977326722117948,0.998786963198412,0.9023607289741445,0.9997215871751735,0.755053233886641,0.9991600663931415,0.9996525898507711,0.5696415495861168,0.9925170892339009,0.9988153901375805,0.9993105687327561,0.9984432135440728,0.998634658450879,0.999119028284324,0.9905921265403737,0.9998022381262871,0.9997288335980421,0.7302027863054419,0.999203038395078,0.9997240861025041,0.9980812499397194,0.9822725615899969,0.99944406669705,0.9890064904618158,0.9991865553296012,0.9992695086422512,0.9977292518975623,0.9984549686800798,0.9961250584271635,0.9983131444145926,0.9998451618750659
FCNCA,0.998905595291824,0.9992269443303866,0.7522421561596442,0.9999319334291173,0.7455764861866371,0.9296457972542009,0.9880156636006587,0.9973106527200187,0.9922380738074742,0.9998933652688012,0.9987966439802954,0.9784407341004213,0.9987950433644569,0.9996759131877536,0.9963682714501374,0.9994068290006954,0.9525374698468283,0.994573521647059,0.9835555799391846,0.9999132390176934,1.0,0.9980615935424777,0.9990926926255183,0.9983641449593302,0.9997371389938758,0.9980872372873782,0.9979233891420889,0.998863390670012,0.8759403754484328,0.9983707385926642,0.9982773651586371,0.9799234055266569,0.9992428789458245,0.7512047327364636,0.9957425836480841,0.9969373223399017,0.986108682108584,0.999116598774841,0.9992028778336304,0.9975866562670734,0.9987390212697832,0.9012691053777395,0.9998043673012621,0.7526569864529004,0.999115198319452,0.9997117659395551,0.5758877817896898,0.9918623658587243,0.998698891987061,0.999197746542543,0.9983306715692639,0.9984357061798224,0.9991912101118922,0.9899935806559892,0.9999478388115556,0.9997074382361067,0.7306202996055504,0.9992776475937689,0.9996938393291397,0.9980081743647675,0.9830347263274493,0.9992602561288069,0.9883147484610589,0.9989626254897706,0.9992642614753963,0.997724596743653,0.9983748532507114,0.9959678727888834,0.9981652866067912,0.9998572704027645
FFIN,0.9988762530969019,0.9986396255192784,0.7905290095356933,0.9974043265762549,0.7840173789314023,0.9465952310002186,0.9950800462638546,0.9994504522932541,0.9977850045144362,0.9973762101508088,0.9997569934109819,0.9886998343908135,0.9991784090526956,0.998949630070522,0.9989273515890637,0.9982415946507665,0.9690108219538199,0.9985967698474103,0.990404329490441,0.9981206415986199,0.9980615935424777,0.9999999999999999,0.9976922750563411,0.9997130322396064,0.9989837925342242,0.9995469812400235,0.9989543771119723,0.9993116370193424,0.9031325878073089,0.9986776707461815,0.9999692656972756,0.9877254163458206,0.9986010354956556,0.7887499636022094,0.9977796125928587,0.9994455935788925,0.9941086257535391,0.9996772161150106,0.9984027442689645,0.999296472639791,0.9968707284567889,0.9255592795453437,0.9987306451010214,0.7904463298109086,0.9979844069624045,0.999043727142873,0.6096500376428164,0.988752943515877,0.9982369858916751,0.9987217459786765,0.9995747831922418,0.9993353657408163,0.9983700812956051,0.996085045067888,0.9983798313231851,0.9979326409144551,0.7704270638641569,0.9996432656893145,0.9986794602537443,0.9996987501848169,0.9907817016513576,0.9984725703698575,0.9950838560377842,0.9966462554395087,0.9995119340902369,0.999211503898524,0.9961834373522866,0.9990220166303742,0.9996856924310148,0.9981899988973499
FHB,0.9991400224779682,0.9998570603430209,0.759435919818369,0.9988138652920425,0.7564267555554834,0.9290232137726299,0.9893004064007428,0.9980859210483929,0.9921059986268611,0.9987273498888589,0.9979234055012063,0.9796112601820025,0.9994638102938875,0.999407096158346,0.9975190106209022,0.9974175782742828,0.9543863466535216,0.9932888363572938,0.9795322102252562,0.9991930078367631,0.9990926926255183,0.9976922750563411,1.0,0.9974618454056136,0.9985559091608868,0.9987210181949098,0.9991642018923735,0.9994027975860146,0.8790411412883171,0.9995442051586233,0.9981387006190713,0.9793404083615852,0.9997335260395789,0.7598157692777618,0.9929845136498653,0.9975890433002299,0.9871017807490745,0.9985705815947928,0.999277644222193,0.9986556767255594,0.9998889467949684,0.9045541909530463,0.9985017993738327,0.7597579022478188,0.9969163281612414,0.9989699985687092,0.5694164355334193,0.9938283893601625,0.9997921206929351,0.9997363419952774,0.9970901160468707,0.9991560721229913,0.9998278490649432,0.9917234314322143,0.9992353650695462,0.9997965123943501,0.7338652283040441,0.9987149421020596,0.9989433199294235,0.997680008307424,0.9811131450625342,0.9996839847273084,0.9896328686511321,0.9997819755575508,0.9992139253712348,0.9959275477674395,0.9996944001382131,0.9955970926258544,0.9985601836435032,0.9996623726937329
FITB,0.9982887434547366,0.9984379167053641,0.7869517096579761,0.9977456922053786,0.7787117069960057,0.9440433905708896,0.9947236033252913,0.9990466984251811,0.9975925707398432,0.9979388542999676,0.9999424431293796,0.9883218062404369,0.9989624966483073,0.9991533988689996,0.9985184606002705,0.9989743593946269,0.9678369274627412,0.9983920060553826,0.9905799816228358,0.9984359004421803,0.9983641449593302,0.9997130322396064,0.9974618454056136,0.9999999999999999,0.999347424898591,0.9992485224478946,0.99856996507547,0.9988299732394338,0.9015315515011773,0.9981849162986811,0.9996198972680477,0.9859355067549516,0.9986325767345098,0.7855568814154733,0.9986718034944504,0.9992593581313765,0.9936355542214825,0.9998126311687477,0.9979262427604494,0.9988513578423907,0.9964381331427309,0.9238255887049855,0.9991534035293829,0.7875371793608177,0.9988289054500753,0.9993709357070563,0.6049619650156048,0.9904088429938703,0.998072379677884,0.9987142385598022,0.9998777348469793,0.9991386840954111,0.9980643030121049,0.995620330772254,0.9985611954283894,0.9978668829609275,0.7649579599365098,0.9996365225719621,0.9991848627209086,0.9998718678738038,0.9900386141124986,0.9986476239787814,0.9948471590355009,0.9967499371347904,0.9994407440873301,0.9997506351317579,0.9956158967387012,0.9993602186829111,0.9995094374261291,0.9982896432123326
FMAO,0.9989128865249756,0.9990607951346034,0.7645320624719979,0.9994897448772309,0.7567453740749334,0.9358473987710149,0.9905842002037484,0.9981069429507997,0.9945370332138064,0.9995364069111257,0.9996008434175236,0.9822383731230084,0.9989935648562726,0.999729955110827,0.9972686641288732,0.9997523022665711,0.9583525427456697,0.9965222132294176,0.987210047831828,0.9996655662209534,0.9997371389938758,0.9989837925342242,0.9985559091608868,0.999347424898591,1.0,0.9986750261563643,0.9982073747387786,0.99901108381538,0.8854333319052665,0.9983702739426937,0.9990480385023633,0.98277095567384,0.9991742268293905,0.7631352593613552,0.9974817732459925,0.9979412979137379,0.989042229278362,0.9997002589874493,0.9989802610992197,0.9981424400269602,0.9979137869849919,0.909605183172107,0.9999842854293998,0.7650156857498884,0.9995396808883701,0.999920776678195,0.589144609663944,0.9911475473866999,0.9985204416725066,0.9991514464054395,0.9993257435936157,0.9988198000088007,0.9989167191501772,0.992074153097104,0.9997655230485891,0.9992126684043086,0.74382966684989,0.9997471161754437,0.9998475157738088,0.998995179750374,0.9864498887320347,0.9991713595840122,0.9907872941020214,0.9981890186551893,0.9995727407741479,0.9989993947815305,0.997346229683836,0.9975442210266251,0.9988475716082621,0.9995105958832721
FMBH,0.9992019746141992,0.9993931783397,0.7886456339631874,0.9973453512028753,0.7839787538810092,0.9444127159730016,0.9950569657499616,0.9999160536544651,0.9971199992627959,0.997358180331799,0.9993584006002945,0.9881004041824867,0.999835223673683,0.99918363341094,0.99967664090737,0.9974933465861796,0.9678738067252693,0.997443792335774,0.9870584642767503,0.9981647913458209,0.9980872372873782,0.9995469812400235,0.9987210181949098,0.9992485224478946,0.9986750261563643,0.9999999999999998,0.9998259944439299,0.9997184633748484,0.9009271199618144,0.9996338526091597,0.9996929689066429,0.9865066719309146,0.9994063778205474,0.7882214343553015,0.9959993696950676,0.9997069041668123,0.9936704408602788,0.9995603462661792,0.9987865818972834,0.9999425728112293,0.9980627772078071,0.9239949759600847,0.9984015672566222,0.788822001811861,0.9970676142066713,0.9990724416160455,0.602372774299118,0.9917555201886853,0.9993590315072415,0.9994742964066576,0.9988090709084896,0.9998971514495331,0.9991911167582456,0.9964488097448805,0.9985011896040815,0.9984662015880912,0.7657540241728786,0.9994989888042926,0.99879713573413,0.9996159201378205,0.9887225845336494,0.9992296981461263,0.9950970067217475,0.9978296785630693,0.999714342029694,0.9981844588749988,0.9974383714705816,0.9988062269308355,0.9999512612259254,0.9986045313215477
FNB,0.9990143045188806,0.999579645945266,0.7852142289998594,0.9972130930276443,0.7818454252620555,0.9400295493738967,0.994335989931005,0.9996450735029344,0.9960051898633784,0.9972414170527769,0.9987188072365576,0.9868324420096035,0.9998630492041756,0.9991096382862688,0.9994462886947101,0.9968499382437285,0.9656691221785895,0.9959783438685914,0.98399722696687,0.9981184072836415,0.9979233891420889,0.9989543771119723,0.9991642018923735,0.99856996507547,0.9982073747387786,0.9998259944439299,0.9999999999999998,0.9996751660265576,0.8976478929930742,0.9998253408991025,0.9992244972282114,0.9841491055551641,0.9995351194465913,0.785488336662072,0.9945904359873908,0.9994538526969511,0.9926731591114019,0.999112602533535,0.998660880767318,0.9999088831932409,0.9986587641318404,0.9211468632101583,0.9979425994302602,0.7855162808226409,0.9963812735499047,0.9987434950066486,0.5910455392129542,0.9930506058884253,0.999697908115917,0.9996346062616436,0.998060729894677,0.99990984307813,0.9993515503118819,0.9960757885680135,0.9983090196583275,0.9986684324278482,0.7593655854657365,0.9990430735731971,0.9985496297935514,0.9990763244141003,0.9860806646373241,0.9994296157696234,0.9945046844054892,0.998466664579102,0.999497994927334,0.9971409807715863,0.998168979525744,0.9980275956546327,0.9997240056596355,0.9986753360417677
GBCI,0.9997685257971738,0.9997960746090779,0.7764091176243401,0.9983571624116709,0.7724559155416573,0.9400880734091237,0.992672205861326,0.9994289783173829,0.9953971273772136,0.9981914677567755,0.9991527583039439,0.9845833024985621,0.9998764332919923,0.9994866974199563,0.9989424691544054,0.9978484562300195,0.9625421134686516,0.9964644433642272,0.9852182244569102,0.9988722917755862,0.998863390670012,0.9993116370193424,0.9994027975860146,0.9988299732394338,0.99901108381538,0.9997184633748484,0.9996751660265576,0.9999999999999999,0.8918336882290092,0.999828183015463,0.9995562708736019,0.985141834280024,0.9996385009662654,0.7756274542829747,0.9952114938526931,0.998973706801611,0.9911020451354109,0.9994792999284418,0.9995691046718206,0.9996175941831915,0.9990421313239053,0.9160068303489298,0.9988299012070353,0.7762165852156674,0.9973736857748108,0.9993098631868148,0.5939187067832989,0.991203299313237,0.9995827405332633,0.999689699527991,0.9985049628033998,0.9997431153517305,0.9997413844308176,0.9944398975755963,0.9991873513475561,0.9993146541021878,0.7549189582977226,0.9996074199656333,0.9990159532595583,0.999038565245099,0.986825710163295,0.9994365642832347,0.9927401601091128,0.9986021235683861,0.9998283130269995,0.9976728858506383,0.9986343713723238,0.9975832009641693,0.9996094000552276,0.9993172954875268
GS,0.8867995724833223,0.8856320922506353,0.9749758231435146,0.8708656713679545,0.9648093650767368,0.9522532845475167,0.9388789593893033,0.9054461903575952,0.9289264254169731,0.872294770181394,0.8981000152601349,0.9563755919918162,0.8932564013514896,0.8860404946629672,0.9087537862248897,0.8827946312229293,0.9806808770202622,0.9164507213009558,0.9278165238752907,0.8773409204605106,0.8759403754484328,0.9031325878073089,0.8790411412883171,0.9015315515011773,0.8854333319052665,0.9009271199618144,0.8976478929930742,0.8918336882290092,0.9999999999999999,0.8912858392930643,0.901247562133958,0.9258794231028737,0.8865420054057518,0.9728859682641601,0.905659852000107,0.9092469695297531,0.9436112233150846,0.8952929745602008,0.8811918091751023,0.9022830015796528,0.8739297467432,0.9981779634621285,0.8830312637225028,0.9754646740157116,0.8831415635087215,0.8866870712738494,0.7542638060558793,0.8730568912302501,0.8872693139727615,0.8876867967453947,0.9000840351828461,0.8973447806724285,0.8830444276323612,0.93259972036075,0.8785208910775488,0.876198696670763,0.9496461382878842,0.892859722436669,0.8848792339705578,0.9043248094264935,0.932345107051286,0.8861469917913739,0.9374935969388055,0.8733966558803604,0.8923183710396031,0.9022584126621824,0.8702587824876764,0.9148089256406623,0.9018535773866154,0.8778967052917239
HBAN,0.9995274747208683,0.9998038210766822,0.776533627405618,0.9977834926911644,0.7736843303637798,0.9390977088457266,0.9925472624042556,0.9993826106155347,0.994809294455821,0.9976537967159181,0.9985283318002092,0.9842524401140371,0.9998728024045255,0.9991760203765502,0.9990956214589768,0.9969207371786568,0.9621535383919907,0.9955161582426296,0.9830701467101275,0.9983954424434308,0.9983707385926642,0.9986776707461815,0.9995442051586233,0.9981849162986811,0.9983702739426937,0.9996338526091597,0.9998253408991025,0.999828183015463,0.8912858392930643,0.9999999999999999,0.9990187788855774,0.9842942811912291,0.9996947414476738,0.7765970707952411,0.9937954631251293,0.9988174569683596,0.990757209009906,0.9990106670302945,0.9993320965690893,0.9996589847990726,0.9992535171928856,0.9157123935606515,0.9981631021985334,0.7765170657419764,0.9963458629365054,0.9988808724147745,0.5907123498497517,0.9925775299369292,0.9998287811173897,0.9997092668606834,0.9976650980492604,0.9997030209357208,0.9997832918457668,0.9945025057186779,0.998769363180917,0.9991304734293842,0.7534250445934522,0.9991085421957236,0.9986425218081733,0.998644676338802,0.9855160111608824,0.9994510654658842,0.9926225365379219,0.9988047457200561,0.9995357663082741,0.9966939384609381,0.9988633477426672,0.9971822060472674,0.999411752619079,0.9990720901390928
