Ticker,ABCB,ABTX,AJX,ALTA,ARI,AXP,BAC,BBT,BK,BOH,BOKF,C,CFG,CFR,CIT,CMA,CNND,COF,DFS,EWBC,FCNCA,FFIN,FHB,FITB,FMAO,FMBH,FNB,GBCI,GS,HBAN,HOMB,HTH,HWC,IBKR,IBOC,ISBC,JPM,KEY,LARK,MBWM,MCBC,MS,MTB,NAVI,NKSH,NTRS,OPY,PACW,PBCT,PGC,PNC,PNFP,RF,SCHW,SFBC,SIVB,SLFC,SRCE,STBA,STT,SYF,TCBI,TFSL,TSC,UMBF,USB,WAL,WFC,WSBC,ZION
ABCB,0.9999999999999999,0.9991920913808647,0.995454909905834,0.9981607177688573,0.9764897593218319,0.9731596486983827,0.9976367279013747,0.9996195649204619,0.9976161609353774,0.9956575580463176,0.9983020619598463,0.9970033573716769,0.9992927026324812,0.9980149556931683,0.998896959712376,0.9957012817053019,0.9980204469360736,0.9976801868336704,0.9868416013145159,0.9975829970272414,0.9972599574629346,0.9990928442906695,0.9987084406743689,0.997576145419047,0.9982391613274043,0.9987431454935491,0.9989791183089494,0.999639123505141,0.9964422289468412,0.9985805205729891,0.9990596740979968,0.9903761494908091,0.998509955191033,0.9919858038871144,0.9926076454645202,0.9985897219898254,0.9969704434737172,0.998098036825034,0.9997546104509895,0.998800514065168,0.9979725431300404,0.9983935311250652,0.9977056429067017,0.9940410634978926,0.9952763030008217,0.9969477878900764,0.7833480907327319,0.9989684238325438,0.9985171610538993,0.998100479335239,0.9972238136870042,0.9992097367822164,0.9993355303507222,0.9972880530333357,0.998673059073497,0.9970401960876872,0.978365982196784,0.9991535039390619,0.998063060994367,0.9974538960147802,0.9924089244100609,0.9971103216074407,0.9977691752404502,0.9956285460949016,0.9984561689067408,0.995308424305794,0.9975001516176923,0.9969751313887497,0.9989022881846467,0.9982169143450519
ABTX,0.9991920913808647,0.9999999999999999,0.9948111190831744,0.9987858842304393,0.9749661740501655,0.9643235503395227,0.9990729768032222,0.9998286867665609,0.9986057752677432,0.9971012498972396,0.9984914255141344,0.9982998833225172,0.9999780217698204,0.9992046074720998,0.9994411738995339,0.9963760525186668,0.9977896810278877,0.9958613511656673,0.9834978516051694,0.9988018205121705,0.9981368813544952,0.9987793874147762,0.9998860898176408,0.9981320041326472,0.9984277551876443,0.9998619925802862,0.9998851789360684,0.9998299069294502,0.9969696769908337,0.9993804497801247,0.9987010269045743,0.9844332832189282,0.9996812410799031,0.9945868266050528,0.9925358440939336,0.9996991843522622,0.998118874277007,0.9986773218608165,0.9991897066506205,0.9996731853296887,0.999228499512989,0.9984043758166894,0.9981320764354712,0.9961341445018478,0.9958070041182961,0.9978663691235778,0.7600930299409671,0.9998342599417659,0.9998349278079507,0.9994933626475822,0.9975631935729188,0.9998088067899231,0.9998195328782153,0.9990919098906473,0.9991655844304818,0.9983617603136151,0.9694443465018627,0.9991063630469157,0.9988696365619397,0.9983193114444298,0.9880417752325868,0.9989791331136307,0.9993853594486847,0.9981181035753134,0.9991364015348306,0.9956693151656774,0.9988384271402172,0.997949492816486,0.9992066908619401,0.9992609504871568
AJX,0.995454909905834,0.9948111190831744,0.9999999999999999,0.9919684790953662,0.9904537367539774,0.9613007238045765,0.9904451209496643,0.9946085667331664,0.9902742892203074,0.9863875008029219,0.9926201574898876,0.989159822394421,0.9949595809409122,0.9915913842031963,0.9917170230281595,0.9890335885120947,0.9889158847006354,0.9935716047818383,0.9772016317916105,0.9912493007538397,0.9887115260888995,0.9959629860524475,0.9942077852850439,0.9911656112375253,0.9937948555025063,0.9930196032206775,0.9957372445055911,0.9947342428034617,0.9871235549787386,0.9912675754776554,0.9973067343185923,0.9823610365689545,0.9921173862038591,0.9796364101900182,0.9902613956231595,0.9930402962386602,0.9880860452335164,0.9907686171546695,0.9932784664111038,0.9920901727633255,0.991232413744289,0.9902555668704703,0.9913030248833435,0.9826506488806375,0.9919709804414661,0.9879168958426835,0.7699098359722322,0.9939418199329269,0.9939774837918468,0.9912195826258507,0.9921324302756955,0.9962590775333972,0.9934299765992822,0.990033739683164,0.9917780828045045,0.9878692891262103,0.9701426863001354,0.9940963541764469,0.993962351340253,0.9892921851479034,0.9848665768871967,0.9896268822852301,0.9939685808029377,0.9873886929957628,0.9908853901885081,0.9871396740400065,0.9907099740143822,0.9892069352199767,0.9975045174765341,0.9909750145392562
ALTA,0.9981607177688573,0.9987858842304393,0.9919684790953662,1.0,0.9663761320431694,0.9657322443633407,0.9995356659034076,0.9989367140370452,0.9998356083919981,0.9991983825832641,0.999859741307092,0.9996884962941485,0.9988871288853607,0.9997999981152657,0.9985416861941685,0.9992988632488321,0.9991952232467264,0.9974405724032872,0.9898366271776092,0.9998635946896053,0.9996433184436572,0.9991335132992832,0.998213616710231,0.9998939693482267,0.9996446058114568,0.9989460446675984,0.998048724084204,0.9989444854197297,0.999368035091754,0.9980821916577765,0.9984093341228971,0.9848049518720161,0.9990741927591894,0.9939942941466459,0.9962220606038747,0.9995733592902033,0.9994163709002993,0.9998973045515559,0.9986032535911841,0.9988451104436568,0.9974951476778534,0.9995761678428329,0.9998857907215567,0.9969836072418853,0.9984365708645428,0.9994620446467065,0.7651975145892466,0.9980827307267542,0.9981292915341176,0.9990633635674755,0.9995801086205751,0.9987844809281565,0.9986442697283838,0.9988864124918052,0.999845172603429,0.9987092146743929,0.9704308642948944,0.9996972463313456,0.9994877060909093,0.9996908088840885,0.9907980168524001,0.9989075430851553,0.9992451297216287,0.997434861562791,0.9996473785120271,0.998994098198953,0.9968480943069536,0.9996080931009226,0.9981843517885254,0.9995902931920498
ARI,0.9764897593218319,0.9749661740501655,0.9904537367539774,0.9663761320431694,1.0,0.9383809320073687,0.9649271958146719,0.9740894267658237,0.9634522535291912,0.9563932703444624,0.9673108221978545,0.9615544497220814,0.9749836474476671,0.9665658447328435,0.9693730841447139,0.9596736134533073,0.9614853623944549,0.9705038438171493,0.9427417342168287,0.9654771413638151,0.960747653082618,0.9749418593844386,0.974994677108802,0.9643094579428307,0.9696195322378361,0.9714272704474395,0.9778048486834271,0.9745062723150828,0.9571700507423511,0.9696804574095207,0.9785168938667014,0.9620483500609223,0.9694163220768283,0.9520173960423214,0.9629716362706765,0.9701047496381364,0.9601432023377003,0.9643321407818999,0.9719174713141843,0.9699397761634276,0.9706435025689636,0.9637565722187527,0.9646018811010717,0.9533580201602577,0.9656012272766907,0.9592785535198104,0.7516375990879671,0.9748137165083541,0.9745121269454127,0.9676764747918718,0.966026698134188,0.977251453398884,0.9727378282035452,0.9655584665246999,0.9667760701697004,0.9615356209435335,0.952007573489912,0.9709374611805508,0.9706671658699977,0.9616894759287823,0.9594840178922082,0.9646265961739677,0.9717742995743108,0.9626987560571332,0.9656460525741674,0.9562339315896795,0.9706725066633196,0.9611059225173529,0.9796578052031232,0.9660558259748184
AXP,0.9731596486983827,0.9643235503395227,0.9613007238045765,0.9657322443633407,0.9383809320073687,1.0,0.9619622908450786,0.9688790301068699,0.9649341339065511,0.9614605882335729,0.9684845636534125,0.962757790371967,0.9653166470606351,0.962963662568284,0.9684890014411114,0.9644312821909551,0.9729739222018559,0.9775918127758245,0.9791991890449061,0.9618130251318958,0.9653322258231946,0.968673646875558,0.9615743232875212,0.9664749222106469,0.9676780808194402,0.9635072735483424,0.9627862175204797,0.9675495997102442,0.9672095643659683,0.9654618630600609,0.9678449671501822,0.9953486809551941,0.963878847469175,0.9525349384404717,0.9628531842102284,0.9630800850772484,0.963487815220845,0.967193208219393,0.9731101415768767,0.9649637693159897,0.9612701402067416,0.9711803431151889,0.9671875671130983,0.9563905338064378,0.962501672903475,0.9659193485220832,0.902791165490646,0.9635162639261489,0.9616837267761066,0.9623255641496481,0.965636092397934,0.9642151936057473,0.9672186164240688,0.9592159877636484,0.9675893672344633,0.9621324163739496,0.995677427095581,0.9697054953243347,0.964566718682066,0.9662149486922113,0.988428439512234,0.9594702888359602,0.9588326870687626,0.9545273971721752,0.9666735696932431,0.9668490839326471,0.9595802899418022,0.9657725093589141,0.9650854085764254,0.9642189400006046
BAC,0.9976367279013747,0.9990729768032222,0.9904451209496643,0.9995356659034076,0.9649271958146719,0.9619622908450786,1.0000000000000002,0.9989338372636849,0.9997890210956973,0.9993913194304651,0.9990113463967536,0.9998122874196097,0.9990477406232321,0.9999245397627358,0.9991668207416222,0.9982260080084552,0.9988613056464417,0.9952097389577992,0.9859671628417314,0.9997771574000303,0.9996799766630505,0.9979525080682006,0.9988956010202075,0.999207706488657,0.998594412270369,0.9995317354650752,0.9984086878479106,0.9989153197203772,0.9990120108493672,0.9990269702199148,0.9971859635250806,0.9820114747295702,0.9996848828317607,0.9965784713365469,0.9935410955705665,0.9997740826518926,0.9997430260577435,0.9996494242311386,0.9984199044874639,0.9994929555574421,0.9987301449143952,0.9992613122235595,0.9991324995800739,0.9984884708013941,0.9967016280789126,0.999582641790199,0.7536537220763442,0.9987579634767699,0.9988956193329807,0.9998194303231271,0.9984024557014086,0.9985850400778576,0.9990823092486235,0.9998254591866489,0.9997018090801523,0.999588296311518,0.9659509289204387,0.9989361382448361,0.998891844496835,0.9996962266032814,0.9875052063332547,0.9998574146097615,0.9993324469913034,0.9991142085449561,0.9998129471499152,0.9979103930083786,0.9982449922294979,0.9994557915308901,0.9975114108933052,0.9999339179428551
BBT,0.9996195649204619,0.9998286867665609,0.9946085667331664,0.9989367140370452,0.9740894267658237,0.9688790301068699,0.9989338372636849,0.9999999999999999,0.9987508162786564,0.9971579543325838,0.9988678478213697,0.9983289396212102,0.9998950859259285,0.9991224044112654,0.9996321675096653,0.9967308665939795,0.998500143904866,0.9970036952072426,0.9858171770594852,0.9986887312635003,0.998329266775359,0.9990316675563831,0.9995149207816446,0.9984327036322648,0.9987517292003784,0.9996832166702501,0.9995840800839333,0.999863894620676,0.9974169078094702,0.9993095740162715,0.9988650767119364,0.9872876767779046,0.999575797131629,0.9940358438257894,0.9930901233635904,0.9995466094220053,0.9981707960101347,0.9989425153762136,0.9996440915267947,0.9995833557587818,0.9988422563777176,0.9989401271656188,0.9984761953572138,0.9957976571776049,0.996058294137725,0.9981431360155453,0.7714060078327651,0.9995735594778236,0.999507269971876,0.9992900852322917,0.9978207362149977,0.9996497839754221,0.999850544095961,0.9987203583012165,0.9993797372447041,0.9982312434298142,0.9732030668975997,0.9994578533717151,0.9989624976298931,0.9985728191765673,0.9904509850066999,0.9986654775032008,0.9989931869255113,0.9974785343813324,0.9992797833601514,0.9962515879122295,0.9983268713472432,0.9982507849896389,0.9991582012618146,0.999230707257725
BK,0.9976161609353774,0.9986057752677432,0.9902742892203074,0.9998356083919981,0.9634522535291912,0.9649341339065511,0.9997890210956973,0.9987508162786564,1.0,0.9996005753864503,0.9995741602579246,0.9999352434643202,0.9986899115266121,0.9998639976388376,0.9988016117185173,0.999138334156994,0.999351409069661,0.9965188635089299,0.9889630717413498,0.9998288210343722,0.9998777409243568,0.9983446678519013,0.9981423868170344,0.9997657231528024,0.9991953006437151,0.9990293513461705,0.9977785425782593,0.9986244260941807,0.9995786775971257,0.9983255656629082,0.9974566128364636,0.9837933248514157,0.9992676276145898,0.9952507989082604,0.9952268245257225,0.9995323574865304,0.9997403061053445,0.9999288532464387,0.9983670528035781,0.9989759245276805,0.99772178470819,0.9996467062664933,0.9997183732997074,0.9978309599850403,0.997772701049245,0.9998328353693863,0.7623197563541718,0.9980012385492049,0.9981738643090655,0.999335614425699,0.999121991074103,0.9983140789954627,0.9986248844670993,0.9992432523990648,0.9998263438786241,0.9991433940212437,0.9684486398673351,0.9993048647188081,0.9991987857689041,0.999948727537248,0.9897145554153959,0.9993458217808069,0.9990908321325097,0.9981104444203462,0.9997740239178009,0.9989565847001838,0.9970541047439183,0.9998727528741347,0.9974742431754109,0.999752778629079
BOH,0.9956575580463176,0.9971012498972396,0.9863875008029219,0.9991983825832641,0.9563932703444624,0.9614605882335729,0.9993913194304651,0.9971579543325838,0.9996005753864503,1.0,0.998654531575005,0.9998166921324358,0.9971270336924445,0.9992897052676336,0.9976454847874029,0.9989487527921583,0.9988672286217748,0.9946172628922503,0.9887372971286225,0.9994259192016328,0.9997989193995163,0.9966866497223122,0.996705224568208,0.9991988262605772,0.99800758959345,0.9979106994763268,0.9959477704332622,0.9971572514607012,0.9997172814946212,0.9973409941424549,0.99537949074429,0.9807676768310457,0.9983233067148014,0.9960742111768244,0.9941660687692101,0.9986108055183407,0.9998096960313331,0.9994316056391646,0.9969406945750661,0.998022598455116,0.9967774187206878,0.99904322446556,0.999110022284333,0.9986822550124361,0.9968613255387707,0.9997956845064249,0.7543912659309663,0.9965608760533885,0.9966849820587284,0.9986413803374827,0.9983857450507544,0.9965521005418069,0.9972760298990295,0.9988707041997166,0.9991067720984456,0.99915158730831,0.9649550306005588,0.998033659184766,0.997962221157214,0.9996727194813376,0.9878138370436033,0.999003644959345,0.9979967618266182,0.9980546756769373,0.999212530858356,0.9990166449379811,0.9961709932886759,0.9995519779520422,0.9952672029366931,0.999224094208554
BOKF,0.9983020619598463,0.9984914255141344,0.9926201574898876,0.999859741307092,0.9673108221978545,0.9684845636534125,0.9990113463967536,0.9988678478213697,0.9995741602579246,0.998654531575005,1.0,0.999278395457134,0.9986908350493003,0.9994219028445052,0.9982299461554922,0.9993852780445875,0.9991620430687119,0.9984181544065408,0.9913262910678917,0.9994820147282074,0.999251615170007,0.9993882824768108,0.9977097949991536,0.9999044497540979,0.9999032341710264,0.9985057032206168,0.9977633632058003,0.9987234128575169,0.9991395401553913,0.9974724984343426,0.9987377537882254,0.986536670244229,0.9986521895675559,0.9923530696404871,0.99708888779842,0.9992088692883024,0.9988477444500228,0.9997232752950344,0.9985425567638099,0.9983255085415903,0.9966492022033003,0.9995043722144559,0.9999336627754217,0.9957195002429468,0.9988672680166112,0.9991090570274268,0.7734723652327354,0.9975852745032461,0.9976881469838716,0.9984795797570989,0.999725110835552,0.9986861168795778,0.9983184776139714,0.9981125524026824,0.9996404929869552,0.9978784920490192,0.9728030570024513,0.9998430233573029,0.9996220996859726,0.999423751209507,0.9924686536037555,0.9981916544270222,0.9989269891081352,0.9962953710832221,0.9992837510882019,0.9990994208053953,0.9958512941695891,0.9994884291708911,0.9983996780026714,0.9991189246604818
C,0.9970033573716769,0.9982998833225172,0.989159822394421,0.9996884962941485,0.9615544497220814,0.962757790371967,0.9998122874196097,0.9983289396212102,0.9999352434643202,0.9998166921324358,0.999278395457134,1.0000000000000002,0.9983461409448966,0.9998095010365555,0.9985245515141191,0.999056236714105,0.9991202735899063,0.9957100514380254,0.9883708044784221,0.9998303228124666,0.9999014321791921,0.9978374085118606,0.9979193805356327,0.9995980506700853,0.9988283686004987,0.9988552436661315,0.9974072887213927,0.9982634600510394,0.9995998992497497,0.9981753840977969,0.9968470003720464,0.9821906202647077,0.999141758805498,0.9958159909291192,0.9947910333301109,0.9993996733910967,0.9998542380145261,0.9998086639954543,0.9979151006204954,0.9988267955325683,0.9976594655976597,0.9994166772550976,0.9995311988004075,0.9983093256377507,0.9974820810626578,0.9998516499138833,0.7568993982516666,0.9977557113475349,0.9979320712734585,0.9992956559055789,0.9988891788748443,0.9979127715007502,0.9983270329882826,0.9993442034061959,0.9996475539094367,0.9992991466247382,0.9665067606127918,0.9989147315913447,0.9989111224240184,0.9998989180887902,0.9886491356340835,0.9994524785769489,0.9989503625983857,0.9983988933061141,0.9996679835868462,0.9989049410237338,0.9970452868807377,0.9998014246806584,0.9968995974449676,0.999704814939336
CFG,0.9992927026324812,0.9999780217698204,0.9949595809409122,0.9988871288853607,0.9749836474476671,0.9653166470606351,0.9990477406232321,0.9998950859259285,0.9986899115266121,0.9971270336924445,0.9986908350493003,0.9983461409448966,0.9999999999999999,0.9992217441392435,0.9994486852891181,0.9966094456321175,0.9979437557008192,0.9963244920075129,0.9842842267796418,0.9988291965361413,0.9981812259834155,0.9989507230059236,0.9997919992328416,0.9983086240744433,0.9986592668742917,0.9998189429266474,0.9998455798120567,0.9998243891678601,0.9970937909234504,0.9992685683870518,0.9988741070154625,0.9850420006515124,0.9996684777185132,0.9942016762865189,0.9930258082292307,0.9996987374517712,0.9981006160257812,0.9987772037061892,0.9992462550852419,0.9996005138865784,0.9990151301123356,0.9985336453188988,0.998320676413901,0.9958861121019246,0.9961313046601449,0.9979359827144308,0.762831087431072,0.9997358588435179,0.9997719015041574,0.9994209516412655,0.9977647119836541,0.9998483529865302,0.9997972400713011,0.9989657433546084,0.9992320218817762,0.9982275113814937,0.9702663880707642,0.9992756479264747,0.9990696205517526,0.9984045458330734,0.9887853762008618,0.9988910978995502,0.9993990102682256,0.9978738123948432,0.999151359094534,0.9959275661660674,0.9985620352801908,0.9981067542599277,0.9993427081316694,0.999239896129761
CFR,0.9980149556931683,0.9992046074720998,0.9915913842031963,0.9997999981152657,0.9665658447328435,0.962963662568284,0.9999245397627358,0.9991224044112654,0.9998639976388376,0.9992897052676336,0.9994219028445052,0.9998095010365555,0.9992217441392435,1.0,0.9990416185695976,0.9986487378384453,0.9989309090585714,0.9961312057030256,0.9871050761789493,0.9999162765604904,0.9996656978638683,0.9986054304102577,0.9989012098841515,0.9995281039338351,0.9991351990268487,0.9995006530664906,0.9985827441875251,0.99911979694704,0.9990779035772498,0.9988041743500294,0.9979218429058102,0.9829131875758162,0.999615538213962,0.9955688674460237,0.9946852078882645,0.9998695668803433,0.9996189981143353,0.9997876416446547,0.9985892986983073,0.9993926072120359,0.9984474759196594,0.9993776559725307,0.9994751163232611,0.9978686181680743,0.9975087387086566,0.9995123206787538,0.7569033168423287,0.9987379703438191,0.9988693800600069,0.9996746874483212,0.9989512082995168,0.9989448062393629,0.999088373813933,0.9995987923126132,0.9998319480871141,0.9992806258273613,0.9673609806368226,0.9993552854401866,0.9993130845225461,0.9997144647377239,0.9885902222243313,0.9996163534448541,0.9995500785711384,0.9986086297392011,0.9998149145991886,0.9982580905338987,0.9979100201716167,0.9995373960849512,0.9980991260346319,0.9998991574334863
CIT,0.998896959712376,0.9994411738995339,0.9917170230281595,0.9985416861941685,0.9693730841447139,0.9684890014411114,0.9991668207416222,0.9996321675096653,0.9988016117185173,0.9976454847874029,0.9982299461554922,0.9985245515141191,0.9994486852891181,0.9990416185695976,0.9999999999999998,0.9961739779520579,0.9987859030154405,0.9954687554084906,0.9845612977099308,0.9984699046776981,0.9986238007317446,0.9977082681212616,0.99930936620681,0.9980057786527999,0.9977810226768307,0.9996940088850564,0.9990081524245762,0.9994105829042834,0.9976861723831304,0.999778541620914,0.9972601479159092,0.9863921094627089,0.9997268266033008,0.9961881656722212,0.9909785997753048,0.999328844167782,0.998646748530871,0.9988855896724979,0.9994532931488364,0.9997974308883628,0.9993024601392864,0.9990370469179621,0.9980112477555007,0.9972489962924964,0.9945450311974885,0.9986052940583333,0.7686584137236686,0.9994588168730136,0.9993882649926573,0.9995986089198546,0.9968796535037374,0.9987492988586454,0.9998313776714816,0.99916501211524,0.9992855556518111,0.998994918831466,0.9714357447222415,0.9987315140551538,0.9981310326218102,0.9988126506827935,0.9890754423001531,0.9991737843058858,0.9984014419750249,0.9984364394533678,0.9994480846671734,0.9959809299758612,0.9988386370028007,0.9983728417372241,0.9977712205820819,0.9994059050167788
CMA,0.9957012817053019,0.9963760525186668,0.9890335885120947,0.9992988632488321,0.9596736134533073,0.9644312821909551,0.9982260080084552,0.9967308665939795,0.999138334156994,0.9989487527921583,0.9993852780445875,0.999056236714105,0.9966094456321175,0.9986487378384453,0.9961739779520579,0.9999999999999999,0.9983547088938799,0.9972128584497555,0.9926951400303354,0.9990379764538618,0.9989438904721268,0.9979462810623809,0.9954172629171577,0.9996841309236232,0.9992058263017992,0.9966834067347358,0.9952819130315725,0.9965949282125315,0.9992940859306195,0.9952453022971546,0.9968605849076557,0.9829201983392146,0.9970437213374004,0.9912037585520184,0.9980186421640376,0.9979250272453053,0.9984951438708715,0.9991279400478688,0.996304295785179,0.9964565837562545,0.9943143700289951,0.9986484847867572,0.9996572216928097,0.9953816101031074,0.9992862414986858,0.9988667174230815,0.7667815124319987,0.9951120399036676,0.9954207393148259,0.9970749574746637,0.9996289930747454,0.9966460642324667,0.9960778910040283,0.9970109724844978,0.9986537390269898,0.996941031975679,0.9684742133821138,0.9986210979645646,0.9987453918396426,0.999025437212894,0.9910301301827792,0.9971955583275441,0.9978570177518062,0.9951106802981553,0.9982418564721233,0.9998413211503752,0.9933746110618087,0.9993271459208358,0.9962765466185968,0.9980954803021315
CNND,0.9980204469360736,0.9977896810278877,0.9889158847006354,0.9991952232467264,0.9614853623944549,0.9729739222018559,0.9988613056464417,0.998500143904866,0.999351409069661,0.9988672286217748,0.9991620430687119,0.9991202735899063,0.9979437557008192,0.9989309090585714,0.9987859030154405,0.9983547088938799,1.0000000000000002,0.9972788581886782,0.9913743418600793,0.9987656417363096,0.9995049727477877,0.9978597285391811,0.9971071440723125,0.9991747218303377,0.998542711480201,0.9982252662560634,0.9967307524350766,0.9983063957752724,0.9995221653180484,0.9981298981786648,0.9968095686797882,0.9887911391847107,0.998525135402164,0.9946380587443794,0.994003373948167,0.9985738178937341,0.9992504351708584,0.9995885534981627,0.9989384726578276,0.9985299720127544,0.9970890829682265,0.9999260314040311,0.9992206876053461,0.997177830328847,0.996423941070682,0.9995576502752334,0.781956484600567,0.9973186123608244,0.9970980878770747,0.9985027530341074,0.9983375463939275,0.997307097800805,0.9983704579245232,0.998128880313721,0.9995257626820789,0.9986940425283631,0.9754838893452163,0.9990399420856836,0.9981025149764979,0.9995647483014201,0.9929750384034752,0.9982302437098212,0.9973941973902298,0.9967414335066411,0.9994835774630899,0.9986784647201606,0.9963704400427241,0.9993143455065102,0.9963976832916568,0.9991345512064763
COF,0.9976801868336704,0.9958613511656673,0.9935716047818383,0.9974405724032872,0.9705038438171493,0.9775918127758245,0.9952097389577992,0.9970036952072426,0.9965188635089299,0.9946172628922503,0.9984181544065408,0.9957100514380254,0.9963244920075129,0.9961312057030256,0.9954687554084906,0.9972128584497555,0.9972788581886782,0.9999999999999998,0.9944797187404754,0.996209071546323,0.995980850089826,0.9986981922116903,0.994454044550522,0.9977409178113563,0.9986381286999324,0.9952488329296012,0.995175036469074,0.9966789853684389,0.9963314287338293,0.9940636320617502,0.9983483920443531,0.9921623986615908,0.9953257814653945,0.9853396642628406,0.9972222035068473,0.9961075197155287,0.9950589165416062,0.997158736029834,0.9971975048605654,0.9950569460732684,0.9925618784860701,0.9974638569639903,0.9979459247478585,0.9898224468511896,0.9977129755783218,0.9957915487793606,0.8027036625927231,0.9945551812303128,0.9943695903891313,0.9946401087059484,0.9981227616304151,0.9966987560625742,0.9957564873977749,0.9936148025795203,0.9971392444925447,0.9935109387310909,0.9821833439049222,0.9985363296884994,0.9977057051117779,0.9963573358348337,0.9969844303261789,0.9937072287485588,0.9956503675033274,0.9905660710407468,0.9963137274761646,0.9970701182457983,0.9914830887849099,0.9966134060361025,0.9972823936776218,0.9957124748553976
DFS,0.9868416013145159,0.9834978516051694,0.9772016317916105,0.9898366271776092,0.9427417342168287,0.9791991890449061,0.9859671628417314,0.9858171770594852,0.9889630717413498,0.9887372971286225,0.9913262910678917,0.9883708044784221,0.9842842267796418,0.9871050761789493,0.9845612977099308,0.9926951400303354,0.9913743418600793,0.9944797187404754,0.9999999999999999,0.9879434201383466,0.9892541099949155,0.9895222667327725,0.9810344826561449,0.9912336412095215,0.9910135460238036,0.9835186631115558,0.9813843782878429,0.9853926823667161,0.9916401286008079,0.9822633874988618,0.9877740313517491,0.9885683449211498,0.9843451140014993,0.9746714126049967,0.9936429786657169,0.9856955822557639,0.9878582092415206,0.9899340493716055,0.9874025249760432,0.9838468066538585,0.9794561579208174,0.9907114883561169,0.9915407370274909,0.9817130467352697,0.9920288453333709,0.9893407515295636,0.8242937513639561,0.9813737025211757,0.9808564719751197,0.9838044098434969,0.9918499544618535,0.9844636238094298,0.9840902365151306,0.9829271660102535,0.9888798381945303,0.9845637443936972,0.9822715376657787,0.9901235729924134,0.988655341490224,0.989361062141406,0.9967172436340682,0.9833341488515243,0.9843981763122986,0.9788109271507411,0.987770583116988,0.9939082754363135,0.9778539579780336,0.9900398144745021,0.9849469585325091,0.9864974761044888
EWBC,0.9975829970272414,0.9988018205121705,0.9912493007538397,0.9998635946896053,0.9654771413638151,0.9618130251318958,0.9997771574000303,0.9986887312635003,0.9998288210343722,0.9994259192016328,0.9994820147282074,0.9998303228124666,0.9988291965361413,0.9999162765604904,0.9984699046776981,0.9990379764538618,0.9987656417363096,0.996209071546323,0.9879434201383466,1.0,0.9996687574636384,0.9986235117981815,0.998432181396509,0.9996571309252965,0.9992214495458442,0.9990936684331729,0.9980936760767616,0.9987787828944907,0.9992153386000243,0.9982357752567629,0.9978688837439935,0.9821453995003733,0.9992278378771707,0.9950361558540807,0.9954387176593266,0.9996792639185618,0.9995981430906222,0.9997532132725052,0.9981612443006526,0.9989708464986429,0.9978814463469721,0.9992347719066949,0.9996039890252464,0.9977182336982147,0.9980075551266966,0.9994639964811352,0.7549792294318735,0.9982252777294726,0.9983308258409931,0.9993260153357924,0.9992523058183672,0.9986722227177485,0.9985921157805201,0.9993406952054664,0.9997012710599007,0.9990652155872841,0.9668873075351934,0.9992739884068765,0.9992879069749259,0.999638996208915,0.9886315529338638,0.9993478535625393,0.9994584455877081,0.9982305113727428,0.9996260632241795,0.9986390902665173,0.9973407641814779,0.9995191195615781,0.9978491735024428,0.9997099139185177
FCNCA,0.9972599574629346,0.9981368813544952,0.9887115260888995,0.9996433184436572,0.960747653082618,0.9653322258231946,0.9996799766630505,0.998329266775359,0.9998777409243568,0.9997989193995163,0.999251615170007,0.9999014321791921,0.9981812259834155,0.9996656978638683,0.9986238007317446,0.9989438904721268,0.9995049727477877,0.995980850089826,0.9892541099949155,0.9996687574636384,1.0,0.9978081841686529,0.9977050121122524,0.9995344885632322,0.9986821572100825,0.9987075120924527,0.9971399212301496,0.9983305414050957,0.9998000805821806,0.9982954525768887,0.9967210847100658,0.9838959961057123,0.9989906136104534,0.995971795523434,0.9943995021346753,0.9992183134941747,0.9999378161171965,0.9998509133856831,0.9982773870807917,0.9988586420222815,0.9976834951381776,0.9996824010664452,0.9994910729037445,0.9984594501967177,0.9970937334321397,0.999949828890046,0.7626984496552356,0.9976721011432452,0.9976436437507168,0.9991770729908448,0.9987842598939822,0.9976685995890808,0.9983707260665899,0.9991770287961951,0.9997147151644548,0.9994333584681879,0.9689421004740986,0.9989279200913167,0.9985390920627765,0.99993148404828,0.9896518758674777,0.9992406350553228,0.9984868776458516,0.9981738169105329,0.999767526346387,0.9989697575146564,0.9970979608157241,0.999710286092533,0.9965526411715234,0.9996949214811305
FFIN,0.9990928442906695,0.9987793874147762,0.9959629860524475,0.9991335132992832,0.9749418593844386,0.968673646875558,0.9979525080682006,0.9990316675563831,0.9983446678519013,0.9966866497223122,0.9993882824768108,0.9978374085118606,0.9989507230059236,0.9986054304102577,0.9977082681212616,0.9979462810623809,0.9978597285391811,0.9986981922116903,0.9895222667327725,0.9986235117981815,0.9978081841686529,0.9999999999999999,0.9980292355272475,0.9988925062958397,0.9995993283919571,0.9982607623625608,0.9984481152460416,0.9991225634636324,0.9973528704446969,0.997159994388425,0.9998506045262172,0.9874829761906257,0.9980972224918937,0.9901943661839246,0.9965994884718716,0.9988311490373668,0.9973472080417682,0.9986778920960885,0.9986843496887545,0.9979962217189312,0.9965593522871891,0.9984450840390928,0.9989763017889889,0.9936113798509811,0.9983114201740221,0.9974039986791897,0.7753241724218677,0.9979448429629204,0.9978110177190668,0.9977510816899597,0.9991444276018008,0.9993517454967848,0.9983449735684569,0.9971680713633477,0.9989107330550575,0.9966045685176359,0.9749676607915247,0.9997096773179103,0.9992673216144508,0.9979799640860527,0.9923938829661724,0.9970464769604924,0.9987376670068315,0.9950541317458103,0.9984133297767953,0.9972904234545638,0.9959103237796776,0.9978944790537476,0.9994122620074836,0.9982662700613304
FHB,0.9987084406743689,0.9998860898176408,0.9942077852850439,0.998213616710231,0.974994677108802,0.9615743232875212,0.9988956010202075,0.9995149207816446,0.9981423868170344,0.996705224568208,0.9977097949991536,0.9979193805356327,0.9997919992328416,0.9989012098841515,0.99930936620681,0.9954172629171577,0.9971071440723125,0.994454044550522,0.9810344826561449,0.998432181396509,0.9977050121122524,0.9980292355272475,1.0,0.9973920439844797,0.997592943083208,0.9998242511851114,0.9998610804789091,0.9995899056059514,0.9962904403803933,0.9994944208247754,0.9979966141932419,0.9825319276301935,0.9996012223101556,0.9953383054795,0.9909361766039922,0.999492305582885,0.9978354593892077,0.9981267484090666,0.9987798579821234,0.9996611387711865,0.9995591536383657,0.997783000944839,0.9973661865872274,0.9963934149653697,0.9946610201835823,0.9974050505129185,0.7527910518733064,0.999939858139825,0.9999254069719254,0.9994831793285816,0.9966704580060487,0.999534992653126,0.9997195546215121,0.9991823485645099,0.9987077390973833,0.998388103147776,0.9669772503468345,0.9984182770941938,0.9982426258551873,0.9978276385900905,0.9859607946481547,0.9990304540425712,0.9991673427390763,0.9985442648125363,0.9988166527054285,0.9946326989123013,0.9993003287566655,0.9973382192908368,0.9987177103300459,0.9990534958376531
FITB,0.997576145419047,0.9981320041326472,0.9911656112375253,0.9998939693482267,0.9643094579428307,0.9664749222106469,0.999207706488657,0.9984327036322648,0.9997657231528024,0.9991988262605772,0.9999044497540979,0.9995980506700853,0.9983086240744433,0.9995281039338351,0.9980057786527999,0.9996841309236232,0.9991747218303377,0.9977409178113563,0.9912336412095215,0.9996571309252965,0.9995344885632322,0.9988925062958397,0.9973920439844797,1.0,0.9997081521449094,0.998341714090233,0.9972751277287751,0.9982978684394176,0.999497452151056,0.9972842110116301,0.9980562937572086,0.9849092796411519,0.9985748132794982,0.9930405792789944,0.9970294499584228,0.9991413095148108,0.9991950197057476,0.9998098416361996,0.9980580561018187,0.9981815378146601,0.9964949246759236,0.9994930611674517,0.999992610429842,0.9964126985159186,0.9988803515618633,0.9994348336666289,0.7684586317344623,0.9972117503657884,0.9973902880234675,0.9985237491650525,0.999727248899337,0.9982143718532507,0.9979745584663516,0.9983209010041384,0.999610884348073,0.9981666641372494,0.9705370100417843,0.9995470981341366,0.9994628571046369,0.9996509657920055,0.9914839333016645,0.998436347042238,0.9988776779016728,0.9966739042685898,0.9993234481819508,0.9994610101656194,0.9956961300869893,0.9997446940370895,0.9977496152428921,0.9992061318639388
FMAO,0.9982391613274043,0.9984277551876443,0.9937948555025063,0.9996446058114568,0.9696195322378361,0.9676780808194402,0.998594412270369,0.9987517292003784,0.9991953006437151,0.99800758959345,0.9999032341710264,0.9988283686004987,0.9986592668742917,0.9991351990268487,0.9977810226768307,0.9992058263017992,0.998542711480201,0.9986381286999324,0.9910135460238036,0.9992214495458442,0.9986821572100825,0.9995993283919571,0.997592943083208,0.9997081521449094,1.0,0.9982581077899536,0.9978440472483099,0.9985784624733349,0.9985149605482,0.9969441240986213,0.9991322131464109,0.9861315408818668,0.9983445599046054,0.9910106864562346,0.9976563784869953,0.9990226812725207,0.9982007119008799,0.9993495120441901,0.9981949109306796,0.9979131623240295,0.9961457233804786,0.9990072827004546,0.9997456253821249,0.99460942256169,0.9992080733952914,0.9984868586177096,0.7729498672322229,0.997384188899368,0.9975864267938879,0.9980676136074355,0.9997342474886485,0.998856241195929,0.998032786093999,0.9976278335611631,0.9992933912307389,0.9971139019727845,0.9724416001915359,0.9997998774070406,0.999774482137141,0.9989323039863819,0.9923625712949672,0.9977074580666611,0.9990024403711116,0.9956206142828223,0.9988150715014562,0.9987261303593411,0.9953027375420206,0.999102724939891,0.9988359810637304,0.9986845699272286
FMBH,0.9987431454935491,0.9998619925802862,0.9930196032206775,0.9989460446675984,0.9714272704474395,0.9635072735483424,0.9995317354650752,0.9996832166702501,0.9990293513461705,0.9979106994763268,0.9985057032206168,0.9988552436661315,0.9998189429266474,0.9995006530664906,0.9996940088850564,0.9966834067347358,0.9982252662560634,0.9952488329296012,0.9835186631115558,0.9990936684331729,0.9987075120924527,0.9982607623625608,0.9998242511851114,0.998341714090233,0.9982581077899536,0.9999999999999999,0.9995844217554909,0.9996366939774622,0.9976105933092722,0.9996645018608882,0.9979530364779435,0.9835285210718252,0.99994244073842,0.9960006300310436,0.9920892792880511,0.999827122394784,0.9987801034169235,0.9990025316234609,0.9990871644115911,0.9998976455804528,0.9994941170447894,0.9987376540230037,0.9983111368491019,0.9973251592423863,0.9955849048816531,0.998533677089014,0.75700038649416,0.9997759245614221,0.9998270064526303,0.9998708035289362,0.9975171755720322,0.9994210134271383,0.9998413025482616,0.9996080944007086,0.9993897143793157,0.9990623154892693,0.967916088267475,0.9989499125079866,0.9987676867360993,0.9988430500132494,0.9874402754666773,0.99955721304035,0.9993696930633771,0.9989038583339686,0.9994908570739103,0.9961441304328278,0.9991055494512463,0.9984621272416447,0.9985436667269302,0.9996368125248172
FNB,0.9989791183089494,0.9998851789360684,0.9957372445055911,0.998048724084204,0.9778048486834271,0.9627862175204797,0.9984086878479106,0.9995840800839333,0.9977785425782593,0.9959477704332622,0.9977633632058003,0.9974072887213927,0.9998455798120567,0.9985827441875251,0.9990081524245762,0.9952819130315725,0.9967307524350766,0.995175036469074,0.9813843782878429,0.9980936760767616,0.9971399212301496,0.9984481152460416,0.9998610804789091,0.9972751277287751,0.9978440472483099,0.9995844217554909,1.0,0.9995835118027849,0.9957277689945865,0.9990158248350177,0.9986140049009405,0.983496776923059,0.9992909983945454,0.9936801535450173,0.9916716328125686,0.9992890735892194,0.9971321036684201,0.9978348546675633,0.9987216572020082,0.9992783976090747,0.9990054332033831,0.9974821255590154,0.9972744907707933,0.9950282868674757,0.9950723326933294,0.9968106322893248,0.7573205997306987,0.9997633907601575,0.9998237119531007,0.9990289420780853,0.9967626320444503,0.9997851544172246,0.9995502819818166,0.9985569226809853,0.998460505887435,0.997531910553502,0.9682620359949026,0.9985713575618208,0.9984554818802828,0.9973904976125298,0.9867651700157257,0.9984063287931932,0.999149035690255,0.9976051893788448,0.998407982719151,0.9943542926031765,0.998655989539903,0.9970016697466415,0.9993197328599641,0.9986121594142031
GBCI,0.999639123505141,0.9998299069294502,0.9947342428034617,0.9989444854197297,0.9745062723150828,0.9675495997102442,0.9989153197203772,0.999863894620676,0.9986244260941807,0.9971572514607012,0.9987234128575169,0.9982634600510394,0.9998243891678601,0.99911979694704,0.9994105829042834,0.9965949282125315,0.9983063957752724,0.9966789853684389,0.9853926823667161,0.9987787828944907,0.9983305414050957,0.9991225634636324,0.9995899056059514,0.9982978684394176,0.9985784624733349,0.9996366939774622,0.9995835118027849,1.0,0.9973572397786129,0.9993649215565128,0.9989430915507158,0.9867273767398816,0.99944287974538,0.9942989006294728,0.9928214387911507,0.9995524302603195,0.9982476986237525,0.9988552542699136,0.9996732187053073,0.9996407464634312,0.9990806475364934,0.9988050719971625,0.9983402534401101,0.996113177345004,0.9958880597228019,0.9980055752555143,0.7677916266451287,0.9996814193554026,0.9993980155016523,0.9992684298430796,0.9978359566675303,0.9996798582931119,0.9998235600963826,0.9988033217158044,0.9993445874571811,0.9984301662143585,0.973029805001424,0.9993591679439607,0.998666526039049,0.9984101247878915,0.9898526105516623,0.9986219711378289,0.9989622809198717,0.9976121061010416,0.9992874178329182,0.9960730614365072,0.9987168249970552,0.9979207853264574,0.9990451553990843,0.9992652757690127
GS,0.9964422289468412,0.9969696769908337,0.9871235549787386,0.999368035091754,0.9571700507423511,0.9672095643659683,0.9990120108493672,0.9974169078094702,0.9995786775971257,0.9997172814946212,0.9991395401553913,0.9995998992497497,0.9970937909234504,0.9990779035772498,0.9976861723831304,0.9992940859306195,0.9995221653180484,0.9963314287338293,0.9916401286008079,0.9992153386000243,0.9998000805821806,0.9973528704446969,0.9962904403803933,0.999497452151056,0.9985149605482,0.9976105933092722,0.9957277689945865,0.9973572397786129,1.0,0.997111917443191,0.9960406056932112,0.9846706369255672,0.9980238935789519,0.9947086471027891,0.9951474515152,0.9983845316925075,0.9996047494066483,0.9996243706125002,0.9975856988249361,0.9978174902260517,0.9962158584402073,0.9995501784880972,0.9994769005758575,0.9977684061294343,0.9973485726938192,0.9998111396701095,0.7691749112404008,0.9962870447201434,0.9962390717609614,0.9982050338920291,0.9988292105048446,0.9965828049959137,0.9972951653907576,0.9981862711693916,0.9992942248458975,0.9987109476771948,0.9703977133949645,0.9985742658891414,0.998088833455863,0.99972613089932,0.991010160727164,0.9983194847484255,0.9975456846657277,0.9968931130902087,0.9992481841574734,0.9995462896831743,0.9954905551572767,0.999624282537369,0.9955445613135624,0.9990363660141987
HBAN,0.9985805205729891,0.9993804497801247,0.9912675754776554,0.9980821916577765,0.9696804574095207,0.9654618630600609,0.9990269702199148,0.9993095740162715,0.9983255656629082,0.9973409941424549,0.9974724984343426,0.9981753840977969,0.9992685683870518,0.9988041743500294,0.999778541620914,0.9952453022971546,0.9981298981786648,0.9940636320617502,0.9822633874988618,0.9982357752567629,0.9982954525768887,0.997159994388425,0.9994944208247754,0.9972842110116301,0.9969441240986213,0.9996645018608882,0.9990158248350177,0.9993649215565128,0.997111917443191,1.0,0.9967317933680598,0.9845872826452108,0.999607270154084,0.997133597805788,0.9893461284085073,0.9991816642648271,0.9985098486048509,0.9983967413790549,0.9992196093663502,0.9998886339942359,0.9998354214338683,0.9984626600262427,0.99727374809503,0.997783716163088,0.993394903222699,0.9981422849159755,0.7603679533865899,0.999687264554252,0.9994071962424028,0.9996132733527677,0.9961256937330252,0.9985555468743045,0.9997920453577033,0.9993346553358023,0.9989143930396378,0.9992347148731597,0.9695586490194843,0.9981075430955805,0.9973794162496441,0.9983076967987051,0.9870553396077656,0.9992125648986386,0.9981649964011192,0.9989410025423394,0.9992343360260881,0.9949868916050261,0.9996072113799571,0.9976196612403238,0.9972713624188518,0.9992970082815399
