Ticker,ABCB,ABTX,AJX,ARI,AXP,BAC,BBT,BK,BOKF,C,CFG,CFR,CIT,CMA,CNND,COF,DFS,EWBC,FCNCA,FFIN,FHB,FITB,FMAO,FMBH,FNB,GBCI,GS,HBAN,HBHC,HOMB,HTH,IBKR,IBOC,ISBC,JPM,KEY,LARK,MBWM,MCBC,MS,MTB,NAVI,NKSH,NTRS,OPY,PACW,PBCT,PGC,PNC,PNFP,RF,SCHW,SFBC,SIVB,SLFC,SRCE,STBA,STT,SYF,TFSL,TSC,UMBF,USB,WAL,WFC,WSBC,ZION
ABCB,0.9999999999999997,0.9996612191652476,0.9878198545031047,0.9095945318595784,0.9377816584524429,0.9905136299925973,0.9965416571828978,0.9886089619331606,0.9831462945740562,0.9877150814604446,0.9986753872079843,0.9931243278102271,0.9988540375643593,0.9975311694763074,0.9986117438135576,0.9909457548799023,0.9955249263618854,0.9988683449583992,0.9934197128180522,0.9842459835397356,0.9939472686450885,0.9889785862601461,0.9984225544596328,0.9982589919974,0.9986582236816571,0.9935277508365714,0.9688910095351703,0.996747756590889,0.9969733723909467,0.999107245504151,0.9961144224966997,0.9871815867916995,0.9925256027842095,0.9987704946885199,0.9878246155606308,0.9904550325967774,0.9949488515944795,0.9995778467860083,0.9989827171265832,0.9385177931644393,0.9986570209568656,0.9941907113382367,0.9863138444972595,0.9885930231110185,0.8975813694346694,0.9945550594104844,0.9992653010885657,0.9990785808267371,0.997204937241303,0.9994077435662331,0.9985473335577614,0.9436457722968611,0.9988021317260919,0.9820122886479775,0.9928780248530241,0.9990489658984898,0.9992959550024137,0.9877780886405877,0.9968789670397298,0.9985971678788021,0.9979581150823413,0.9915843437587242,0.9948781077930818,0.9985911857597746,0.9910971075076649,0.9986696589705716,0.9976567784438964
ABTX,0.9996612191652476,1.0000000000000007,0.9887104996556534,0.9156227657208653,0.9400620416753985,0.9928784892536683,0.9977051531885809,0.9908320841780763,0.985971967528916,0.9903577705319119,0.9995040460184815,0.9950779699533612,0.9993891948750019,0.9983636980327949,0.9987605349362115,0.9924827089590443,0.9954140097188696,0.9994177255804669,0.9951717291018196,0.986722486352305,0.9958114425443542,0.9913327687745421,0.999014763244117,0.9991319126471446,0.9995078396017869,0.9952131731641778,0.9728579652266052,0.9980217446076888,0.9983324951105745,0.9993458223834549,0.9944850399844308,0.9899058285568715,0.993839680668662,0.9995535340153444,0.9903636906048874,0.9926419954921757,0.9961854845302256,0.9996400923801181,0.9994708136751862,0.943142684238778,0.9981337461150981,0.9938772624497948,0.9888134898462873,0.9910069475627287,0.8904546802695955,0.9966698621787708,0.9998844719397144,0.9995406474236537,0.9981920762142845,0.9998990808456889,0.9993333549167196,0.9493142914787855,0.9983292108400825,0.9851118444212771,0.9901877325297802,0.9994653022686049,0.9993262013030334,0.9902672462376578,0.9951971666780688,0.9984181376832986,0.9983007121647799,0.9936450070914761,0.9962085969809881,0.9992947770477866,0.9932616377141484,0.9992458617162863,0.9987557300043853
AJX,0.9878198545031047,0.9887104996556534,1.0,0.9502612794826032,0.9503156964282875,0.9861821662017585,0.9916859688470597,0.9865549887760124,0.9849235329066288,0.9840385569191893,0.9895024303167517,0.9877189911499773,0.9847838267988178,0.9850828903676416,0.9833532575525393,0.9908210555618214,0.9806916457311551,0.9860996816960224,0.9854965517235743,0.9896159903989704,0.9903747182400773,0.9870454198569221,0.9901316393179465,0.9901519774213241,0.9910683547620066,0.9906971733256174,0.9727561448255184,0.9876953103514424,0.9880391656484514,0.992454964280103,0.98559597066768,0.9803133906420043,0.9910416401996344,0.9875102136139986,0.9835270303066809,0.9868864460341567,0.9888794285293089,0.9845739560828339,0.984829835135239,0.9697553151876906,0.9820561590219418,0.9672200594185938,0.988339306537082,0.9826662712128741,0.8990831253179927,0.9858943769180426,0.9885990649341662,0.9840115108408537,0.9889536157514413,0.990449405546176,0.9895547013724583,0.9571927363139874,0.9806188685327335,0.9800193351721598,0.9814603677872963,0.9895198899033655,0.986762669961973,0.9840291313754868,0.9820300333219104,0.982352101805318,0.9789141849628115,0.986399539261499,0.9859918696814668,0.9860972392380747,0.9856871001131371,0.993267151143095,0.9869737290439073
ARI,0.9095945318595784,0.9156227657208653,0.9502612794826032,1.0000000000000004,0.9690520107061287,0.9467516596952144,0.9381798104904745,0.9507414739325231,0.9598490547812843,0.9493641855732542,0.9252557209336869,0.9420160819453685,0.9129457763265882,0.9158501117371547,0.9103711046057519,0.9498128543513753,0.9085101475259583,0.913096039850825,0.9366659526227682,0.9633447068880969,0.9451494755605524,0.9501745821652329,0.9229648579965332,0.9287136490345671,0.9275170316491641,0.9465594547324931,0.9663380543570718,0.9317320669179513,0.9305887144764933,0.9220161717643606,0.9125099813246283,0.9445268303562183,0.9369468987720816,0.9198104167458772,0.9485609767555307,0.947369044515003,0.9397799999985837,0.906254004167728,0.912895893639407,0.9941149558405454,0.8928853820726197,0.8699288925144202,0.9542132973785057,0.9452619736455793,0.8435970036470826,0.9233182289248871,0.9191880690121886,0.9084686418270763,0.9266940865924598,0.9198309802110859,0.9267612935718634,0.980970167637833,0.8913746213694763,0.9562832150312316,0.9011185093163119,0.9209354348629206,0.905938287853278,0.9494437479750659,0.8978321449877704,0.8932157616104687,0.8965512915721421,0.944774444148678,0.9294721003328491,0.9190411984677679,0.9432170662775644,0.926353927772471,0.9250498005472834
AXP,0.9377816584524429,0.9400620416753985,0.9503156964282875,0.9690520107061287,0.9999999999999999,0.9679884027240191,0.9597872811110038,0.9733169181323442,0.9783555718923036,0.9712385481205317,0.9490690062787693,0.9645274321752729,0.9413780726873328,0.9458632952652132,0.9452731243509171,0.9720943732727313,0.9497415036714149,0.9412613552273801,0.9633993061030577,0.9776936176921388,0.9630683350613455,0.9713440016668972,0.9487302505473236,0.9525397282474566,0.948338133390412,0.9662766746726495,0.9846150975232711,0.9558416466134814,0.9543023309712454,0.9441207263345225,0.9528985472965819,0.9665679356727017,0.9592320605149449,0.9457500555107051,0.9716819115493787,0.969796206535599,0.9648961070809854,0.9354551019890854,0.93996620188524,0.9822290628767975,0.9262996132595741,0.9084257731361424,0.972152577567165,0.9704033827196549,0.9245463306453372,0.9370622409587234,0.9427776913019319,0.93702222695511,0.9528704176605147,0.94213976134517,0.9509153879734126,0.985743854340873,0.9247971958089247,0.9768637820110427,0.945935494875759,0.9478297080513644,0.9332512830290484,0.9726519637709604,0.9403199304875643,0.9211543118294838,0.9271360231655662,0.9680815432991638,0.9586081793047816,0.9445794020754539,0.9675265659443358,0.9458013250815668,0.9515104688502393
BAC,0.9905136299925973,0.9928784892536683,0.9861821662017585,0.9467516596952144,0.9679884027240191,1.0000000000000002,0.9981377572824853,0.9995779362534791,0.9984505859140974,0.9997817099876373,0.9960786971263169,0.9997630544271479,0.9933777615646544,0.9951998926014128,0.9938279621488592,0.9983467274008281,0.9923591422882162,0.9939411244615453,0.9994667234305221,0.9975536791275974,0.9991943717806013,0.9996666350867167,0.9952925396458991,0.9968438510174426,0.9956438448459601,0.9992808018658987,0.993370025659783,0.9979387973967417,0.9978502982493543,0.9930241677434561,0.987678900965254,0.9986702417737269,0.9958839390403276,0.995499281376735,0.9997619843625813,0.9998915207313233,0.9989125492336847,0.9912001536598761,0.9932242535714327,0.9689679042579812,0.986641123879242,0.9800240610890899,0.9982051786887332,0.9997349071423474,0.8886373717233363,0.9928959982745824,0.9941464657798945,0.992518611829608,0.9969078978963599,0.9936156968710546,0.9963037571339104,0.9793293324041509,0.9864558648950934,0.9984746203522289,0.9803656250778412,0.9949868416381263,0.990071741220417,0.9997204414976001,0.9853148590494903,0.9859509042837342,0.989086493278721,0.9999223241245276,0.998131748557979,0.9947611677164202,0.9998145464056122,0.9938483624577396,0.9972215166580278
BBT,0.9965416571828978,0.9977051531885809,0.9916859688470597,0.9381798104904745,0.9597872811110038,0.9981377572824853,0.9999999999999999,0.9973698180612901,0.9947117771295589,0.9967840102942132,0.9992358171745599,0.9990686640095243,0.9972820014316035,0.9975566646848812,0.9972046132554867,0.9981218914182106,0.9949821363704299,0.9975142594912927,0.9987167710474817,0.9952437833885452,0.9994859578568245,0.9975283540457148,0.9986700528585535,0.9995987149452641,0.9991984776969001,0.9994674031333768,0.9856302954876823,0.9994473017327313,0.9994169355201546,0.9980458756238514,0.9939248827204443,0.9956754557613755,0.9969527818396535,0.9985969374914613,0.9967811929403282,0.9981666684048724,0.9995806443894881,0.9962519842583835,0.9972145777247043,0.9621220659790406,0.992989562377927,0.9859638903805401,0.9958738749056817,0.9969120595737078,0.898231385466381,0.9954216581343168,0.998266959342323,0.9966498518142692,0.9989365620266254,0.9982077894247194,0.999386529979937,0.9677009158026276,0.9928136332044082,0.9937576827185997,0.9884892738569486,0.9987231078736611,0.995671280313965,0.996819241735851,0.9921575709276688,0.9925855491211355,0.9937171255820634,0.9985390916172983,0.9984472393393867,0.9980974942905416,0.9981501308829492,0.9984646118863102,0.9991192015065768
BK,0.9886089619331606,0.9908320841780763,0.9865549887760124,0.9507414739325231,0.9733169181323442,0.9995779362534791,0.9973698180612901,0.9999999999999996,0.9993713845524087,0.9997076796585552,0.9944562968203973,0.9992099987987816,0.9910032093070515,0.993842070530887,0.9922893457984595,0.99908307872943,0.9919572038094644,0.9921560849426794,0.9988930946636613,0.998767678041749,0.998343012706012,0.9999207904627021,0.9943176721859781,0.995563029087569,0.9939926384164456,0.9989104150486776,0.9950309016663139,0.9964199482356155,0.9963337421924261,0.9918303194479373,0.9878050926124461,0.9976111842621183,0.9964543202257625,0.9937370551360208,0.9996992492172541,0.9998398529233429,0.9984292765739337,0.9887851005399377,0.9907499587503366,0.9733281319520494,0.9844670811255801,0.9758642441900152,0.9991692450826336,0.9995412796238473,0.8970575000307441,0.9898578774467692,0.9920561613721866,0.9900357315340464,0.9960836987991634,0.991817045959489,0.9947501006323158,0.9817129716886501,0.983818338310001,0.9987308908321008,0.9808714991345617,0.9937689199837979,0.9880607837437685,0.9998124519520615,0.9847157362989788,0.9830482663941491,0.9858357975308188,0.9995522257839341,0.9976516368481215,0.9925377647254288,0.9995360203431141,0.9925234510181206,0.9957069372077085
BOKF,0.9831462945740562,0.985971967528916,0.9849235329066288,0.9598490547812843,0.9783555718923036,0.9984505859140974,0.9947117771295589,0.9993713845524087,1.0,0.9991345911242684,0.9905616277852477,0.9974332271727031,0.9861187633251731,0.9895845277872791,0.9873551828047397,0.9980664482714775,0.9873976940963025,0.9873910697298686,0.9967213779683622,0.9993778775704792,0.9965409939812327,0.9992428667517148,0.9903550898215763,0.9920101987013373,0.9901993343492501,0.9972745889263737,0.9976105277347137,0.9932782780842324,0.993169857130117,0.9875114182634896,0.9828475067005042,0.9965105305759038,0.9943374232129848,0.9894753186558451,0.9990460161431324,0.9987795026973396,0.9961455098353468,0.9832081567017688,0.9857732632985667,0.9799540809238385,0.9779507616109582,0.967938693498651,0.999076054900907,0.9985791360820988,0.8940341642393255,0.9862123133421034,0.9875414064784227,0.9847889654568894,0.992656016090253,0.9873159620164433,0.9909642355633088,0.9874970005494694,0.9771280789224569,0.9992088471734217,0.9751875249343628,0.9895314960429112,0.9825409822608793,0.9992288773877183,0.9787248239043989,0.9764637339226031,0.9796931030937809,0.9981519568968662,0.9948103097094131,0.9881052483693542,0.9981424726235425,0.9885809504506962,0.9920455149283421
C,0.9877150814604446,0.9903577705319119,0.9840385569191893,0.9493641855732542,0.9712385481205317,0.9997817099876373,0.9967840102942132,0.9997076796585552,0.9991345911242684,1.0000000000000002,0.9941462041705879,0.9991993341461025,0.9910811158408798,0.993654393912302,0.9919173531192066,0.9980811136140072,0.9911612051804366,0.9918853830998542,0.9989300126776549,0.9978826403307222,0.9982094608438562,0.9997480526305598,0.9935268417226454,0.9951043358812357,0.9935565709814438,0.9984668877868084,0.9953753866151462,0.9964671615877936,0.9964136827359217,0.990703963960943,0.9854532221041414,0.9985387398251899,0.9952402843924866,0.9935491793600298,0.9999709632268552,0.999763741367614,0.9979560737492867,0.988524219848979,0.9907814304265723,0.9713565770841277,0.9837697653091112,0.9766752419087317,0.9985498488679079,0.9998635586351683,0.8882478282856999,0.9907740499879343,0.9917973347652864,0.9900952469378409,0.9955638072423637,0.9912279671665051,0.9944004026742347,0.98250426240233,0.9834143609735915,0.9992040645704772,0.9778347746354276,0.9930400776824545,0.9874384738145401,0.9999477529138876,0.9828828018654846,0.9827317909445664,0.9863049932583827,0.9995887892291543,0.9973920038950544,0.99255484053675,0.9996365848736004,0.9916068104160102,0.9956841800330085
CFG,0.9986753872079843,0.9995040460184815,0.9895024303167517,0.9252557209336869,0.9490690062787693,0.9960786971263169,0.9992358171745599,0.9944562968203973,0.9905616277852477,0.9941462041705879,1.0000000000000002,0.9976344485269345,0.9992520016927298,0.9987938583447723,0.9988160193826545,0.9954177444665703,0.995972786153268,0.9992679009567732,0.9976132256652144,0.9908935760527378,0.9980791178056645,0.9948339335001445,0.9993464010727325,0.9999025762910274,0.9998764611255236,0.9976577876404463,0.9795231115261243,0.9994254652140233,0.9995936804656635,0.9990394293060374,0.9942693387114054,0.9936418646424047,0.9955865683861312,0.9998187746595527,0.9941549987039687,0.9958818630546378,0.998301717835504,0.9987947371427888,0.999211753133031,0.9512746810204197,0.996424066133392,0.9915197780747119,0.9925110382193767,0.9946064006271594,0.8920636608337574,0.9970341648248171,0.9997665381541666,0.9990435250493372,0.9991388373395845,0.9996151757213928,0.9999579753993881,0.9584876743236931,0.9965353347740625,0.9899457890039792,0.9892698810412641,0.9996439715976434,0.9982256834434343,0.9940611283992774,0.9941361888912297,0.9964360859191125,0.9972240488514639,0.996634784976524,0.998000807461585,0.999490984913862,0.9963126123621318,0.9992127386476155,0.999699768072938
CFR,0.9931243278102271,0.9950779699533612,0.9877189911499773,0.9420160819453685,0.9645274321752729,0.9997630544271479,0.9990686640095243,0.9992099987987816,0.9974332271727031,0.9991993341461025,0.9976344485269345,1.0,0.9953011803082343,0.9969666494331622,0.995808766489387,0.998610925299237,0.9943891572065998,0.9959989682803755,0.9998140675962814,0.9968594384461655,0.9995083346807756,0.9993724674388504,0.9971537914512125,0.9982493950792876,0.9972427261360687,0.9995708583946895,0.9909378692878226,0.9988154407954101,0.9988782450030832,0.9952669420485203,0.9901845593903198,0.9978678737908434,0.997041987768636,0.997212267810923,0.9991752239885614,0.9997254153340037,0.9994580747855258,0.9936069730868697,0.9951368581629971,0.9656985409756605,0.9898430547035806,0.983273658859383,0.9979098032069122,0.9992675889272778,0.8915788904642461,0.9942426976106645,0.9960417214471616,0.9946680536793532,0.9983547643659308,0.9957055028093721,0.9977659005914178,0.9749780810583363,0.9895850689629806,0.9971102244644242,0.983578143935791,0.9969004922018022,0.9928233691308834,0.9991554351237173,0.9884818899884591,0.9891313259411365,0.9915147188368899,0.9998583216384622,0.9990546945214116,0.9963701018481648,0.9997762749685793,0.9958509564862013,0.9984906406191407
CIT,0.9988540375643593,0.9993891948750019,0.9847838267988178,0.9129457763265882,0.9413780726873328,0.9933777615646544,0.9972820014316035,0.9910032093070515,0.9861187633251731,0.9910811158408798,0.9992520016927298,0.9953011803082343,0.9999999999999998,0.9983768002133867,0.9990268646670768,0.9920027020800146,0.9957884938446085,0.9990848863316902,0.9956644918738232,0.9858042931404188,0.9956367691140631,0.9914897688189445,0.9981932889993692,0.998727529054391,0.9988811872076065,0.9948528399494371,0.9739560688106436,0.9983710622748694,0.9986796109877363,0.9978667347889238,0.9936413572225814,0.991348846101756,0.9924431676867717,0.9993524168205002,0.9911491636515178,0.9929642938689135,0.9961478493852747,0.999461589644328,0.9995410671150899,0.9405477893413738,0.9975132423870611,0.9949225519962452,0.988158795680285,0.9919467881962146,0.8887416043220085,0.9972955822243027,0.9995629990454437,0.9997005286155037,0.9977083521132467,0.9990179715733136,0.9991366797249481,0.9505453724309554,0.9980517255563633,0.9861194581131374,0.9888327747863275,0.9988323771123567,0.9985955071591394,0.9909532257457636,0.994656204472035,0.9977380129104193,0.9988287566094888,0.9941031970988504,0.9963848749390365,0.9993059980840521,0.9939119242455425,0.9979995918456318,0.9989503332113066
CMA,0.9975311694763074,0.9983636980327949,0.9850828903676416,0.9158501117371547,0.9458632952652132,0.9951998926014128,0.9975566646848812,0.993842070530887,0.9895845277872791,0.993654393912302,0.9987938583447723,0.9969666494331622,0.9983768002133867,0.9999999999999999,0.9992984845029261,0.9945636158083129,0.9983479916865271,0.9996295640997842,0.9975864823844913,0.9890936536313186,0.9959885454077783,0.9943925604751912,0.9994050668208562,0.9987369012553199,0.9981454400151925,0.9958005535559719,0.978853221822637,0.9978179218014703,0.9985669096988,0.9980452599068304,0.9931065222171572,0.9919624198804481,0.996714788537235,0.9993604083027644,0.9936231295118374,0.9952535551456151,0.996834552093564,0.9981380120745368,0.9979500769090104,0.9461066484161945,0.9975010871113306,0.9927936358409567,0.9925793934239756,0.9943231894437694,0.8911822859014698,0.9955222626755678,0.9983823405338285,0.9986957944020033,0.9995232207269354,0.998432825453315,0.9984612631081335,0.9555220717345206,0.997069960213107,0.9887198196828324,0.9883294637515335,0.9992957744637183,0.9984382624226003,0.9935401596192159,0.9947611389766162,0.9966311842778057,0.9971509562309111,0.9957635623623158,0.9989746403547151,0.9979446650088921,0.9961515113095122,0.9977724428594781,0.9992668323225328
CNND,0.9986117438135576,0.9987605349362115,0.9833532575525393,0.9103711046057519,0.9452731243509171,0.9938279621488592,0.9972046132554867,0.9922893457984595,0.9873551828047397,0.9919173531192066,0.9988160193826545,0.995808766489387,0.9990268646670768,0.9992984845029261,0.9999999999999999,0.9931136637372608,0.9982825364075169,0.9994923487754006,0.996692490456537,0.9868992379001968,0.9952439390540911,0.9925197839956296,0.9988231714383201,0.9986582917668662,0.9981302392340292,0.9950809668048314,0.9758318794040287,0.9979515246606288,0.9981871094086701,0.9978271046875735,0.9955275991516788,0.9912985661704887,0.99430084241741,0.9993291813209871,0.9921265866750826,0.9938080979670866,0.9967665001315602,0.9991077486003049,0.9989159887788475,0.940837767236966,0.9980607308154366,0.9945279275481921,0.9897455786269501,0.9930389775651857,0.8977170602544948,0.9941931589768641,0.9987292671883846,0.9992368716003894,0.9986091463575788,0.9984503381398998,0.9986994196728272,0.9514325210415082,0.9981077916822105,0.9870919961806341,0.9913840185086203,0.9992394971454565,0.9984097162123496,0.9920172644137777,0.9964645011492285,0.997158866714051,0.998114129650389,0.9947526773485971,0.9978506623987577,0.9987467020562049,0.9947006134035925,0.9973184550873163,0.9990667256658589
COF,0.9909457548799023,0.9924827089590443,0.9908210555618214,0.9498128543513753,0.9720943732727313,0.9983467274008281,0.9981218914182106,0.99908307872943,0.9980664482714775,0.9980811136140072,0.9954177444665703,0.998610925299237,0.9920027020800146,0.9945636158083129,0.9931136637372608,0.9999999999999998,0.9935681295576935,0.993161823558058,0.9980675609221825,0.9985204053226339,0.9981138506130198,0.9991097973867843,0.9959337169547824,0.996454927120769,0.9951988987206046,0.9988577433341784,0.991741183971178,0.9963039413135769,0.99660043233029,0.9943225310049119,0.9913243548016566,0.9947605347322068,0.9980594836429109,0.9944651460866564,0.9979809338877811,0.9989851100135911,0.9984188077873257,0.9900928482320805,0.9912816528096939,0.9733820996275234,0.9868771813826585,0.9762881676957406,0.99891301814448,0.9977553257154936,0.9081415782102603,0.9903753468034002,0.9932336180035871,0.9908819264735642,0.997000786835098,0.9935586197113275,0.9956520034161023,0.9766848406449765,0.9858066970954662,0.9960568763224045,0.9859839135393687,0.9953207533857376,0.9904712305495504,0.9982677991063684,0.9887041140645878,0.9851841482558746,0.9862515818983382,0.9985746138138676,0.9976965366682153,0.9928405221710704,0.9986341419336932,0.9948658422526063,0.995895436991473
DFS,0.9955249263618854,0.9954140097188696,0.9806916457311551,0.9085101475259583,0.9497415036714149,0.9923591422882162,0.9949821363704299,0.9919572038094644,0.9873976940963025,0.9911612051804366,0.995972786153268,0.9943891572065998,0.9957884938446085,0.9983479916865271,0.9982825364075169,0.9935681295576935,1.0,0.9973635413480616,0.9956001191649174,0.9866761522031088,0.9924762220610813,0.9922228452832305,0.9975408537425755,0.9961078185702781,0.9947885355691236,0.9929960750992698,0.9767975213196085,0.9948742115289616,0.9957228979971424,0.9956443989860252,0.99507854570007,0.9884168690029168,0.9955553924515139,0.9966551227050212,0.9913103836220521,0.9930375788880459,0.9948504493030208,0.995587246078862,0.9947812822014797,0.9421505659981365,0.996186066683281,0.9902093609962482,0.9905480377920752,0.9921454471546439,0.9090727075712851,0.9897866884101805,0.9951327929787431,0.9958888892241432,0.9977094708220741,0.9953736690974447,0.9957404663545232,0.9514697532085384,0.9952081978069257,0.9859822315274714,0.99235073257749,0.9974278149561943,0.9963091148409323,0.9913324706262321,0.997223669607376,0.9936636752287807,0.9939613646499751,0.9933549531955351,0.9977570786830026,0.9946938340507089,0.9940548469952285,0.9948126614163669,0.9967479080949747
EWBC,0.9988683449583992,0.9994177255804669,0.9860996816960224,0.913096039850825,0.9412613552273801,0.9939411244615453,0.9975142594912927,0.9921560849426794,0.9873910697298686,0.9918853830998542,0.9992679009567732,0.9959989682803755,0.9990848863316902,0.9996295640997842,0.9994923487754006,0.993161823558058,0.9973635413480616,0.9999999999999997,0.9965097847550629,0.9874010104316533,0.9957277017258512,0.9926891786901124,0.9994299019257863,0.9990255011019239,0.9988673272042244,0.9953229326602574,0.9753464186479992,0.9979694243068257,0.998478535938131,0.9988199440126398,0.9937378186815902,0.9909370991186233,0.995323190690402,0.9997703013008884,0.9919016128134578,0.9938187567585991,0.9964495726674889,0.9993330984807595,0.9990880428710021,0.9426965398885188,0.9984854910862043,0.9944442944164313,0.9904695927273569,0.9926407889667779,0.8889693367386567,0.9959789552387825,0.9993214800243956,0.9995511835044036,0.9990913957128401,0.9993519068009915,0.9989708656240288,0.9513403377921225,0.9983655917815193,0.9866823375116072,0.9892931005351203,0.9996051765339928,0.9992656318361728,0.9917592560030691,0.995281666459617,0.9981609439330188,0.9984057861252384,0.9946234215144554,0.9978434544027649,0.9989241748477196,0.9946404609984246,0.9984671204707243,0.9992444063516059
FCNCA,0.9934197128180522,0.9951717291018196,0.9854965517235743,0.9366659526227682,0.9633993061030577,0.9994667234305221,0.9987167710474817,0.9988930946636613,0.9967213779683622,0.9989300126776549,0.9976132256652144,0.9998140675962814,0.9956644918738232,0.9975864823844913,0.996692490456537,0.9980675609221825,0.9956001191649174,0.9965097847550629,1.0000000000000002,0.9957519841230797,0.9989177084635952,0.9989938159249149,0.997297490457298,0.9981898710359344,0.9969751142436057,0.9990484851337121,0.9901794990846396,0.9987751379855845,0.9988079389010383,0.9950856187829188,0.9908142493854967,0.9977633479415445,0.9968373736192258,0.9974721165104308,0.998992893060923,0.999453828261551,0.9993357989113849,0.9941490207509911,0.9955140486456162,0.961973781248535,0.990797518264324,0.9849715597717986,0.9972775700603177,0.9992628000563016,0.8928809396958062,0.9936417089659925,0.9960699205544264,0.9951981224625818,0.9985431318159402,0.9956295612141112,0.9977196839945007,0.9730475276871391,0.9905549907821678,0.9966762571609032,0.9844011003195758,0.9971106451804799,0.99320299708304,0.9989346977450886,0.9895119821470355,0.9897749098100515,0.99239426549598,0.9996727709566572,0.9994622177727628,0.9965876474625996,0.9996912459110325,0.995423928025495,0.9987342144632714
FFIN,0.9842459835397356,0.986722486352305,0.9896159903989704,0.9633447068880969,0.9776936176921388,0.9975536791275974,0.9952437833885452,0.998767678041749,0.9993778775704792,0.9978826403307222,0.9908935760527378,0.9968594384461655,0.9858042931404188,0.9890936536313186,0.9868992379001968,0.9985204053226339,0.9866761522031088,0.9874010104316533,0.9957519841230797,0.9999999999999997,0.9966733487483984,0.9986295186061617,0.9909897181197449,0.9924171759907536,0.9909739128207832,0.9975452030487783,0.9956962053769278,0.9929715380856586,0.992831926075056,0.9890946279392313,0.9844281287348553,0.9946927023691066,0.9951512490567931,0.9895101283448055,0.9977326794519009,0.9980707583012505,0.9961175479063373,0.9834368867245945,0.9857288806687824,0.9827336461317255,0.9784264340339849,0.9665493021122753,0.9990745278817255,0.9970799380274222,0.8988951875769533,0.985876604209843,0.9880193033870084,0.9845670828615307,0.9927595426985534,0.9882966015852297,0.991310096355426,0.9855232323340785,0.9773503849635579,0.9976185890136067,0.9775147967989212,0.9901080928222136,0.9832876182170027,0.9980403346077386,0.9797519308890164,0.9770738996776189,0.9790154752685194,0.9973560819914713,0.9940886697700487,0.9880972944704299,0.997091802362851,0.9900716151081737,0.9916541275204163
FHB,0.9939472686450885,0.9958114425443542,0.9903747182400773,0.9451494755605524,0.9630683350613455,0.9991943717806013,0.9994859578568245,0.998343012706012,0.9965409939812327,0.9982094608438562,0.9980791178056645,0.9995083346807756,0.9956367691140631,0.9959885454077783,0.9952439390540911,0.9981138506130198,0.9924762220610813,0.9957277017258512,0.9989177084635952,0.9966733487483984,1.0,0.9984751850318366,0.9969454549470652,0.9985999158633507,0.9980945081641063,0.9998472370452866,0.9891789191207916,0.999162730036733,0.9989600787310434,0.9959357413822956,0.9904947921155316,0.9974889792852644,0.9958806749287059,0.997293994182901,0.9981827779255517,0.9989828368285331,0.9995075753757081,0.9940841233329776,0.9957983746164297,0.9666155718319975,0.9895659030803406,0.982955819619243,0.9967688613622881,0.9981617497371686,0.89014993184336,0.9950443556807842,0.9967961211717968,0.9948606011709266,0.9977465815590967,0.9964427419702716,0.998318978950231,0.9739315143035945,0.9896270141100106,0.996217171882211,0.9839395498356226,0.9969314506041508,0.9929466465653759,0.9981579956430608,0.9880387708968562,0.9895465614502137,0.9916875556903774,0.9993184637416003,0.9977706982997949,0.9970789422872925,0.9987843205302226,0.9966987548323973,0.998307809503518
FITB,0.9889785862601461,0.9913327687745421,0.9870454198569221,0.9501745821652329,0.9713440016668972,0.9996666350867167,0.9975283540457148,0.9999207904627021,0.9992428667517148,0.9997480526305598,0.9948339335001445,0.9993724674388504,0.9914897688189445,0.9943925604751912,0.9925197839956296,0.9991097973867843,0.9922228452832305,0.9926891786901124,0.9989938159249149,0.9986295186061617,0.9984751850318366,0.9999999999999999,0.9947792055771498,0.9958456374642193,0.9943913173068795,0.9989166412535204,0.9946361437839317,0.9965825912634916,0.9967026502243355,0.9923314544657152,0.987359605702765,0.9974934273637425,0.9969437158054316,0.9941667966272402,0.9996599261655352,0.9998929259655829,0.9983285769815955,0.9892305150197196,0.9910860366520141,0.9728991377709775,0.9851642481844651,0.976635561813194,0.9993571590233465,0.9994886186729428,0.894047351153803,0.990981690650462,0.9925146524939141,0.9905703653861702,0.9965049961242295,0.9923465089479755,0.9950310616776669,0.9810440332889262,0.9844584910795457,0.9984674219968696,0.9803551884005226,0.9941496915795385,0.9888213291816685,0.9997526185902479,0.9848240953126001,0.9839029713821108,0.9864629957540212,0.9995621088416355,0.9979418566865043,0.9927923599687901,0.9996810960519135,0.9931002787137689,0.9960393333524941
FMAO,0.9984225544596328,0.999014763244117,0.9901316393179465,0.9229648579965332,0.9487302505473236,0.9952925396458991,0.9986700528585535,0.9943176721859781,0.9903550898215763,0.9935268417226454,0.9993464010727325,0.9971537914512125,0.9981932889993692,0.9994050668208562,0.9988231714383201,0.9959337169547824,0.9975408537425755,0.9994299019257863,0.997297490457298,0.9909897181197449,0.9969454549470652,0.9947792055771498,1.0,0.9994339797917952,0.9991353377399801,0.9969231759426957,0.9789510126203039,0.9980980692088528,0.9987073771539572,0.999480092413043,0.9949488792261609,0.9914125071280643,0.9976745612474702,0.9994363410605889,0.9934546039130028,0.9955191697264935,0.9975844832219372,0.9981488192008882,0.9979359810504496,0.95159762029897,0.9972464027427329,0.9905671348144155,0.9934682209649164,0.9939148559701769,0.8978362334707838,0.995455383691391,0.9989214851736128,0.998333064956104,0.9997324154754995,0.999331891544424,0.9991232421113642,0.9565350162365228,0.9966521764687228,0.9886725029174916,0.9906485452469999,0.9998752854970758,0.9987248639645546,0.9935131219280166,0.9954919874167164,0.9964976466333612,0.9961214203248184,0.9959224045861149,0.9985924812703106,0.9981169261306831,0.9960017464373881,0.9992809183255058,0.9991536256725086
FMBH,0.9982589919974,0.9991319126471446,0.9901519774213241,0.9287136490345671,0.9525397282474566,0.9968438510174426,0.9995987149452641,0.995563029087569,0.9920101987013373,0.9951043358812357,0.9999025762910274,0.9982493950792876,0.998727529054391,0.9987369012553199,0.9986582917668662,0.996454927120769,0.9961078185702781,0.9990255011019239,0.9981898710359344,0.9924171759907536,0.9985999158633507,0.9958456374642193,0.9994339797917952,1.0000000000000002,0.9997979960119354,0.998368816776685,0.9815418968594889,0.999519497653353,0.9996379697275634,0.9989798843340636,0.9945768729032346,0.9942254866123829,0.996393682619073,0.9996664354889963,0.9951261224663023,0.996753375500203,0.9989026768461222,0.9982401707060171,0.9987716991927781,0.9545061293080133,0.9957266973415497,0.9901021119153249,0.9938129515566622,0.9955161997281293,0.8949275754123373,0.996366819858826,0.9994392152331482,0.9985048056963255,0.999375394230798,0.9993556931495544,0.999910432709816,0.9612317288097353,0.9957098231607546,0.9912465033012405,0.9895169926944543,0.9996233759550257,0.9976897645027814,0.9950978788879882,0.9939316463991431,0.9955157123545306,0.9963201975100263,0.9973941146553833,0.9984441409845155,0.9992258781432773,0.997041755198255,0.999119173488154,0.9997145845940283
FNB,0.9986582236816571,0.9995078396017869,0.9910683547620066,0.9275170316491641,0.948338133390412,0.9956438448459601,0.9991984776969001,0.9939926384164456,0.9901993343492501,0.9935565709814438,0.9998764611255236,0.9972427261360687,0.9988811872076065,0.9981454400151925,0.9981302392340292,0.9951988987206046,0.9947885355691236,0.9988673272042244,0.9969751142436057,0.9909739128207832,0.9980945081641063,0.9943913173068795,0.9991353377399801,0.9997979960119354,0.9999999999999998,0.9976216278142053,0.9787840406489878,0.9991594382346808,0.9993071533445194,0.9992267589453873,0.9939776791187654,0.992955582001,0.995328915421622,0.999544331959593,0.9935219844917788,0.9954176886624222,0.9980415656046131,0.9985414366869666,0.9989962338926061,0.9525785651659759,0.9959600746707241,0.990609771227068,0.9922288868345122,0.9938934589184939,0.8911944500561914,0.9971354353256491,0.9997399794195104,0.9986838598279265,0.9987578354499796,0.999698717368456,0.9998479799332889,0.9581879825017358,0.9961058165913564,0.9893543373118264,0.9889115471707413,0.999426094485532,0.9980391951052872,0.9934760307749776,0.9934644055308025,0.9962676130011615,0.9966969835611994,0.996185617029412,0.9972656823391977,0.9993229474523535,0.9957000827537819,0.9994834751222718,0.9992878330278245
GBCI,0.9935277508365714,0.9952131731641778,0.9906971733256174,0.9465594547324931,0.9662766746726495,0.9992808018658987,0.9994674031333768,0.9989104150486776,0.9972745889263737,0.9984668877868084,0.9976577876404463,0.9995708583946895,0.9948528399494371,0.9958005535559719,0.9950809668048314,0.9988577433341784,0.9929960750992698,0.9953229326602574,0.9990484851337121,0.9975452030487783,0.9998472370452866,0.9989166412535204,0.9969231759426957,0.998368816776685,0.9976216278142053,0.9999999999999999,0.9902226235052974,0.9987740414329253,0.9985385438962242,0.9957747907928053,0.991406698319836,0.997237397811233,0.996586333364592,0.996846968515841,0.9984781364595844,0.9992946623645821,0.9997074157995199,0.9933823000176913,0.9950163590294437,0.9686010484062008,0.9890865567623192,0.9814885420461638,0.9975451274999683,0.9984230522747831,0.8962475817785657,0.9935377287386118,0.9961352543267094,0.9940774943553427,0.9977945973024183,0.9959395557518853,0.9979441811806173,0.9750564553193135,0.9888982921859254,0.9966204084392957,0.9851813742998959,0.9968100836130325,0.9924110211693159,0.9985366765285902,0.9885695487854422,0.9885804393084209,0.9905408343949261,0.9994836099234375,0.9980090993668445,0.9964013986548701,0.9989854117082356,0.9963866664303271,0.9979697296369519
GS,0.9688910095351703,0.9728579652266052,0.9727561448255184,0.9663380543570718,0.9846150975232711,0.993370025659783,0.9856302954876823,0.9950309016663139,0.9976105277347137,0.9953753866151462,0.9795231115261243,0.9909378692878226,0.9739560688106436,0.978853221822637,0.9758318794040287,0.991741183971178,0.9767975213196085,0.9753464186479992,0.9901794990846396,0.9956962053769278,0.9891789191207916,0.9946361437839317,0.9789510126203039,0.9815418968594889,0.9787840406489878,0.9902226235052974,1.0,0.9842927731432023,0.9838780345479127,0.9744467988065129,0.9697523635485061,0.9928271238322216,0.9857360405801436,0.9782050455328895,0.9953239429576406,0.9936698740102056,0.988530376688007,0.9696508768474688,0.9735142313116651,0.9835349163760391,0.9625901420347889,0.952216310951673,0.9947168301440146,0.9945778722994435,0.8832233952356967,0.9750665475807699,0.9752644543395381,0.9720882210709326,0.9827072991195567,0.9745320458395706,0.9801592808089775,0.9951315802629431,0.9617269219706788,0.9977624058526894,0.9602763051217629,0.9778063561507332,0.9681948649857565,0.9954802459078489,0.9640491293916083,0.9605770570478191,0.9660781824027579,0.9926115856492335,0.9868386622092087,0.9767396063563395,0.9927543784661801,0.9760132664649284,0.9822497423937473
HBAN,0.996747756590889,0.9980217446076888,0.9876953103514424,0.9317320669179513,0.9558416466134814,0.9979387973967417,0.9994473017327313,0.9964199482356155,0.9932782780842324,0.9964671615877936,0.9994254652140233,0.9988154407954101,0.9983710622748694,0.9978179218014703,0.9979515246606288,0.9963039413135769,0.9948742115289616,0.9979694243068257,0.9987751379855845,0.9929715380856586,0.999162730036733,0.9965825912634916,0.9980980692088528,0.999519497653353,0.9991594382346808,0.9987740414329253,0.9842927731432023,0.9999999999999999,0.999776703482633,0.9971930131465865,0.9928315767662826,0.9966995424234115,0.9947962145489591,0.999053936595952,0.9965706772576511,0.9975866002828906,0.9992877470394812,0.9972703542825451,0.9984716618676894,0.9557862729531159,0.9935442038291332,0.9892106496083217,0.9938801511693656,0.996933078855675,0.8904146173282789,0.9963149833300172,0.998753976993837,0.9978267035002182,0.9984999651772942,0.9981506570462296,0.9995891497227568,0.9657525600418823,0.9939427771549488,0.993529188926622,0.986935847015103,0.9984851854971634,0.9957827706228513,0.9964094317215659,0.9916233585598858,0.9935435377458205,0.9957886028047889,0.9983424224569746,0.9981942196420817,0.9991617002148012,0.9978574873669628,0.9976343975360696,0.9996052336379025
HBHC,0.9969733723909467,0.9983324951105745,0.9880391656484514,0.9305887144764933,0.9543023309712454,0.9978502982493543,0.9994169355201546,0.9963337421924261,0.993169857130117,0.9964136827359217,0.9995936804656635,0.9988782450030832,0.9986796109877363,0.9985669096988,0.9981871094086701,0.99660043233029,0.9957228979971424,0.998478535938131,0.9988079389010383,0.992831926075056,0.9989600787310434,0.9967026502243355,0.9987073771539572,0.9996379697275634,0.9993071533445194,0.9985385438962242,0.9838780345479127,0.999776703482633,0.9999999999999993,0.997714492121014,0.9926193718528059,0.9958284205537011,0.9958545664943022,0.9993274801497937,0.996395618963392,0.9975897516879149,0.9989673322202193,0.9974687292030472,0.9983651637331595,0.955506874060492,0.9943968630033526,0.9896670724667888,0.9943608152274803,0.9967712444471194,0.8898852312610509,0.9972641646609474,0.9989347859957144,0.9981571676462404,0.9990815482412906,0.9985139530111948,0.9996096078729281,0.9646692534727752,0.99456474641806,0.992957534245292,0.9868268092209788,0.9988815551240022,0.9966881915610878,0.9962911367151451,0.9922228920986449,0.9943188834126993,0.9960243695352166,0.9982085164036365,0.9986779738139671,0.9989293702568839,0.9980265809152276,0.9981955606381714,0.9997840078547794
HOMB,0.999107245504151,0.9993458223834549,0.992454964280103,0.9220161717643606,0.9441207263345225,0.9930241677434561,0.9980458756238514,0.9918303194479373,0.9875114182634896,0.990703963960943,0.9990394293060374,0.9952669420485203,0.9978667347889238,0.9980452599068304,0.9978271046875735,0.9943225310049119,0.9956443989860252,0.9988199440126398,0.9950856187829188,0.9890946279392313,0.9959357413822956,0.9923314544657152,0.999480092413043,0.9989798843340636,0.9992267589453873,0.9957747907928053,0.9744467988065129,0.9971930131465865,0.997714492121014,1.0,0.9952816280663396,0.9887695127481408,0.9961937472891741,0.9988809203409752,0.9906035677311849,0.9932190416105146,0.9963304658485075,0.9982753714181261,0.9978471815333557,0.9496880681906242,0.9973773028622956,0.9902360640868209,0.9910096854143586,0.9909885515483494,0.8979802949708693,0.9952067589522637,0.9990368554684942,0.9980331863711785,0.9985921518826782,0.9996724089138603,0.9988360106957239,0.9515042023745343,0.996882389842595,0.9853874428222533,0.9916147007633132,0.999530549982546,0.9989700155541962,0.9906872455971419,0.9956304798662512,0.9971251058101444,0.9958598982962519,0.9937727990919328,0.9965114774774985,0.9979025761715852,0.9935252379067091,0.9997951971403699,0.9980774630525077
HTH,0.9961144224966997,0.9944850399844308,0.98559597066768,0.9125099813246283,0.9528985472965819,0.987678900965254,0.9939248827204443,0.9878050926124461,0.9828475067005042,0.9854532221041414,0.9942693387114054,0.9901845593903198,0.9936413572225814,0.9931065222171572,0.9955275991516788,0.9913243548016566,0.99507854570007,0.9937378186815902,0.9908142493854967,0.9844281287348553,0.9904947921155316,0.987359605702765,0.9949488792261609,0.9945768729032346,0.9939776791187654,0.991406698319836,0.9697523635485061,0.9928315767662826,0.9926193718528059,0.9952816280663396,1.0000000000000002,0.9834231218189031,0.9908570659914906,0.9938458161832492,0.9858844843399023,0.9885929321955735,0.9935075650594432,0.9941929102715402,0.9933514100503127,0.9430202027552247,0.9934970682765242,0.9853213282370397,0.9851937804418703,0.9866147710997896,0.9320804738399728,0.9850525499804549,0.993921106803048,0.9931116330324773,0.993823115448919,0.9943170953038829,0.9946192354784371,0.9448556394592063,0.9930208143099977,0.9806644242306675,0.9986392050281493,0.9956252029364493,0.9938771390639393,0.9862587551046179,0.9981467863776082,0.9912196853181965,0.9903788862942926,0.9893803860420111,0.9923359490605986,0.9933586606689411,0.9887879965175416,0.9943710416864385,0.9933452161026581
