Ticker,ABCB,ABTX,AJX,ARI,AXP,BAC,BBT,BK,BOKF,C,CFG,CFR,CIT,CMA,CNND,COF,DFS,EWBC,FCNCA,FFIN,FHB,FITB,FMAO,FMBH,FNB,GBCI,GS,HBAN,HBHC,HOMB,HTH,IBKR,IBOC,ISBC,JPM,KEY,LARK,MBWM,MCBC,MS,MTB,NAVI,NKSH,NTRS,OPY,PACW,PBCT,PGC,PNC,PNFP,RF,SCHW,SFBC,SIVB,SLFC,SRCE,STBA,STT,SYF,TFSL,TSC,UMBF,USB,WAL,WFC,WSBC,ZION
ABCB,1.0000000000000002,0.9997232346160527,0.8849000503925585,0.8148275765831449,0.9219784944492025,0.986527156715635,0.9963040289827795,0.9870468579807959,0.9854521544553353,0.9792938545504638,0.9988223618019576,0.9944079127309248,0.9979776069985508,0.9979868699175429,0.9770857693317996,0.9909071791501657,0.992833077391189,0.9990389809728605,0.9947040899706623,0.9869069217297257,0.9951455259650024,0.9904137958133038,0.998734395451023,0.9982418083470966,0.9985956740721758,0.994553002266741,0.9166727823417377,0.9972239232752665,0.9975274758542791,0.9989884164963022,0.9931009026302314,0.8843400888852649,0.9933040164778449,0.9981020474718401,0.983235686259437,0.9919000865134094,0.9959441275141558,0.999130441136451,0.9990820130696614,0.9002693335911826,0.9989176286173095,0.8906025644325654,0.9890234794845706,0.9907972409808601,0.8040737189018293,0.9956279720113157,0.9994062046109069,0.9992088139256041,0.9974796682551562,0.9993796002397763,0.9988336843788925,0.9456742620528849,0.9988530404266952,0.9855915536807062,0.8894267998426846,0.9991875698443897,0.99943439235164,0.9889405738016314,0.9934022772939988,0.9937818322827083,0.998334619990176,0.9930562814348993,0.9952733122562231,0.9987334886483398,0.9906104046806935,0.9983844692645425,0.9981052489108704
ABTX,0.9997232346160527,1.0000000000000002,0.8870059021331728,0.8214409125501027,0.9245311876346153,0.9888132349815799,0.9973727145834221,0.9891309892507973,0.987858408132879,0.981954478021698,0.9995302223719512,0.996001989266978,0.9985502498069594,0.9986719408634345,0.9778303170576942,0.9923297871421696,0.9921665602923215,0.9994401144605247,0.9960661433919501,0.9889708162397546,0.9966190149104317,0.9924219280035013,0.9991992182178508,0.9990241549176638,0.999355508695493,0.9959687061086567,0.9211440052550676,0.9982979425757197,0.998640763219749,0.9992485501368944,0.991987477692815,0.8880953361730453,0.9944677279263167,0.9988644659783072,0.9857448614467913,0.9937418303620456,0.996909885806654,0.9992732454045606,0.9994215650338792,0.9051735111282616,0.9984805560026219,0.8916420970774012,0.9910064155719319,0.9927439722212305,0.7988750462489206,0.9972956443679095,0.9999073235328371,0.9996058023631809,0.9983365858872222,0.9998225370576318,0.9994627280834524,0.950735385181588,0.9982874957025365,0.9880255414309742,0.8883320959434571,0.9995468980789824,0.9994562552284589,0.991100773542412,0.992209347563293,0.9939260081493833,0.998575478801605,0.9947604761290496,0.9964475688395106,0.9992366692245247,0.9925761481977693,0.9989461195649161,0.9989577163070525
AJX,0.8849000503925585,0.8870059021331728,0.9999999999999998,0.9502614220363951,0.9227838043590701,0.9244979838906947,0.9059408799974431,0.917194389400756,0.8988008288996056,0.9349308011907541,0.8927792710571604,0.889094928919188,0.9015950158799884,0.8855413631243866,0.9523475323302578,0.9113064394212549,0.9074025170719612,0.87859273224287,0.8788771584770538,0.89704394889158,0.8856696609319786,0.898827586302285,0.8863530559414671,0.8982137518507124,0.898581211631059,0.8961599094890798,0.9651394118751353,0.8921575763770615,0.8886804051741296,0.8993621708935994,0.917138846093694,0.9803054225798276,0.9024928135269056,0.9023595661252034,0.923295362787687,0.8952625639501691,0.8836331292475352,0.8957201334191185,0.8757009970333843,0.9576404489703617,0.8781156740590556,0.9672141956712051,0.8848133547927031,0.8830672518713967,0.8991438691729525,0.8806910447694366,0.8868404409170065,0.8857309019266494,0.8971645264047756,0.8945361051748171,0.8870605806231425,0.901152614139844,0.8713854932855359,0.8747067563385147,0.981490221365052,0.8905904558977988,0.8843688534140794,0.9005363025266796,0.9152774647332934,0.9193447244482368,0.8732109980743372,0.8907429191960046,0.897327827904827,0.8757476139296767,0.9091250246869936,0.9036938055441183,0.8812249683989097
ARI,0.8148275765831449,0.8214409125501027,0.9502614220363951,1.0000000000000002,0.9409609881448019,0.8875381707393812,0.857060399712963,0.8838937177216383,0.8759269190435722,0.9019908989281943,0.8348152817999179,0.847955833082349,0.8358375781681596,0.8233086801387455,0.8816694357600773,0.8735884358673398,0.8269653164505637,0.8135524544931305,0.8353283658515221,0.8732272476737414,0.845227880498083,0.8652532247295939,0.8262266869111037,0.8424836264313103,0.8409629679608697,0.856234740185973,0.9587689912119909,0.8416084846013033,0.8370147639672687,0.835532905891207,0.8491234566833625,0.9445272115174813,0.8532339171908897,0.840500969846246,0.8915653627230774,0.8594188701550006,0.8397604509252442,0.8244686694392418,0.8117399501584843,0.9816957091255084,0.798384687967018,0.8699310598182503,0.8542632134499961,0.8494569203437848,0.8436457342465576,0.8248210763914746,0.8245790966959552,0.8177390287967614,0.8398824430033927,0.8307579057206484,0.8307737883869571,0.9235427339702141,0.7906160653225922,0.8535234602631104,0.9011391562394034,0.8288686686834759,0.8119379857242047,0.8688853911475564,0.8350580307443944,0.8359317148770233,0.7997454522568643,0.8531562885282469,0.8458928716840572,0.8161964918408697,0.8699603361066611,0.8428187577944969,0.8259359982766831
AXP,0.9219784944492025,0.9245311876346153,0.9227838043590701,0.9409609881448019,0.9999999999999999,0.9643664185909515,0.9486284586296462,0.966708001107587,0.9647031166956739,0.970599215339421,0.93457248467834,0.9471862595109372,0.933057062425976,0.9303671596368962,0.9484881346052191,0.9620040665789582,0.9325030342128453,0.9228879269925752,0.9424224970466073,0.9615023711785987,0.9432738773446177,0.9576840844821315,0.9312238934287832,0.9396532291607476,0.9357616651518098,0.9506524706592502,0.9784433635783438,0.9409401234376265,0.9379479151258427,0.9318548953211404,0.9485464287367751,0.9385479262942974,0.9469846426141956,0.9362689271622389,0.9686725119990944,0.9548643814177546,0.9445358545419852,0.9256134668399967,0.9209673925765738,0.9795089432450037,0.9112966440374597,0.882084049224926,0.9516150198707246,0.9516486359297602,0.8977489061143755,0.9202931283407704,0.9268703038926344,0.923140007474422,0.9391375290647211,0.928874509109999,0.9336769999601577,0.9817356041265408,0.9065857998660086,0.9544325848627823,0.9185064769613355,0.9325451202465488,0.918220276512452,0.9606939428054114,0.9355224212721841,0.9213275111142663,0.911119530138936,0.9515633918537278,0.9462039903324531,0.9244520297694377,0.9588981915508596,0.9347842831754399,0.9326002754212018
BAC,0.986527156715635,0.9888132349815799,0.9244979838906947,0.8875381707393812,0.9643664185909515,0.9999999999999998,0.996399000509443,0.9993984836104927,0.9965154419260729,0.9990721671530209,0.9926109250144891,0.9952786039762693,0.9926128507571712,0.9911695470387916,0.9890201339232536,0.997432251198998,0.987110150830396,0.9882482857122862,0.9930728161374596,0.9946883699353375,0.993452036164424,0.9972348186724682,0.9903949609370228,0.9942141217572731,0.9931073149496548,0.9957913829883327,0.9674386894680831,0.9943931562015095,0.9935111118103249,0.9907924536262009,0.989066741292306,0.9362194673351899,0.99401028420135,0.9941757097676734,0.9997128900851245,0.9968081969114375,0.993043922066419,0.9898644711810772,0.9871996625966728,0.9518738302546748,0.9829011137001187,0.9187271909520949,0.99285477775818,0.9949223543259538,0.8330817128905337,0.9879454041558339,0.9898650757375119,0.9891604532188255,0.9940999354915835,0.990710534305928,0.9915313044039014,0.9816884227357308,0.9806855681187261,0.9924250237258219,0.9190521222963427,0.9912219850461306,0.9862522067945803,0.997998995111512,0.9863425075213359,0.9876639860581251,0.9844463682073809,0.996022221685256,0.9958311891482757,0.9881978408410125,0.9989929313263388,0.9921341778059516,0.9914539033325659
BBT,0.9963040289827795,0.9973727145834221,0.9059408799974431,0.857060399712963,0.9486284586296462,0.996399000509443,1.0,0.996898732105273,0.9955901486033878,0.9920446393859853,0.9990079900051212,0.99872917382259,0.9977148051001107,0.9973978211980266,0.9835966658995269,0.9983013029925812,0.9914585270989705,0.9966054322201673,0.9976766178236767,0.9959170195873648,0.9985643140534677,0.9979186955353215,0.9979864010489856,0.9995487183387662,0.9991992413719681,0.9993293899440859,0.9441745153307569,0.9992427815827521,0.9989624583689393,0.9982268900827105,0.9938732374725026,0.9095949041865331,0.9974409948367859,0.9988287229910259,0.9946742550082149,0.9983630653561598,0.9985706149981823,0.9968429352600975,0.9961523407074759,0.9320521171381833,0.9932461625781416,0.9007088679160481,0.9957060182689622,0.9968450228998806,0.8205857289714498,0.995145513677681,0.997827377710089,0.9967384147084729,0.998922386835938,0.9982136041220856,0.9986882177119275,0.9694071584062195,0.9920939048042489,0.993713129331548,0.9030209819129965,0.9984376057493066,0.9956283531272188,0.9973328272527947,0.9917949809273757,0.991931405300571,0.9936269506227625,0.9984790599000765,0.9986740223280258,0.9967342205712902,0.9981964032671142,0.9986831435848663,0.9981180155705273
BK,0.9870468579807959,0.9891309892507973,0.917194389400756,0.8838937177216383,0.966708001107587,0.9993984836104927,0.996898732105273,0.9999999999999997,0.998499928065712,0.9979419829075035,0.9929999803521172,0.9966428888398976,0.9916716489511676,0.9919539377514133,0.985200272490709,0.9988758646640231,0.9869706856020353,0.9890839636970129,0.9948322690002195,0.9972367096184611,0.9948628074049122,0.9987449414736663,0.9916853245071421,0.9946291851528071,0.993242998969175,0.9970894901957837,0.9638404366452104,0.9948032787339535,0.9941188820450715,0.9913578712497336,0.9894503042333596,0.9274747756629294,0.9958136108007483,0.9938365973052005,0.9993634810946475,0.9982398553946394,0.994798505512562,0.9892210792335172,0.9875573069863275,0.951632392523624,0.9833055939624027,0.9072443366638662,0.995735888420725,0.9966636014034002,0.8339988206719419,0.9876311362444633,0.990140866432448,0.988962640624813,0.994853810402636,0.990920821601984,0.9922734599310017,0.9834387855882812,0.9810348344815513,0.9948454935520107,0.9119035691616789,0.992072090114826,0.9866645240079746,0.9991312172775344,0.9860114675993827,0.9851044526971456,0.9840498642128565,0.9973939875256481,0.9967608177470098,0.9888060572794569,0.9994158093193084,0.9923918705109193,0.9923973945479615
BOKF,0.9854521544553353,0.987858408132879,0.8988008288996056,0.8759269190435722,0.9647031166956739,0.9965154419260729,0.9955901486033878,0.998499928065712,0.9999999999999997,0.9938435652610236,0.9919289192192481,0.9974612720243367,0.9883787516131906,0.9909404015699467,0.9744968432672003,0.998218692417514,0.9812812883375602,0.9884977802622427,0.9961728064146824,0.9993783899775142,0.9962670302876432,0.9993611967481746,0.9912956187482693,0.9933012178572247,0.991791677423782,0.997567726061285,0.9543477203255236,0.9942150132193162,0.9939142974758288,0.9895556736437723,0.9843631366497854,0.9093935252182094,0.9952839861382989,0.9912200557508982,0.9967861275175462,0.9989052005685662,0.9958767119222072,0.9860377304441555,0.9870020290663198,0.9475437177177777,0.9810867523564272,0.8833046653977236,0.9984253746961171,0.9982966563966006,0.8158802175760941,0.9877586777716696,0.9891393324283768,0.9870723733721939,0.9935381813762815,0.9892953379566913,0.991892046577039,0.9862636944050596,0.9791263385726137,0.9982723297803617,0.8899200800672165,0.9909614018589681,0.9849884067959652,0.9993375120215916,0.979801635744724,0.9780275758241883,0.9823333320694468,0.9982195680987361,0.9956721574912449,0.9887742493909396,0.9981367229843452,0.9904976374601471,0.9924692521904651
C,0.9792938545504638,0.981954478021698,0.9349308011907541,0.9019908989281943,0.970599215339421,0.9990721671530209,0.9920446393859853,0.9979419829075035,0.9938435652610236,1.0000000000000002,0.9867262573033754,0.990424714265509,0.9875742709425529,0.9853229325492054,0.9904223019873606,0.9946172118041079,0.983517419390319,0.9812878941234054,0.987528676062818,0.9911323946164916,0.9877317411663393,0.9938732624079658,0.9840422181235968,0.9889326591015839,0.9874709676391606,0.9911049458887814,0.9772711298503894,0.9890132459427454,0.9878308491360871,0.9848825093673106,0.9854739732624055,0.9487206802723522,0.9899798330519223,0.9892959770262291,0.9994005385869196,0.9929528942532244,0.987284291308466,0.9839410369997561,0.9797582744753331,0.9605137664823317,0.9754262720990386,0.9279370129036176,0.9883357809485864,0.9905300564978751,0.8439417012309496,0.9811192167925574,0.9831621325058834,0.9826333192429786,0.9891231202869836,0.9844851218350389,0.985177941797095,0.983996388251258,0.9725433637560708,0.9880051191891173,0.9290388697986826,0.9851213095752305,0.9791918134455789,0.9951881691260576,0.9825773778659809,0.983728373865253,0.9769023470755613,0.9916193334791487,0.991691709781575,0.9808847550099873,0.9965268094501981,0.9866240365424013,0.9851235420730504
CFG,0.9988223618019576,0.9995302223719512,0.8927792710571604,0.8348152817999179,0.93457248467834,0.9926109250144891,0.9990079900051212,0.9929999803521172,0.9919289192192481,0.9867262573033754,0.9999999999999999,0.9980675536483512,0.9988733064761088,0.9989929029560329,0.9802014065843955,0.9952958961634815,0.9922239962321789,0.9990881217947929,0.9978006590220438,0.9925066203662638,0.9982858751984837,0.9955590912403203,0.9993430783392502,0.9998549809397772,0.9998453630236479,0.998075287815744,0.9307315362225405,0.9995289428150006,0.9996483216037354,0.9991733070772886,0.9926824588906945,0.8965301156639603,0.996177231355613,0.9994726908008839,0.9901856127281603,0.9965632929046638,0.998437744547384,0.998854747014414,0.9989364109697717,0.9155227350668794,0.9969462019013423,0.8946002552541432,0.9938241975659241,0.9955925659000259,0.804891511844467,0.997397383179084,0.9997404375853105,0.9992110120895,0.9992376165616104,0.9996846041162982,0.9998772057797634,0.9595446165011042,0.9964172172419863,0.9916615967882696,0.89257578566879,0.9996989986092091,0.9984702427697746,0.9946187760640338,0.9920568484848666,0.9933171670614781,0.997497735134465,0.9972572209700024,0.9981872857197267,0.9990881684643067,0.9957261562032647,0.9991940132639047,0.9995311616946598
CFR,0.9944079127309248,0.996001989266978,0.889094928919188,0.847955833082349,0.9471862595109372,0.9952786039762693,0.99872917382259,0.9966428888398976,0.9974612720243367,0.990424714265509,0.9980675536483512,0.9999999999999999,0.9954548686828678,0.9975419333960323,0.9766330397849483,0.997730542948563,0.9881239716555572,0.9965795843643419,0.9996742538451877,0.9973304945113071,0.999515915027896,0.9991811476548191,0.9976432176962605,0.9984373525283111,0.9976337261684439,0.9995985234900697,0.9394258031306789,0.999011148341335,0.9990902773061859,0.9960406647036534,0.9889138625198189,0.8982426223727837,0.9972698005947989,0.9971834795680743,0.9941905023410645,0.9996428407729075,0.9994543141190086,0.9945100370303367,0.9958068144384347,0.9270555579137204,0.9917332179840324,0.8850901802046978,0.9982540836200741,0.9994019266125624,0.8025700345688574,0.9952507620104505,0.9967795035241338,0.9956799898290706,0.9983872906226708,0.9964845207688395,0.9981621141108767,0.9730961012493238,0.9907323587822986,0.9975313375176522,0.8853659700932178,0.9974904036813763,0.9941708810023057,0.9986645546782674,0.9866314606786248,0.9867430480408489,0.9930204346022381,0.9998628276482178,0.9989532236233626,0.996736048264059,0.9983603978569453,0.9963437461409715,0.998651466720866
CIT,0.9979776069985508,0.9985502498069594,0.9015950158799884,0.8358375781681596,0.933057062425976,0.9926128507571712,0.9977148051001107,0.9916716489511676,0.9883787516131906,0.9875742709425529,0.9988733064761088,0.9954548686828678,1.0000000000000004,0.9978865404031306,0.9860270889394251,0.9932090064715844,0.994325779268645,0.9976119584782026,0.9949202290487962,0.9879807957371611,0.995178613480387,0.9928326646500971,0.997370103687121,0.9987382963831166,0.9988418973511872,0.9953902866410782,0.9349720602806265,0.9982161832026596,0.9981788394080701,0.9979770413696047,0.9938299076038746,0.9076414445702073,0.9936311603811381,0.9994517400559424,0.9899450318429103,0.9939489484267787,0.9955196692611392,0.9994547443900668,0.9977517474755747,0.9137437064491004,0.996702046863405,0.910899222705022,0.9891522963474195,0.9925679275893177,0.8137209056820199,0.9964255800341487,0.998685095618997,0.999078776322372,0.9979562349008372,0.9987465128788028,0.9982682022851866,0.9549198255300966,0.9961381346500234,0.9872069484741042,0.9053289866662465,0.9983555641290185,0.9978081548431719,0.9924206287956066,0.9943211793807977,0.996615480455738,0.9975272302759771,0.9946750885661957,0.9968977595829613,0.9974121733758712,0.99470992429296,0.998237606627601,0.9977276225668172
CMA,0.9979868699175429,0.9986719408634345,0.8855413631243866,0.8233086801387455,0.9303671596368962,0.9911695470387916,0.9973978211980266,0.9919539377514133,0.9909404015699467,0.9853229325492054,0.9989929029560329,0.9975419333960323,0.9978865404031306,1.0,0.9791329954977305,0.9942524725149872,0.9942942491213029,0.9995438289623128,0.997936272176236,0.9909622064346776,0.9967195119264833,0.9950338647509746,0.9994851114695738,0.9987882130430535,0.9983270030669962,0.9965011504407373,0.9277821373639225,0.9981784108402497,0.9988403819276991,0.9982664945449549,0.9911585686749926,0.8917437600440102,0.9969336110240202,0.9988588124614135,0.9889888055994224,0.9959467911202888,0.9973839605166714,0.9981574416581174,0.9981237890592491,0.9089130871620567,0.997932910729894,0.8924751910903499,0.9939930545729964,0.9954137341680824,0.8011516883272086,0.9963225463932643,0.9986863782991211,0.9989410364273091,0.9994744595299617,0.9986805436977866,0.9987433671793979,0.9563625924863267,0.9971069151905428,0.990845287137888,0.8884637101085454,0.99942794312074,0.9987226850876565,0.993944467145585,0.9921098913789311,0.9928137428311347,0.9975944192538675,0.9965172208054373,0.9988204120451175,0.9980665902687723,0.995203051874914,0.9978536132391694,0.9993173747009495
CNND,0.9770857693317996,0.9778303170576942,0.9523475323302578,0.8816694357600773,0.9484881346052191,0.9890201339232536,0.9835966658995269,0.985200272490709,0.9744968432672003,0.9904223019873606,0.9802014065843955,0.9766330397849483,0.9860270889394251,0.9791329954977305,1.0,0.9824039282079567,0.9886399614026201,0.9755675446708143,0.9735458748156263,0.9715800021607794,0.9734538270874791,0.9782683609146545,0.9769779579931193,0.9822063771547703,0.9815414776929525,0.9779524546837395,0.968785517762553,0.979898189863329,0.9783905310517588,0.9810660962680157,0.9883932243003373,0.9600478885070907,0.9798481058617527,0.9855737913301866,0.9874836224100966,0.9779529079610001,0.974438154078352,0.9837103192007347,0.9742090722227781,0.9390481249444137,0.9758379282826378,0.9631662106232379,0.969138484677199,0.9735441505651341,0.8694227323645721,0.9721152333849105,0.9777748964933973,0.979612780298998,0.9822525806920811,0.9802839674734464,0.9774498018639077,0.9514834497097656,0.9730352430713237,0.9655933562821933,0.9601201712857691,0.9795680664632788,0.9771117699513404,0.9796513847076108,0.9894542627750722,0.9915675689120078,0.9748787349508504,0.9769892142161917,0.9827406400015594,0.9735311146156084,0.9847871623108272,0.9821641488666925,0.9760943959579191
COF,0.9909071791501657,0.9923297871421696,0.9113064394212549,0.8735884358673398,0.9620040665789582,0.997432251198998,0.9983013029925812,0.9988758646640231,0.998218692417514,0.9946172118041079,0.9952958961634815,0.997730542948563,0.9932090064715844,0.9942524725149872,0.9824039282079567,1.0,0.989447752723243,0.9920908412818522,0.9962308705736568,0.9982366254369983,0.9966120973255914,0.9989981436701826,0.9949369564118751,0.9965633721566731,0.9954817702986132,0.9983648348967671,0.9540470874819069,0.9961255948744473,0.9959893258963965,0.9947177302721375,0.9921768449403955,0.9149403359780593,0.998121300403006,0.995237158548805,0.996749264167752,0.9986754946284373,0.9967685987905827,0.9914048595559272,0.990289747207726,0.9459372782655102,0.9873556199188157,0.8979370384960138,0.9973987435132741,0.996856772757065,0.8352878580642793,0.9901170318132481,0.9929411785286831,0.9913292755782147,0.9968285132244996,0.9938354989842847,0.9948593402614856,0.9780425913859782,0.9852553466203144,0.9946851806993419,0.9068621886159774,0.9949956301229327,0.9905649974269793,0.9984753748840945,0.9892555945954238,0.9863113071957094,0.9865677812770076,0.9979894202609806,0.9977853049360208,0.9913977061764757,0.9988200320968074,0.9954020926701782,0.9945953693774764
DFS,0.992833077391189,0.9921665602923215,0.9074025170719612,0.8269653164505637,0.9325030342128453,0.987110150830396,0.9914585270989705,0.9869706856020353,0.9812812883375602,0.983517419390319,0.9922239962321789,0.9881239716555572,0.994325779268645,0.9942942491213029,0.9886399614026201,0.989447752723243,0.9999999999999999,0.9925204665362081,0.9880159227279828,0.9806083856807223,0.9855976893966721,0.9866178946987856,0.9930554437350322,0.9926793035496686,0.9918215824883131,0.9875608804908419,0.9353138061235678,0.9901443530790618,0.9906053781253452,0.9937648501834816,0.9953451069950684,0.9100089994001016,0.9923023805937092,0.9944658193917104,0.9847942840992813,0.9871818562218053,0.9879650716870227,0.9945089129105019,0.989647299897973,0.9094558013175355,0.9944025455767794,0.9203694053070196,0.9832000207654641,0.9847574737619331,0.8454487318470516,0.985229472107206,0.9913375257372041,0.993029888771918,0.9943575959884621,0.9928389346287722,0.9909278602785148,0.9428023242248617,0.992491857977504,0.9768934386361537,0.9221926533769198,0.9938563875903965,0.9939206506391499,0.985709474207739,0.9986565113652891,0.9951683217298526,0.9906229017236866,0.9870903743513425,0.9936922624084846,0.9887527218852373,0.9894517188375255,0.9930070768886186,0.9908434904404755
EWBC,0.9990389809728605,0.9994401144605247,0.87859273224287,0.8135524544931305,0.9228879269925752,0.9882482857122862,0.9966054322201673,0.9890839636970129,0.9884977802622427,0.9812878941234054,0.9990881217947929,0.9965795843643419,0.9976119584782026,0.9995438289623128,0.9755675446708143,0.9920908412818522,0.9925204665362081,0.9999999999999997,0.997225895146537,0.9892024591117411,0.9965695500056176,0.9930435717646267,0.9995021091729726,0.9985294783633464,0.9984428665258692,0.9957540112253354,0.9189362181406308,0.9979794427053161,0.9986003634764024,0.9984450422769565,0.9901713198631789,0.8829181402151624,0.9951770398133568,0.9984098491448317,0.9855675100720481,0.994320325448732,0.9971569025018304,0.9985276335492276,0.999269916698402,0.9009830444579263,0.9987688394751749,0.8860262211441808,0.9923532584348465,0.9939606892467086,0.7920657950007363,0.9967864127441012,0.9993657538182068,0.9994285714308084,0.9986556977481889,0.999098510759311,0.9991050787488633,0.9510754910383253,0.9984631062159122,0.9894035906726054,0.8814366110399872,0.9994768191413572,0.9993450343672178,0.9916924446232823,0.9910125900808328,0.9922886344208538,0.9987317640641606,0.9953030163975616,0.9972850113055092,0.9991288578821609,0.9928178607788165,0.9978177809791584,0.9993915255345472
FCNCA,0.9947040899706623,0.9960661433919501,0.8788771584770538,0.8353283658515221,0.9424224970466073,0.9930728161374596,0.9976766178236767,0.9948322690002195,0.9961728064146824,0.987528676062818,0.9978006590220438,0.9996742538451877,0.9949202290487962,0.997936272176236,0.9735458748156263,0.9962308705736568,0.9880159227279828,0.997225895146537,1.0,0.9960071104529583,0.9991217198074692,0.998238497150218,0.9978143482770192,0.9979189071110551,0.9969755374352579,0.9988113177000225,0.9326577686391444,0.9986755932257197,0.9988954228483149,0.9954888654524717,0.9879162707093682,0.8898269141588143,0.9964850246606956,0.9966321252334724,0.9919800057005558,0.9989412042914503,0.9994642494990728,0.9943979255275143,0.9964265163932091,0.918474229003443,0.9926482569649199,0.8784030840959615,0.9977972881273888,0.9992916473117733,0.7962951106668813,0.9949249005667979,0.996786641226137,0.9959696103342058,0.9980795311149154,0.9961484057813074,0.9981247002396261,0.9694936418820554,0.9919137101257762,0.9973533604886851,0.87789721541828,0.9975111779338254,0.9945181057377146,0.9976428367357904,0.9859086580248029,0.9854896346203219,0.9939507102315273,0.9994130483352993,0.9986761884647041,0.9972648067093616,0.9971027513429918,0.9954250806807127,0.9989894868860947
FFIN,0.9869069217297257,0.9889708162397546,0.89704394889158,0.8732272476737414,0.9615023711785987,0.9946883699353375,0.9959170195873648,0.9972367096184611,0.9993783899775142,0.9911323946164916,0.9925066203662638,0.9973304945113071,0.9879807957371611,0.9909622064346776,0.9715800021607794,0.9982366254369983,0.9806083856807223,0.9892024591117411,0.9960071104529583,0.9999999999999997,0.9969122551654722,0.9988204850944229,0.9923523760167967,0.9937636324875444,0.992582463209582,0.9979775976507999,0.9482408851674818,0.994220359723411,0.9940237683067834,0.9910422968023398,0.9850029115670971,0.9016477003480264,0.995947171660661,0.9911551978000274,0.9945026306048114,0.9984148288996569,0.9964186329049184,0.9863104994097557,0.9877286742621512,0.9462200582893707,0.9821160445825629,0.8761218755471135,0.9989164385968979,0.9974586080847885,0.8148078184639612,0.9881134598735498,0.9900240704416371,0.9872998839491844,0.9937615544604573,0.9903898311075555,0.9926737093918151,0.9834059232355123,0.9802721287192625,0.9975667969397906,0.8860613302745007,0.9918190121310038,0.9861457248196436,0.9981535308360724,0.9800879263035173,0.9776712399399698,0.982492202601016,0.9978036891276298,0.9950880146614417,0.9895526025958339,0.9968016546169796,0.9917803415396298,0.99276206614803
FHB,0.9951455259650024,0.9966190149104317,0.8856696609319786,0.845227880498083,0.9432738773446177,0.993452036164424,0.9985643140534677,0.9948628074049122,0.9962670302876432,0.9877317411663393,0.9982858751984837,0.999515915027896,0.995178613480387,0.9967195119264833,0.9734538270874791,0.9966120973255914,0.9855976893966721,0.9965695500056176,0.9991217198074692,0.9969122551654722,0.9999999999999998,0.9980373346933773,0.9975526513423878,0.9984250201417596,0.9980480125524352,0.9995990733868396,0.933584027774234,0.9991135055830948,0.9990952076845289,0.996331571599507,0.9881306708974492,0.8920460686894529,0.9959221587736284,0.9967463681337382,0.9919355358537136,0.9987353342275872,0.9996055340015234,0.9945438370786588,0.9965957730758108,0.9241467833623142,0.9916566244636136,0.8790332260983104,0.9974107828476737,0.9984742985811983,0.7960556773341029,0.9960392604891559,0.9974103564880761,0.9957752733816586,0.9975971363837302,0.996921575506174,0.9986412754478217,0.9708477491508852,0.9910881493427501,0.9969731928955501,0.8799132133896541,0.9974464127408948,0.9943372616749074,0.9972890479919948,0.9851985087635425,0.9858591690649385,0.9933576520637835,0.9992507681451837,0.9975140845613721,0.9975871844089962,0.9967379562967125,0.996664756917636,0.9986440731739801
FITB,0.9904137958133038,0.9924219280035013,0.898827586302285,0.8652532247295939,0.9576840844821315,0.9972348186724682,0.9979186955353215,0.9987449414736663,0.9993611967481746,0.9938732624079658,0.9955590912403203,0.9991811476548191,0.9928326646500971,0.9950338647509746,0.9782683609146545,0.9989981436701826,0.9866178946987856,0.9930435717646267,0.998238497150218,0.9988204850944229,0.9980373346933773,0.9999999999999996,0.9950985348754782,0.9965339672860398,0.9953247043789045,0.999004689093908,0.9502753717077568,0.997036749903063,0.996952842880276,0.9936168667713492,0.9879896498484443,0.9083547410281664,0.9974664186043043,0.9951169646474776,0.9968463674843848,0.9998777459766478,0.9978586996750691,0.9910764135914609,0.9915715585385231,0.9399995078082775,0.987189332594501,0.889346561090996,0.9988357151352927,0.9991862413763012,0.8141634376430775,0.9918557267014556,0.9933829900725722,0.9919648228745277,0.9968766353190962,0.9935487416887302,0.9953945298559638,0.9803777700415114,0.9854731503478982,0.9978793135936622,0.8927382499291362,0.9948949220281046,0.9903127275856728,0.999732405430881,0.9849658109626243,0.9841101633352741,0.9880805819710671,0.9994775351008698,0.9982936430748278,0.9928401133023325,0.9993043841161532,0.9942818644668122,0.9959333597145487
FMAO,0.998734395451023,0.9991992182178508,0.8863530559414671,0.8262266869111037,0.9312238934287832,0.9903949609370228,0.9979864010489856,0.9916853245071421,0.9912956187482693,0.9840422181235968,0.9993430783392502,0.9976432176962605,0.997370103687121,0.9994851114695738,0.9769779579931193,0.9949369564118751,0.9930554437350322,0.9995021091729726,0.9978143482770192,0.9923523760167967,0.9975526513423878,0.9950985348754782,1.0,0.9991593251753315,0.9989472039234509,0.9972770136800693,0.925162723814295,0.9982920554450874,0.998912541908962,0.9992570747482384,0.9920113416831414,0.8875104964453437,0.9974563209310499,0.998587186786704,0.98796064640067,0.9959804483891966,0.9980617052311735,0.997919915692336,0.9982690756372113,0.9114502077121144,0.9977933308996988,0.8867376391173071,0.9947654038832993,0.9950745880205523,0.8037420681748535,0.9963574917257294,0.9991253817818156,0.9985939642925108,0.9994281509381271,0.9992937372015683,0.9992935935476205,0.9564056869218405,0.997025978660101,0.9909322715280316,0.8868109645898914,0.9998402457300384,0.9989742933816952,0.9935800800671998,0.9920509616155506,0.991882165993784,0.9968798224172145,0.9965433307105603,0.9982545708078705,0.9983803513184735,0.9945744994581098,0.9988363316065019,0.9993104360003687
FMBH,0.9982418083470966,0.9990241549176638,0.8982137518507124,0.8424836264313103,0.9396532291607476,0.9942141217572731,0.9995487183387662,0.9946291851528071,0.9933012178572247,0.9889326591015839,0.9998549809397772,0.9984373525283111,0.9987382963831166,0.9987882130430535,0.9822063771547703,0.9965633721566731,0.9926793035496686,0.9985294783633464,0.9979189071110551,0.9937636324875444,0.9984250201417596,0.9965339672860398,0.9991593251753315,1.0000000000000002,0.999833397433836,0.9986429441660707,0.9360064274109818,0.9995654530435152,0.9995437109516008,0.9991588581174424,0.9936598807253343,0.9019229269961805,0.9969856180399905,0.9995951529299056,0.9920428089480894,0.9973289012113468,0.9986228214815075,0.9985285340721468,0.9981734023017766,0.9213766943698606,0.9960867005880623,0.8981670355632064,0.9945983003135405,0.9961494140512591,0.81184623082102,0.9965534859152485,0.999271400947835,0.9986447621802784,0.9994705251754805,0.9994282299167282,0.9996198024892542,0.9628010386670869,0.995311867810046,0.9923512014195344,0.8976364500540591,0.9995545662872207,0.9978034154439271,0.9957422419531984,0.9926083745077877,0.9934374578692998,0.996423277876631,0.9978184352643267,0.9986911513832604,0.9984397981423259,0.9968193468684143,0.9992526592307537,0.9992312656751622
FNB,0.9985956740721758,0.999355508695493,0.898581211631059,0.8409629679608697,0.9357616651518098,0.9931073149496548,0.9991992413719681,0.993242998969175,0.991791677423782,0.9874709676391606,0.9998453630236479,0.9976337261684439,0.9988418973511872,0.9983270030669962,0.9815414776929525,0.9954817702986132,0.9918215824883131,0.9984428665258692,0.9969755374352579,0.992582463209582,0.9980480125524352,0.9953247043789045,0.9989472039234509,0.999833397433836,0.9999999999999994,0.9980373585628219,0.9331952859520403,0.9992797542393086,0.9992928212843213,0.9993644209927571,0.993091268315021,0.9003063061222775,0.9960983890883174,0.9994757912645266,0.9905517971243841,0.9962309555984133,0.997960283133711,0.9987701919473042,0.9983998887164496,0.919368526673545,0.996310293055389,0.8981642628722263,0.9933450911273889,0.9948502371648881,0.8080460259043545,0.9972094676937298,0.9995412168838084,0.9988089827226404,0.9989913101814831,0.9997190903867841,0.9995957148673089,0.9601188336919302,0.9956993670029259,0.9908603036658176,0.8966264453175763,0.9994120683023103,0.9981154549022881,0.9943760101124468,0.9922235481841246,0.993994475206306,0.9967669081883399,0.996840163636703,0.9977108436670186,0.9985660583866234,0.9956556657006211,0.9995457765752389,0.9989212282403127
GBCI,0.994553002266741,0.9959687061086567,0.8961599094890798,0.856234740185973,0.9506524706592502,0.9957913829883327,0.9993293899440859,0.9970894901957837,0.997567726061285,0.9911049458887814,0.998075287815744,0.9995985234900697,0.9953902866410782,0.9965011504407373,0.9779524546837395,0.9983648348967671,0.9875608804908419,0.9957540112253354,0.9988113177000225,0.9979775976507999,0.9995990733868396,0.999004689093908,0.9972770136800693,0.9986429441660707,0.9980373585628219,1.0,0.9419758902916653,0.9989954130359466,0.9987406829112185,0.9965292260898739,0.9906249007925776,0.9020843055719617,0.9970831540535168,0.9971494136500293,0.9945650602890869,0.9994039039171847,0.9994474111039742,0.9944785265542109,0.9953859956832655,0.9324064713758824,0.9908893013698837,0.8878227945182757,0.997783568159367,0.9986250058055121,0.8107304028196756,0.9944498440216977,0.9967155133070336,0.9951245598663616,0.9980194442190906,0.9966776599353995,0.9981590620812048,0.9741006324605853,0.9898774300454037,0.9968955318907248,0.8911635816279075,0.9973478079759983,0.993664250141295,0.9984642816800154,0.9874130681915424,0.987107141585574,0.9919617196326168,0.9995717322131642,0.9982762816235047,0.9964173961632423,0.9982016332341996,0.9969486345535691,0.9980042636548915
GS,0.9166727823417377,0.9211440052550676,0.9651394118751353,0.9587689912119909,0.9784433635783438,0.9674386894680831,0.9441745153307569,0.9638404366452104,0.9543477203255236,0.9772711298503894,0.9307315362225405,0.9394258031306789,0.9349720602806265,0.9277821373639225,0.968785517762553,0.9540470874819069,0.9353138061235678,0.9189362181406308,0.9326577686391444,0.9482408851674818,0.933584027774234,0.9502753717077568,0.925162723814295,0.9360064274109818,0.9331952859520403,0.9419758902916653,1.0000000000000002,0.9357291982781993,0.9326187137535749,0.9289569395527029,0.9410669109987293,0.9850507383402168,0.9422521223750936,0.9376106851679527,0.9706383623891777,0.9469339023355393,0.9324888707114495,0.9271004424931871,0.9160234387773032,0.9833246917676038,0.9099096622713383,0.9447543859120331,0.9392146654139607,0.9415814600906625,0.8763249953841802,0.9203928705196295,0.9232408181323314,0.9225783739879206,0.936636539369732,0.9269028153592553,0.9271324537905432,0.9716577346078704,0.9040500578100735,0.9399120260330106,0.9527552610031356,0.9276130758768544,0.9163589335061731,0.95424318682971,0.9353110971882465,0.9359536596391178,0.9114889158243651,0.9430041228367486,0.9428459053133978,0.9180709264458035,0.9567577759967569,0.9328935030167,0.9264030984442445
HBAN,0.9972239232752665,0.9982979425757197,0.8921575763770615,0.8416084846013033,0.9409401234376265,0.9943931562015095,0.9992427815827521,0.9948032787339535,0.9942150132193162,0.9890132459427454,0.9995289428150006,0.999011148341335,0.9982161832026596,0.9981784108402497,0.979898189863329,0.9961255948744473,0.9901443530790618,0.9979794427053161,0.9986755932257197,0.994220359723411,0.9991135055830948,0.997036749903063,0.9982920554450874,0.9995654530435152,0.9992797542393086,0.9989954130359466,0.9357291982781993,1.0,0.9997780597838185,0.9976803625505285,0.9916343068472125,0.9003044718160009,0.9955674827160735,0.9989035998739884,0.9925471654139795,0.9979810679368133,0.9991828259378943,0.9976400770119745,0.9982689029629436,0.9201674187445301,0.9945705077498587,0.8935250229371287,0.9948838870175124,0.9974537367004561,0.8043123262592259,0.9967615121893502,0.9988886326689798,0.9982061820195399,0.998665971331469,0.9984916946653851,0.999544266421437,0.9659211808606215,0.9940887489677385,0.9944864668424164,0.891477084957488,0.9987418831190077,0.9964553223844579,0.996624770440128,0.9898675279817877,0.991068624285863,0.9962809508690306,0.9986483283327978,0.9983856415001647,0.9987456182434116,0.9971232440195217,0.9979357549159508,0.9994011570910346
HBHC,0.9975274758542791,0.998640763219749,0.8886804051741296,0.8370147639672687,0.9379479151258427,0.9935111118103249,0.9989624583689393,0.9941188820450715,0.9939142974758288,0.9878308491360871,0.9996483216037354,0.9990902773061859,0.9981788394080701,0.9988403819276991,0.9783905310517588,0.9959893258963965,0.9906053781253452,0.9986003634764024,0.9988954228483149,0.9940237683067834,0.9990952076845289,0.996952842880276,0.998912541908962,0.9995437109516008,0.9992928212843213,0.9987406829112185,0.9326187137535749,0.9997780597838185,0.9999999999999999,0.9980141617815846,0.9908348515668405,0.895711988494523,0.9962578004521224,0.9988704098325292,0.9915303808433984,0.9978708376654412,0.9990820165173826,0.9976366682320464,0.9984293509758427,0.9175635797317996,0.9954221843850731,0.8901544182384692,0.9954138711935292,0.99738789114972,0.8004282436029035,0.9977071167633951,0.9991256397523378,0.9985069218841327,0.9990422366914237,0.9987555696890601,0.9996601849906226,0.9642098804964859,0.9948762551248969,0.9942250605115899,0.8876001929002635,0.9990943784319019,0.9973037655599428,0.9962478913767082,0.9898106381416104,0.9909706456238865,0.996669778560674,0.9985110380216281,0.9986047877512545,0.9988240285025607,0.9968190264871959,0.9982266859753732,0.9997154362341734
HOMB,0.9989884164963022,0.9992485501368944,0.8993621708935994,0.835532905891207,0.9318548953211404,0.9907924536262009,0.9982268900827105,0.9913578712497336,0.9895556736437723,0.9848825093673106,0.9991733070772886,0.9960406647036534,0.9979770413696047,0.9982664945449549,0.9810660962680157,0.9947177302721375,0.9937648501834816,0.9984450422769565,0.9954888654524717,0.9910422968023398,0.996331571599507,0.9936168667713492,0.9992570747482384,0.9991588581174424,0.9993644209927571,0.9965292260898739,0.9289569395527029,0.9976803625505285,0.9980141617815846,1.0000000000000002,0.9941227644139892,0.896032877342522,0.9968022730813537,0.9989063362949185,0.9878975465120843,0.9944240933027263,0.9966088165778442,0.998542640029019,0.9975191913486421,0.9164911359309428,0.9974927611171418,0.8973463272672535,0.9923888398840481,0.9925085777786883,0.813759470799981,0.9956860133925111,0.9989951177154099,0.9982956994112595,0.998903043183468,0.9997068705133613,0.9988011669571242,0.9543308828638197,0.9965942000211637,0.9876928829234111,0.8985960726412472,0.9995140206425452,0.9988994924278833,0.9920429766366191,0.9942109127749246,0.9946364030759582,0.9961305926194965,0.994876699884573,0.9970808510068803,0.9974705550975033,0.9937961146765206,0.9997939724116968,0.9979788593856187
HTH,0.9931009026302314,0.991987477692815,0.917138846093694,0.8491234566833625,0.9485464287367751,0.989066741292306,0.9938732374725026,0.9894503042333596,0.9843631366497854,0.9854739732624055,0.9926824588906945,0.9889138625198189,0.9938299076038746,0.9911585686749926,0.9883932243003373,0.9921768449403955,0.9953451069950684,0.9901713198631789,0.9879162707093682,0.9850029115670971,0.9881306708974492,0.9879896498484443,0.9920113416831414,0.9936598807253343,0.993091268315021,0.9906249007925776,0.9410669109987293,0.9916343068472125,0.9908348515668405,0.9941227644139892,1.0000000000000002,0.9151075549240758,0.9909531954397887,0.9938275827390668,0.9868622813485518,0.9886144724516376,0.9904995066782843,0.9936720631209081,0.9894765768941691,0.924254476709849,0.9906062754027363,0.9168604007368191,0.9838974735250873,0.9856775211870562,0.8673265482665408,0.9834295262054669,0.991506972623709,0.9913612299166376,0.9930061562692079,0.9928622822383834,0.9919735711199599,0.9512105395756332,0.9892174601301202,0.9796307727669027,0.9292533351143129,0.9934496537267602,0.9913163785655924,0.9875030450787279,0.9981296138046877,0.9922429882090767,0.9876016899606646,0.9886916264641995,0.9921425584511556,0.9892466510970015,0.9901472006889044,0.993832465104231,0.9902269850931427
