Ticker,ABCB,ABTX,AJX,ALTA,ARI,AXP,BAC,BBT,BK,BOH,BOKF,C,CFG,CFR,CIT,CMA,CNND,COF,DFS,EWBC,FCNCA,FFIN,FHB,FITB,FMAO,FMBH,FNB,GBCI,GS,HBAN,HOMB,HTH,HWC,IBKR,IBOC,ISBC,JPM,KEY,LARK,MBWM,MCBC,MS,MTB,NAVI,NKSH,NTRS,OPY,PACW,PBCT,PGC,PNC,PNFP,RF,SCHW,SFBC,SIVB,SLFC,SRCE,STBA,STT,SYF,TCBI,TFSL,TSC,UMBF,UMPQ,USB,WAL,WFC,WSBC,ZION
ABCB,0.9999999999999998,0.9994747393613067,0.9907447247457281,0.9987794595432383,0.9757694978557026,0.9839341664852178,0.9983295426339641,0.9997665612045556,0.9984097175684232,0.9967417502329434,0.9989582165736048,0.9979295239915703,0.9995435631424812,0.998621034758958,0.9991905428073488,0.9973545654642986,0.9984390621377003,0.9985694196487988,0.992421546164038,0.9983564856306425,0.9979945806187794,0.999459912834722,0.9991713027917333,0.998522002123737,0.9989634551691452,0.9990847238662619,0.9993766528367913,0.9997515999473854,0.997485778479504,0.9990561286834535,0.9993306441349972,0.9941537058810253,0.9988573654496388,0.9951717561013212,0.9955587733492445,0.9990343805952615,0.9977476601029373,0.9987313682293872,0.9996790363546596,0.9990338014109688,0.9984930396497146,0.9988405827064556,0.9985989190547427,0.9950483345847891,0.9972430108210691,0.9976253441652416,0.8255046910465581,0.9993144464273419,0.9990765082616245,0.9985046688058569,0.9983356315362473,0.9995117670318606,0.9994805702295353,0.9982010775850657,0.9989919853839483,0.9976804418040078,0.9858584454103814,0.9994996469715047,0.998788168530773,0.9980654525311332,0.9954267373797668,0.997795844394866,0.9986324809816647,0.9968412965692711,0.9987410116002202,0.9979926324117688,0.9971380274796496,0.9981912189391058,0.9979981935574076,0.9990559000752416,0.998700835551962
ABTX,0.9994747393613067,0.9999999999999998,0.9892839430408449,0.999262587237124,0.9736147465604519,0.9785723300574862,0.9993531627111776,0.9998696841921227,0.9991483278700146,0.9978892624859187,0.9991414042443214,0.9988914614599059,0.9999865530202277,0.9994747319678126,0.9996470304881331,0.9978998092427139,0.9985379151470263,0.9973589894642809,0.990469006172497,0.9992216945136688,0.9987250843246323,0.9991728317205896,0.9999330048023484,0.9989363087274745,0.9990901833487734,0.9998768076230842,0.9999131533352096,0.9998887086264805,0.9980326588644876,0.9996262153987198,0.9989323216820983,0.9904475968789268,0.999728886382159,0.9967997351128891,0.9953951441268819,0.9997951421581647,0.9986498458748307,0.9992042543674574,0.9994402681789442,0.999707976811799,0.9994014449843176,0.9990086459390023,0.9989365725764925,0.9966651909428165,0.9975270001630765,0.998443288180764,0.808726906274887,0.999894900455495,0.9999070265248842,0.9995370694133384,0.9986148615177324,0.9997935803069588,0.9998709091072979,0.999404450590361,0.9994363520366701,0.9986900753822623,0.9800481871317356,0.999472034410498,0.9993228595687218,0.9988179161346297,0.9926927955752565,0.99913872949454,0.9996476110916575,0.9985597098759227,0.9993381132887328,0.998417796346759,0.9975021115792166,0.9991422351706697,0.9987611895929517,0.999103092136354,0.9994750490873908
AJX,0.9907447247457281,0.9892839430408449,0.9999999999999999,0.9863413165434639,0.9931209868304649,0.9713602249700016,0.9845574639635294,0.9900984066594641,0.984991036714065,0.979880328030384,0.9876580025032292,0.9835262347677552,0.9895912935734089,0.9857105513869442,0.9862618170368842,0.9843341797024633,0.9829756207334307,0.9908852764735916,0.9791571067195294,0.9852906780343386,0.9827761700582573,0.9916827437692157,0.9885685736955077,0.9865503755420104,0.9893012266545854,0.9869888307208994,0.9906218771070714,0.9892426830422798,0.9815586719060897,0.9862553298714054,0.9935247582923761,0.9843065291462126,0.9859429249812969,0.9776634675482969,0.988967968258075,0.9871608639051648,0.9819974412562885,0.9855493952909866,0.9872385514896612,0.9857717746709361,0.9848073905334872,0.9848170456004847,0.9866665036202225,0.9749720266019413,0.9888540456397616,0.9814658807794931,0.823000660597117,0.988237264933901,0.9886595429514902,0.9846425289829863,0.9875833929246745,0.9917767611858078,0.9875558190941172,0.984681206547365,0.9857334032028036,0.9814026079434301,0.9777342089126062,0.98949763869159,0.9892534858035327,0.9830112014702022,0.9857282808956018,0.9829267351903347,0.9886635646069272,0.9809960799470921,0.984483848915119,0.9840997493534078,0.9831811442006992,0.9842773310691626,0.9841794921058927,0.9938794703111954,0.9850570915385769
ALTA,0.9987794595432383,0.999262587237124,0.9863413165434639,0.9999999999999999,0.9669450747932894,0.9792320840131348,0.9997133572312077,0.9992359422094355,0.9998995479514485,0.9993136635056793,0.9998928319785404,0.9997865579304616,0.9992975460028852,0.9998780345313606,0.9991776352755397,0.9996074057713698,0.9994922239794298,0.9980392884712873,0.9940574864006871,0.9999131691881612,0.9997338535553895,0.9992076194713664,0.9989681549139535,0.9999213326743384,0.9996780939639629,0.9993997042506546,0.9987502588233014,0.9993601709832272,0.9995588258829905,0.998922674385395,0.998500382116493,0.9904762275583335,0.9994506936819826,0.9966643088499546,0.9972621199574111,0.9997576855251044,0.9995717418001868,0.999941321491472,0.9992522401111913,0.9993459320465684,0.9985807330287282,0.9997582630225463,0.9999154960005806,0.9975916057033312,0.9988687773843414,0.9995469315899305,0.811153240936962,0.9989101818744024,0.9988966260478362,0.9994229033884906,0.9997073012739397,0.9990229952935248,0.999237630318952,0.9993682993022022,0.9999067054566857,0.9991282620252153,0.9803745885222348,0.9997120459665901,0.9995501740471777,0.9997455520839739,0.9940692330026956,0.9992774876372358,0.9995115255668635,0.9984101765931729,0.9997643428722881,0.9967225057009292,0.9994388915583649,0.9982088641808866,0.9997493822752177,0.9981618832400148,0.9997595192347566
ARI,0.9757694978557026,0.9736147465604519,0.9931209868304649,0.9669450747932894,1.0,0.9538059109843297,0.9651206525606835,0.9741009353065484,0.9647673676878369,0.9575398075462437,0.9685008190199625,0.9627630953703487,0.97385832788745,0.9666133400237491,0.9688995447654638,0.9625317020477868,0.9623265441452394,0.973402590317657,0.9541703475027328,0.9657297574015852,0.9617762398057376,0.9754572893635408,0.9732540516139551,0.9663861072398153,0.970931660154346,0.9700912940132334,0.9762436523676054,0.9733426174330246,0.9593081754675594,0.9693799976740649,0.978870325591492,0.9686029905935336,0.9682867095113049,0.9568740440325796,0.9687358744319119,0.9694445204602765,0.9609930065520049,0.9656041613704327,0.970220432663695,0.9684702589255193,0.968442558388684,0.9648073139967804,0.9666046379639038,0.9529555076966513,0.9691224421187664,0.9600024271556018,0.8094432106590127,0.9729699144174629,0.9732236226995766,0.9664092042385937,0.967886152856247,0.9768178463242219,0.9712641003442593,0.9659257247882198,0.9666688010082551,0.9613789824339117,0.9637087460409612,0.9717916981486825,0.9714162460150494,0.9622215272132414,0.9667334364343513,0.9637370343749351,0.9714828669108663,0.9619453933500256,0.9652106767994342,0.9698432948917773,0.9604002926851831,0.9682422983763663,0.9631314239613008,0.9798466462282507,0.9660141569416938
AXP,0.9839341664852178,0.9785723300574862,0.9713602249700016,0.9792320840131348,0.9538059109843297,1.0,0.9768269972262522,0.9813561939024646,0.9786528436652314,0.9759717404677277,0.9809782221181804,0.9772244644191557,0.9791686174651317,0.9775023483517479,0.9807967669809022,0.9784208458063431,0.9830237829897608,0.9866170137683918,0.9874812852101603,0.9768352858218351,0.9786209556038309,0.9813330973176919,0.9769179022978991,0.9797644014024472,0.9806081570340739,0.9778835925637578,0.9777261174711511,0.9805108861882575,0.9796356527708883,0.9791193799507631,0.9808245510725463,0.9972162184747403,0.9779558457509947,0.9715197913176731,0.9777968284368043,0.9776995980827364,0.9774711374716286,0.9800503919853303,0.9835582654722971,0.978626810728052,0.976423530033053,0.982267348977142,0.9801852696832251,0.9722593449420512,0.9776054468383308,0.9786999624718937,0.9103446861195089,0.978053821460596,0.9770036949806655,0.9769163423179277,0.9793076897548234,0.9786372586646213,0.9801344639814784,0.975336923436876,0.9801892534188399,0.9765863455370625,0.9969830289728515,0.9818286081620166,0.9786557365943429,0.9790563005121395,0.993093258144206,0.9751023504100442,0.9753131582315123,0.9721498253012185,0.9794839069386915,0.9783464391634613,0.97983107239533,0.9754317789717818,0.9790631546063496,0.9789282972241915,0.9781893739786377
BAC,0.9983295426339641,0.9993531627111776,0.9845574639635294,0.9997133572312077,0.9651206525606835,0.9768269972262522,1.0,0.9991059709532919,0.9998769989740517,0.999538509449313,0.9993507089462912,0.9998956276283139,0.9993076387290879,0.9999535388791062,0.999511956408547,0.9990026380081891,0.9993497728892008,0.9965411484823371,0.9917293573828977,0.9998701694971954,0.999800676929835,0.9983475915252868,0.999298488066106,0.9994846413588843,0.9989788442156823,0.9997194158898333,0.9988498213771734,0.9992499604242296,0.9994178076489122,0.9994150052212906,0.9975547320115229,0.9886030568490036,0.9998166996297592,0.9980910221122196,0.9955179626520618,0.9998438713276991,0.9998133651127866,0.9997849067313638,0.999093014324131,0.999716026720338,0.9992905333527698,0.999578031562671,0.999439514527561,0.9986117339858467,0.9977462673472071,0.9997057954534919,0.8026626282574706,0.9992357903538897,0.9992646434991369,0.9998970391324813,0.9989867940278243,0.9987492636533465,0.9994480433593361,0.9998997448106695,0.9998255127701704,0.9996836625018845,0.9773075946638435,0.9991653048760951,0.9991417681558258,0.9998140498544436,0.991936659506305,0.9998879140967059,0.9995057928776448,0.9994422975284344,0.9998873958598525,0.9976540473990347,0.9988248799910688,0.9990067293141206,0.9996889245918377,0.9975621877185211,0.9999606488908191
BBT,0.9997665612045556,0.9998696841921227,0.9900984066594641,0.9992359422094355,0.9741009353065484,0.9813561939024646,0.9991059709532919,0.9999999999999999,0.9990907242578578,0.997618328472821,0.9993001970912319,0.9987203866753986,0.9999187409033521,0.9992869652478401,0.9996458082761032,0.9979637702706742,0.9987290249565886,0.9981560123080327,0.9917821333637845,0.9990068919062762,0.9986198455743753,0.9994081846280609,0.9996631157924446,0.9990347026269645,0.9992809274519979,0.9996620732671782,0.9997568343655484,0.9998802466556714,0.9980523325013658,0.9994945293567753,0.9991974554509658,0.9922684784397289,0.9995215519284836,0.9962861718922754,0.9958499347930669,0.9996068723300499,0.998444923200452,0.9992370042653899,0.9996178712324724,0.9995052212516343,0.9990064867945816,0.9991663737440127,0.9990627892318451,0.996041042462174,0.9977178001848445,0.9983345556663658,0.8172311969682017,0.9996806854736213,0.9996764508708545,0.9992307304658885,0.9987161848050163,0.9997810822800075,0.9997977915256103,0.9990500541670255,0.9994151763744572,0.9983596060102164,0.9825880241705087,0.9996857765837779,0.9993701390900127,0.9987366829144697,0.9942402853185053,0.998725713330624,0.9993787726208428,0.9979300429187759,0.9992321510731529,0.9981407904090132,0.9976941791951369,0.9986668152141291,0.9987790925369837,0.9992672501594831,0.9993007791456255
BK,0.9984097175684232,0.9991483278700146,0.984991036714065,0.9998995479514485,0.9647673676878369,0.9786528436652314,0.9998769989740517,0.9990907242578578,1.0,0.9995810097870844,0.9997124128379491,0.9999470080700485,0.9991687190785573,0.999925211748532,0.9993296089714029,0.9995189902131885,0.9995914868688026,0.9974251298470902,0.9934848340810356,0.9999003666978235,0.9998796025138398,0.9986854122933149,0.9989186802578508,0.9998361169918686,0.9993931685871473,0.9994571945165289,0.9985731334229061,0.9991442575330706,0.999691698972708,0.9990516677010877,0.9978629894730254,0.9897658068557912,0.9995871912243006,0.9973389969249931,0.9966237928139385,0.9997327531081749,0.999773696809495,0.9999597044688874,0.9991041727254637,0.9994270584813345,0.9987183187699675,0.9997945787608984,0.9998077875048051,0.9981197145786713,0.9984513558591379,0.9997898367862496,0.8088742027718555,0.9988516259919992,0.9989111676544022,0.9996090860634818,0.9994427130283128,0.9987054980648422,0.9992212603398809,0.999581667759057,0.9998993992338195,0.9993883467696959,0.9789745964189497,0.9994523693131634,0.9993867006801279,0.999918550034638,0.9933440267119189,0.9995661191336567,0.9994226937791658,0.9988350235171657,0.9998482168793664,0.9968678718577093,0.9994171434509653,0.9983292167065687,0.9999251432875838,0.9977056259583157,0.999855835263387
BOH,0.9967417502329434,0.9978892624859187,0.979880328030384,0.9993136635056793,0.9575398075462437,0.9759717404677277,0.999538509449313,0.997618328472821,0.9995810097870844,0.9999999999999999,0.9988208376309979,0.9997993072673732,0.9978397598347026,0.9994255398324232,0.9984424620090067,0.9992113141691227,0.9993254084451917,0.9955329810151196,0.9929090615018978,0.9995331590954233,0.9998363484276073,0.9970575961737531,0.9977639115367953,0.9991681213032967,0.9981935294173585,0.9986006839272977,0.997004883030106,0.9979234154092224,0.9998072017733868,0.9982292445841127,0.9958026499523347,0.9872653908511547,0.9988910272095386,0.997782750868682,0.9951589789168779,0.9989614723394555,0.9998671912935476,0.9994494748634207,0.998119582756475,0.998774861110593,0.9981535918089632,0.9993046378863009,0.9991127449761649,0.9991462694458935,0.9972859642134537,0.9998796692880736,0.8012870768325324,0.9977293341942147,0.9976799075386216,0.9991704469810289,0.9986095418117018,0.9970212344222239,0.9982012977707936,0.9992064019578654,0.9993428956893589,0.9995267588225915,0.9759308571347892,0.9982088904591958,0.9981565718485794,0.9997754805950657,0.9914466683176101,0.9994242259978541,0.9983922160877614,0.9989426422245793,0.9994862819795616,0.9960079085649203,0.9992456244790163,0.997842358130555,0.9995556393441106,0.9954648676763027,0.9994335196766827
BOKF,0.9989582165736048,0.9991414042443214,0.9876580025032292,0.9998928319785404,0.9685008190199625,0.9809782221181804,0.9993507089462912,0.9993001970912319,0.9997124128379491,0.9988208376309979,1.0000000000000002,0.9994734756890569,0.9992455336878165,0.9996204273334897,0.9989819367215312,0.9996159301452712,0.9993571032036698,0.9987935407116073,0.9949515914092288,0.9996382883023331,0.9993984649480537,0.9994980668021407,0.9987045829850796,0.9999443276912654,0.9999128072032357,0.9991292763622873,0.9986803344688131,0.9992708817422562,0.9992982751711816,0.998567798213381,0.9989062140334145,0.9916516139400645,0.999168774960373,0.995624648624683,0.9979738082415215,0.9995367496260524,0.9991173417203293,0.9998159976681831,0.999177570777648,0.9989885158874643,0.9980110648062183,0.9996601649935957,0.9999612846756846,0.9965715384102458,0.9992471453356072,0.999194168333539,0.8174846307472408,0.9986369779761691,0.9986859255834498,0.9990066514397062,0.9998344336373627,0.9991134522485036,0.9990428366771341,0.9988833093819938,0.9997365829988728,0.9984995671581105,0.9820258342088963,0.9998801195124314,0.9997200283070083,0.9994790429375549,0.995224693970498,0.998750155015755,0.9993780423353801,0.9976138289872766,0.9994659443312156,0.9961332570471959,0.9994570955619082,0.9975381717133556,0.9996412712341397,0.998550071494935,0.9994292927438535
C,0.9979295239915703,0.9988914614599059,0.9835262347677552,0.9997865579304616,0.9627630953703487,0.9772244644191557,0.9998956276283139,0.9987203866753986,0.9999470080700485,0.9997993072673732,0.9994734756890569,1.0,0.9988803241203782,0.9998817511215662,0.9991428573125533,0.999453281076809,0.9995019376650686,0.9967584706871836,0.9930504459623813,0.9998969152314717,0.9999318105851482,0.9982274373594654,0.9987281767159366,0.9996780709192736,0.9990682044443019,0.999330661416769,0.9982433219007028,0.9988581441368444,0.9997539037457376,0.9989250004479248,0.9972883649677804,0.9886440113789451,0.9995084283396626,0.997684054674463,0.9961591741186606,0.9996210295875441,0.9998912510539398,0.9998625880103666,0.9988279665685682,0.9993455704242421,0.9987074515100224,0.9996589110884204,0.9996373805145069,0.9985831948358159,0.9981343772679407,0.9998732868499998,0.8045941020218397,0.9986567539116566,0.9986976146569226,0.9996115106269817,0.9992265859397906,0.9983120318137113,0.9990129141603201,0.9996279510717624,0.9997913312016942,0.9995501143179867,0.9775522104143148,0.99911318355307,0.9991100364018217,0.9999349130417466,0.9925250857890865,0.9996801997488403,0.9992611806369104,0.9990753716781938,0.9998126294427301,0.9967464223430657,0.9993676303905277,0.9983587899760771,0.9998725971597173,0.9971289028006863,0.9998300689010332
CFG,0.9995435631424812,0.9999865530202277,0.9895912935734089,0.9992975460028852,0.97385832788745,0.9791686174651317,0.9993076387290879,0.9999187409033521,0.9991687190785573,0.9978397598347026,0.9992455336878165,0.9988803241203782,1.0,0.9994581047784475,0.9996324506401711,0.9980042723470691,0.9985792250571526,0.997657433437298,0.990909563698077,0.999207543645067,0.9987045082978109,0.999292961754075,0.9998712228084949,0.9990240404464473,0.9992278986886819,0.9998332511844217,0.9999002218967642,0.9998815811892449,0.9980519316872487,0.9995466351645775,0.999072576084378,0.990830182945994,0.9996967981146723,0.9965352101775208,0.9957135038201337,0.9997764007240652,0.9985906752953836,0.9992393911985379,0.9994498582254382,0.9996369491491167,0.9992457460270129,0.9990510837843836,0.9990318208723268,0.9964338718238966,0.9977287057608621,0.9984272090480513,0.8107443835460142,0.9998284894614082,0.9998663257472364,0.9994603037678635,0.9987276076989102,0.9998387478002836,0.9998425858529671,0.9993068472735059,0.9994457485114782,0.9985592401804274,0.9805847316076693,0.9995751876566332,0.999445189516843,0.9988198769646427,0.9931551029884929,0.9990433037780073,0.9996526692186579,0.9983695240138551,0.9993082157467725,0.9982256155516995,0.9976205295421776,0.9989478154893682,0.9988240560176938,0.9992354234380572,0.9994308773805102
CFR,0.998621034758958,0.9994747319678126,0.9857105513869442,0.9998780345313606,0.9666133400237491,0.9775023483517479,0.9999535388791062,0.9992869652478401,0.999925211748532,0.9994255398324232,0.9996204273334897,0.9998817511215662,0.9994581047784475,1.0000000000000002,0.9994610226144612,0.9992467248020634,0.999367973415885,0.997181962613266,0.9924283664492064,0.9999492911062391,0.9997702707626214,0.9988140869040887,0.9993377876214573,0.9996979715321818,0.9993470406220789,0.9997175730674631,0.999014058396158,0.9994132676578364,0.9994255154767223,0.999315494450782,0.9981041229611313,0.9892400855800184,0.9997793751084499,0.9975293434858219,0.9962894722527473,0.99991810498616,0.9997154012211815,0.9998786197763648,0.9992037424710825,0.9996597421732296,0.9991230564931595,0.9996473068105851,0.9996660696008318,0.9981665157086722,0.9982848270633876,0.9996255703724822,0.8052074360173677,0.9992583579559502,0.9992945043979076,0.999801123854937,0.9993359712509745,0.9990454067861181,0.9994762353715804,0.9997796686414604,0.9999028514571852,0.9994757841146797,0.9783097274948905,0.9994681980935864,0.9994369618771539,0.9997972524205535,0.9926771118060389,0.9997231967928863,0.999671616057127,0.9991194088151579,0.9998749388606422,0.9974035821070254,0.9990285037348694,0.9988062765454672,0.9997378074322578,0.998029234900046,0.9999398788402372
CIT,0.9991905428073488,0.9996470304881331,0.9862618170368842,0.9991776352755397,0.9688995447654638,0.9807967669809022,0.999511956408547,0.9996458082761032,0.9993296089714029,0.9984424620090067,0.9989819367215312,0.9991428573125533,0.9996324506401711,0.9994610226144612,0.9999999999999998,0.9978621696266229,0.9992431058122914,0.9969177846479081,0.991030022598978,0.9991302111900114,0.9991518164050421,0.9983975319517461,0.9995961036299048,0.9988685687999166,0.9986434419551933,0.9998296022571919,0.9993202618216458,0.999614445501251,0.9986059392143445,0.9998716760403408,0.9978533126990962,0.9913498009382788,0.9998346020742441,0.9978075318272909,0.9942838024925095,0.9996241584918467,0.9991236477613888,0.9993749343882575,0.9996477701047597,0.999868542959246,0.9995647437024675,0.9994443661944268,0.9988706081519844,0.9976765782302085,0.9966835695750063,0.9990606435780447,0.8134434384545448,0.9996835561970177,0.9996223511248845,0.9997275246451586,0.998209522561249,0.9990277042615208,0.9999014335443135,0.9995260129285004,0.9995864468127602,0.9992470707948461,0.9808485540873001,0.9991755486031709,0.9988339551260518,0.9992548568771752,0.9930690311384678,0.9994260239898144,0.999064443534637,0.998952867083484,0.9996406950826063,0.998854697177098,0.9977519965321517,0.9992795343716031,0.9990804966474973,0.9980079853848574,0.9996500201002282
CMA,0.9973545654642986,0.9978998092427139,0.9843341797024633,0.9996074057713698,0.9625317020477868,0.9784208458063431,0.9990026380081891,0.9979637702706742,0.9995189902131885,0.9992113141691227,0.9996159301452712,0.999453281076809,0.9980042723470691,0.9992467248020634,0.9978621696266229,1.0,0.9990427177102241,0.9978578927630298,0.9956329922009178,0.9994619721788482,0.9993639094988322,0.9984904075692492,0.9973961282067172,0.9997967306477669,0.9994107529335651,0.9981456390352395,0.9971702835074672,0.9980229227793602,0.9995345923725626,0.9973370182582235,0.9975578071884976,0.98932551847598,0.9983386246580599,0.9951242577540688,0.9982471883775879,0.9988388068280367,0.9990851911780615,0.999514695358223,0.9979984192416492,0.9980302763954794,0.9968349969191775,0.9992461867634029,0.9997799873569989,0.9967865968781758,0.9993238576924421,0.9992485622082324,0.8119868739658561,0.9972419948966937,0.9973688030078798,0.998346351724919,0.9997281793679758,0.9977756674086586,0.9978035964592202,0.9983370110815752,0.9992504086350437,0.9981812117784691,0.9791083012195729,0.9990820329788902,0.9991244167666246,0.9994008048078616,0.9941433759241379,0.9983657412825995,0.9987277322613191,0.9971723034869664,0.9990006649048161,0.9941870080312862,0.9999118268787888,0.9963033054293529,0.9996080850238218,0.9970244873670954,0.9989386768769715
CNND,0.9984390621377003,0.9985379151470263,0.9829756207334307,0.9994922239794298,0.9623265441452394,0.9830237829897608,0.9993497728892008,0.9987290249565886,0.9995914868688026,0.9993254084451917,0.9993571032036698,0.9995019376650686,0.9985792250571526,0.999367973415885,0.9992431058122914,0.9990427177102241,1.0,0.9975445213958901,0.9947241689723334,0.9992992293570673,0.9997302486892844,0.9981590348896717,0.9982188105974156,0.9993915782637647,0.9988246083522493,0.9989368061127545,0.9977705963756073,0.9988414239691404,0.9997376857933343,0.9988620987598046,0.9971519512735184,0.9923525985051643,0.9991221943279156,0.9970851865902108,0.9955771578612035,0.9991262675936364,0.9995874184595716,0.9997097578694957,0.999384544609534,0.9991699345661474,0.9984021993009305,0.9999302953083157,0.9994132206009403,0.9980988404504305,0.9974337070330059,0.9997351758953179,0.8208178309637457,0.9983704005319004,0.9981627440548612,0.9991553566424838,0.998846560174228,0.9978632736662224,0.9989994327737635,0.9989291108869435,0.9997103499003694,0.999268559482836,0.9827514250162493,0.9991088431201139,0.9985414832710454,0.9997537905391128,0.994900231907244,0.999008849698058,0.99831280343778,0.998189071746959,0.99971514060312,0.9970883487444019,0.9992215466224196,0.9980157485426411,0.9995548902644261,0.9966566764932311,0.9995045684226646
COF,0.9985694196487988,0.9973589894642809,0.9908852764735916,0.9980392884712873,0.973402590317657,0.9866170137683918,0.9965411484823371,0.9981560123080327,0.9974251298470902,0.9955329810151196,0.9987935407116073,0.9967584706871836,0.997657433437298,0.997181962613266,0.9969177846479081,0.9978578927630298,0.9975445213958901,0.9999999999999999,0.9966670459156581,0.997183978477446,0.9967847634191226,0.9992151320948495,0.9964866950217586,0.9983604889741684,0.9990646317969513,0.9967669572242276,0.9970573025108339,0.9978448077674672,0.9969086347796162,0.996176146730314,0.9990241873348569,0.9952989959380304,0.9966778878579542,0.9909124071774091,0.9983468965480359,0.9973057474064788,0.9961456086272217,0.9978645081839457,0.9979458810190757,0.9965144275506769,0.9949848612664525,0.9979359733299009,0.9984848808054204,0.9918609419514546,0.9985988541097103,0.996415682104824,0.8400388681074678,0.9965241807557902,0.9964751845957739,0.9961004256796893,0.9986473870171226,0.9980280955667383,0.9971410836174484,0.9957313132444965,0.9977452277044652,0.9951263934841286,0.9884322588592732,0.9990158101095514,0.9984488819692724,0.9969544045681015,0.998206474486528,0.9953594491900154,0.9972024408835376,0.9934161604073238,0.9970833107237159,0.9934392865336521,0.9977833529643558,0.9943186145899935,0.997425141378041,0.9982684503638207,0.9968801066902634
DFS,0.992421546164038,0.990469006172497,0.9791571067195294,0.9940574864006871,0.9541703475027328,0.9874812852101603,0.9917293573828977,0.9917821333637845,0.9934848340810356,0.9929090615018978,0.9949515914092288,0.9930504459623813,0.990909563698077,0.9924283664492064,0.991030022598978,0.9956329922009178,0.9947241689723334,0.9966670459156581,0.9999999999999999,0.9929120042158506,0.993513981385535,0.9939043868235421,0.9890660025425819,0.9948771416987608,0.9947639305958245,0.9904224584892516,0.989211066061405,0.9916132345431786,0.9948122712343002,0.9897733727523605,0.9927157549993345,0.9931261089292375,0.9908040055731047,0.9855153823105371,0.9960842484577042,0.9916990125275462,0.992669164688533,0.9940879247935629,0.992897938897493,0.9905940708067806,0.9880959799130111,0.994501096201536,0.9950549695629773,0.9883863239337918,0.995301289074982,0.9933837452708281,0.8530591699469676,0.9892851391897289,0.9889475276028167,0.9904420179931781,0.9952150950785413,0.9909328958491785,0.9908082082987327,0.9900688250074754,0.9934569021723377,0.9907674265941196,0.9883149427351039,0.9942822285552034,0.9932918591792891,0.9935165268024442,0.9979194271891083,0.9900690041207643,0.9909364539521763,0.9874641480782824,0.9927371057406756,0.9854404226822534,0.9963281291957451,0.987198751408528,0.9940223797557056,0.9907578643512701,0.9920840343854087
EWBC,0.9983564856306425,0.9992216945136688,0.9852906780343386,0.9999131691881612,0.9657297574015852,0.9768352858218351,0.9998701694971954,0.9990068919062762,0.9999003666978235,0.9995331590954233,0.9996382883023331,0.9998969152314717,0.999207543645067,0.9999492911062391,0.9991302111900114,0.9994619721788482,0.9992992293570673,0.997183978477446,0.9929120042158506,0.9999999999999998,0.9997928176535491,0.9987927065330534,0.9990558201470638,0.9997544760265444,0.9993626800022793,0.9994776111723385,0.9986988825067572,0.9992119668925665,0.9995279298097798,0.9989903452293897,0.9980231053403468,0.9887888887178261,0.9995503359867777,0.9972734370340531,0.9966596896082954,0.999803014189029,0.9997289598636374,0.9998534716450976,0.9989908315801885,0.9994315914778525,0.9988260631972035,0.9995761766930333,0.9997222878021712,0.9981607687971804,0.998522363737332,0.999622737532417,0.8038194126673353,0.9989594820321727,0.998965886344235,0.9996083125072259,0.9994761170378811,0.9988443180273531,0.9991906654458637,0.9996313596060281,0.9998343710023699,0.9993953386687552,0.9780537338788388,0.9993938752492805,0.9993709858512144,0.9997689929236768,0.9926687923365763,0.9995838872926778,0.999586558298634,0.99893074294599,0.9997848710687318,0.996871289540435,0.9992403836323646,0.9985181083467982,0.9997117610462752,0.9977958533320385,0.9998415828774577
FCNCA,0.9979945806187794,0.9987250843246323,0.9827761700582573,0.9997338535553895,0.9617762398057376,0.9786209556038309,0.999800676929835,0.9986198455743753,0.9998796025138398,0.9998363484276073,0.9993984649480537,0.9999318105851482,0.9987045082978109,0.9997702707626214,0.9991518164050421,0.9993639094988322,0.9997302486892844,0.9967847634191226,0.993513981385535,0.9997928176535491,0.9999999999999999,0.9981075982674303,0.998545308477998,0.9995845155522369,0.9988916813235181,0.9992027643221879,0.9979906555077037,0.9988418901979425,0.9998889347868256,0.9989481579092625,0.9970773158244322,0.9895330731734988,0.9993809685760744,0.9978080944573482,0.9957832561868795,0.99947846663535,0.9999631675208503,0.9998512482207783,0.9990266326328711,0.9993483724535697,0.998726151397122,0.999791953636097,0.9995566688716166,0.9987927758642129,0.9977971245202906,0.9999542809239499,0.8080727013025558,0.998560302421399,0.9984602246592846,0.999530911306548,0.9990914678049055,0.9980515940063729,0.9989949453481165,0.999506572847696,0.9998112923843964,0.999671344620244,0.9789060048742115,0.9990341674351011,0.9987820191133725,0.9999570828388543,0.9929836270283446,0.9995678067569841,0.9989176519810309,0.9989762821707012,0.999869031197024,0.9969552516397362,0.999378230292246,0.9984101302087381,0.9997756846585334,0.9967260841966438,0.9998095580425882
FFIN,0.999459912834722,0.9991728317205896,0.9916827437692157,0.9992076194713664,0.9754572893635408,0.9813330973176919,0.9983475915252868,0.9994081846280609,0.9986854122933149,0.9970575961737531,0.9994980668021407,0.9982274373594654,0.999292961754075,0.9988140869040887,0.9983975319517461,0.9984904075692492,0.9981590348896717,0.9992151320948495,0.9939043868235421,0.9987927065330534,0.9981075982674303,0.9999999999999999,0.9986994654146883,0.9991819409722453,0.9997107250803807,0.998690353495185,0.999042177109216,0.9993867808419681,0.9977890750605001,0.998138525391582,0.9998650361943382,0.9925169196826439,0.9984821046214197,0.9939719015688263,0.9979486086428123,0.999056874831998,0.9977468967856983,0.9989351803885298,0.9989826353381356,0.9984267399914942,0.9975215588913439,0.9987242448053969,0.9992345154777537,0.9944494034042282,0.9989944539825253,0.997653436039623,0.82067887261209,0.9986381945688834,0.9986010905994114,0.9981333972214226,0.9993644641563367,0.9996078857821072,0.9988092411250866,0.9979883624435446,0.9989816208046817,0.9972053617558866,0.983977216044599,0.9997852787930369,0.9994439840754082,0.9981639122601386,0.9954749163752952,0.9975530454099856,0.9991173694957364,0.9962852792110505,0.9985401236818937,0.9960019049805935,0.9981239848291266,0.997109673060473,0.9983774105353271,0.9994470093016855,0.9985743579504784
FHB,0.9991713027917333,0.9999330048023484,0.9885685736955077,0.9989681549139535,0.9732540516139551,0.9769179022978991,0.999298488066106,0.9996631157924446,0.9989186802578508,0.9977639115367953,0.9987045829850796,0.9987281767159366,0.9998712228084949,0.9993377876214573,0.9995961036299048,0.9973961282067172,0.9982188105974156,0.9964866950217586,0.9890660025425819,0.9990558201470638,0.998545308477998,0.9986994654146883,1.0000000000000002,0.9985283114667064,0.9985964153005904,0.9998788351189949,0.9998752985715561,0.9997507170363876,0.9977238255437482,0.9997065851910228,0.9984539226106439,0.9892873721663107,0.9997175605460564,0.9972734958280954,0.9944091754059271,0.9996993539575496,0.9985636854830853,0.9989243848250874,0.999229424552993,0.9997393724865629,0.999635226251297,0.998697643629916,0.9985135026921124,0.9969515965376997,0.9968383848274954,0.9982666088813217,0.8035424301809491,0.999963426216576,0.999955512105606,0.9995816408773254,0.998111256546213,0.9995917712790683,0.9998324766604275,0.9994910063418782,0.9992177415712917,0.9987838716013554,0.9785000525780387,0.9990629302131473,0.9989490698291893,0.9986063239098371,0.9914318149706586,0.9992344478665722,0.9995224996877928,0.9988753816744725,0.9992114932095676,0.9987703915733985,0.9969567194102679,0.9994546687661824,0.9984556828061791,0.9987367308905575,0.9993969536712489
FITB,0.998522002123737,0.9989363087274745,0.9865503755420104,0.9999213326743384,0.9663861072398153,0.9797644014024472,0.9994846413588843,0.9990347026269645,0.9998361169918686,0.9991681213032967,0.9999443276912654,0.9996780709192736,0.9990240404464473,0.9996979715321818,0.9988685687999166,0.9997967306477669,0.9993915782637647,0.9983604889741684,0.9948771416987608,0.9997544760265444,0.9995845155522369,0.9991819409722453,0.9985283114667064,1.0,0.9997891163437788,0.9990518517512219,0.998391482174251,0.9990236226117036,0.9995276335145976,0.9984702313662839,0.9984654786918691,0.990657999621044,0.9991485261430745,0.9960267944914026,0.997898725294778,0.999508448129566,0.9993434598668676,0.9998763896025503,0.998934634728634,0.9989283241606911,0.9979509017827821,0.999669012064383,0.9999958898931078,0.997021228061305,0.9992328672050702,0.9994146860612176,0.813923123673978,0.9984301901798821,0.9985166901756912,0.9990624558697299,0.9998372836011685,0.9988175663462968,0.9988577730384235,0.9990193636103826,0.9997365685822945,0.9986963033198384,0.98059733370095,0.9996973598931213,0.9996243345391613,0.9996381901355692,0.9946075818668386,0.9989250764077905,0.9993512909396352,0.9978694283500527,0.9995135408891341,0.9958605642275309,0.9996724898644915,0.9974786259763707,0.9998061605291517,0.9981307644661843,0.9994974690769571
FMAO,0.9989634551691452,0.9990901833487734,0.9893012266545854,0.9996780939639629,0.970931660154346,0.9806081570340739,0.9989788442156823,0.9992809274519979,0.9993931685871473,0.9981935294173585,0.9999128072032357,0.9990682044443019,0.9992278986886819,0.9993470406220789,0.9986434419551933,0.9994107529335651,0.9988246083522493,0.9990646317969513,0.9947639305958245,0.9993626800022793,0.9988916813235181,0.9997107250803807,0.9985964153005904,0.9997891163437788,0.9999999999999999,0.9989013877980201,0.9987618275300213,0.9991624859146463,0.9987448790175373,0.9981918475905527,0.9993026168077952,0.9915423446485658,0.9988843548317103,0.994674102904111,0.9984686392377458,0.9993507895059801,0.9985445371968862,0.9995129866118636,0.9988689892346725,0.9986213911245947,0.9975588429923652,0.9992564651913214,0.9998124079321662,0.9955437175388345,0.9995230439309448,0.9986179549447616,0.8179631406113947,0.9984662821778072,0.9986056216544863,0.9986155352878376,0.9998268485366542,0.9993045976982918,0.9988056987851187,0.9984905732445787,0.9994191009133057,0.9978289598746716,0.9820255405137924,0.9998837052818309,0.9998449301231408,0.9990166816146048,0.9953074958536533,0.9982777017958114,0.999407623136039,0.996996247752988,0.9990380795324431,0.9955824037386265,0.9991416934270704,0.9970411969905573,0.9993191766334124,0.9990187352348943,0.9990503967334449
FMBH,0.9990847238662619,0.9998768076230842,0.9869888307208994,0.9993997042506546,0.9700912940132334,0.9778835925637578,0.9997194158898333,0.9996620732671782,0.9994571945165289,0.9986006839272977,0.9991292763622873,0.999330661416769,0.9998332511844217,0.9997175730674631,0.9998296022571919,0.9981456390352395,0.9989368061127545,0.9967669572242276,0.9904224584892516,0.9994776111723385,0.9992027643221879,0.998690353495185,0.9998788351189949,0.9990518517512219,0.9989013877980201,1.0000000000000002,0.9996353977631561,0.9997302292981731,0.9985700722020725,0.9998047830233142,0.9982231176474478,0.9896691856002997,0.9999587715917772,0.9977180189337597,0.9948996470800998,0.9998998486287742,0.9992045147740087,0.99943975466667,0.9994284027848415,0.9999247115652428,0.999673108878942,0.9992771471692037,0.9990327706045504,0.997740410749098,0.9972603908290587,0.9990318843855691,0.8055948091261961,0.9998550602223649,0.9998641016005912,0.9998840570839607,0.9985605718121802,0.9993928282730572,0.9999041029613329,0.999775071826993,0.9996440932302145,0.9992922787165771,0.9787321949644614,0.999285931648667,0.9991858709012901,0.9992793850502002,0.9921014948004993,0.9996483293124897,0.9996043538457294,0.9992237196984209,0.9996673531770803,0.9986037298749423,0.9978431200867133,0.9994288361137826,0.9991367137891868,0.9984217080322433,0.9997788974312838
FNB,0.9993766528367913,0.9999131533352096,0.9906218771070714,0.9987502588233014,0.9762436523676054,0.9777261174711511,0.9988498213771734,0.9997568343655484,0.9985731334229061,0.997004883030106,0.9986803344688131,0.9982433219007028,0.9999002218967642,0.999014058396158,0.9993202618216458,0.9971702835074672,0.9977705963756073,0.9970573025108339,0.989211066061405,0.9986988825067572,0.9979906555077037,0.999042177109216,0.9998752985715561,0.998391482174251,0.9987618275300213,0.9996353977631561,1.0,0.9997167224026275,0.9971457546282302,0.9993464402271799,0.9990083218702476,0.9899889691507008,0.9994032299292696,0.9961155223874273,0.9950001462673577,0.9994821745445831,0.997905582703601,0.998633989159383,0.9990593883210314,0.9993618852542221,0.9991283298126552,0.9983667660089673,0.9983928981605019,0.995696256812633,0.9971447338278504,0.9976440353631881,0.8074958983361554,0.9998004738281511,0.9998732191458359,0.9991301586914619,0.9981265805518088,0.9998464337876525,0.999645848790275,0.9989912006966805,0.9989214165634931,0.9980104343433829,0.9795096896867526,0.999172737159862,0.9990987773584923,0.9981216565010796,0.9920431775688404,0.9986367739074632,0.9994878502772128,0.9980620424056565,0.9987759755307442,0.9982689401863123,0.9966464165678328,0.9988774617174085,0.9981183907569637,0.9993378087375738,0.9989814706428783
GBCI,0.9997515999473854,0.9998887086264805,0.9892426830422798,0.9993601709832272,0.9733426174330246,0.9805108861882575,0.9992499604242296,0.9998802466556714,0.9991442575330706,0.9979234154092224,0.9992708817422562,0.9988581441368444,0.9998815811892449,0.9994132676578364,0.999614445501251,0.9980229227793602,0.9988414239691404,0.9978448077674672,0.9916132345431786,0.9992119668925665,0.9988418901979425,0.9993867808419681,0.9997507170363876,0.9990236226117036,0.9991624859146463,0.9997302292981731,0.9997167224026275,1.0,0.9982642120109724,0.9996134140971003,0.999085243261691,0.9918530143653662,0.9995603653467,0.9966956024547284,0.9955462089496258,0.9997058882846355,0.9987342734084573,0.9993025896461217,0.9997652422040811,0.9996886030666201,0.9993271385237393,0.9992433301639319,0.9990485618438363,0.9966849357667152,0.9975548693369749,0.9985199682326057,0.8140081128158329,0.9998067132496935,0.9996387630872601,0.9993890631488387,0.9987500722923024,0.9997054832236962,0.9998700960378716,0.9992311380005071,0.9995413834652758,0.9987540832438788,0.9823480729015559,0.9996154188958931,0.9991543217207851,0.998859485228719,0.9937810947715372,0.9989196898711112,0.9993771983374188,0.9982647776518893,0.9994265727962905,0.998479164751744,0.9977335219323846,0.9990974308621238,0.9987122033592061,0.998944587059036,0.9994766986250345
GS,0.997485778479504,0.9980326588644876,0.9815586719060897,0.9995588258829905,0.9593081754675594,0.9796356527708883,0.9994178076489122,0.9980523325013658,0.999691698972708,0.9998072017733868,0.9992982751711816,0.9997539037457376,0.9980519316872487,0.9994255154767223,0.9986059392143445,0.9995345923725626,0.9997376857933343,0.9969086347796162,0.9948122712343002,0.9995279298097798,0.9998889347868256,0.9977890750605001,0.9977238255437482,0.9995276335145976,0.9987448790175373,0.9985700722020725,0.9971457546282302,0.9982642120109724,0.9999999999999999,0.9982655028462067,0.9966112047171388,0.9899105951963091,0.9988251394598296,0.9971209908992857,0.9961242476104397,0.9989904813806555,0.9997852061563425,0.999700909229237,0.9986487510485188,0.998762352250835,0.9979174883187711,0.9997029410274606,0.9995121690172503,0.9984782966019032,0.9978754947513618,0.9998847816031347,0.8121201442600304,0.9977608620093485,0.9976371441814446,0.9989871591549376,0.9990721838810526,0.9973737340300958,0.9983722841531232,0.9989413713374405,0.9995629535571922,0.9992921382935325,0.9796791377480385,0.9987851399535799,0.9984707212722463,0.9998408828933596,0.9936825470404184,0.999063531874842,0.9983487305360746,0.9982884056684033,0.9995776585311362,0.9959278846425842,0.9996735945710603,0.9975328406123514,0.9997018292743333,0.9960520243719834,0.999433351313734
