Ticker,ABCB,ABTX,AJX,ALTA,ARI,AXP,BAC,BBT,BK,BOH,BOKF,C,CFG,CFR,CIT,CMA,CNND,COF,DFS,EWBC,FCNCA,FFIN,FHB,FITB,FMAO,FMBH,FNB,GBCI,GS,HBAN,HBHC,HOMB,HTH,IBKR,IBOC,ISBC,JPM,KEY,LARK,MBWM,MCBC,MS,MTB,NAVI,NKSH,NTRS,OPY,PACW,PBCT,PGC,PNC,PNFP,RF,SCHW,SFBC,SIVB,SLFC,SRCE,STBA,STT,SYF,TCBI,TFSL,TSC,UMBF,USB,WAL,WFC,WSBC,ZION
ABCB,0.9999999999999999,0.9996765765566947,0.8263209907044489,0.9897119822301994,0.6668806100612532,0.9315255560679091,0.9626108114196305,0.9961680256473441,0.9264401187751989,0.9918024282491771,0.9888871289185536,0.9530173172094543,0.9994461865945635,0.9803310023755424,0.9979348413454777,0.994638761129347,0.9645350001206842,0.9945226590961639,0.9881514323860474,0.9982519297763801,0.9964851925181967,0.994143776795488,0.9952336897573439,0.9927456763007944,0.9988766541359319,0.9993936693681116,0.9992876934822479,0.9965162678231241,0.8226276631346119,0.9985971672841633,0.9986416675538431,0.9989873226018954,0.976969857851463,0.6775997682841366,0.9899412728576762,0.9960820677878688,0.954959946607573,0.9959711223458276,0.9972980073718121,0.999008208847987,0.9901866575259844,0.8149896403196834,0.9987881996441056,0.8194261586173309,0.9924475580752331,0.9436904002395323,0.6415179610383048,0.9932676469088496,0.9995623261120911,0.9989373424411574,0.9903507904021347,0.9989584633429958,0.9963487608829386,0.8929031165170187,0.9992250918675734,0.9766720963875108,0.816115902593529,0.9994766268487123,0.9986934496242085,0.9145171756853605,0.9897562075273246,0.9971430759528078,0.9838500664116577,0.995483670707611,0.9891328215831116,0.9918415041172816,0.9978614479540544,0.9847489982248053,0.9984915519140573,0.9985540651700344
ABTX,0.9996765765566947,1.0,0.8251184018460236,0.9885707412510256,0.6590428064867394,0.9240184103045413,0.9602633731633812,0.9951566755233563,0.9223752370326884,0.9915174015834938,0.9874330406321058,0.9503684327000126,0.9994195328598403,0.9788873119349806,0.9974055344139482,0.9942311092480345,0.9646622232758861,0.9929121153996784,0.9867802016315479,0.9985611277499747,0.996358675874298,0.9949003471713738,0.9947394599800221,0.991782641191553,0.9987237431509651,0.9991720023785373,0.9992263207436325,0.995673613173301,0.817442060897374,0.998369303896301,0.9986534594225653,0.9985930670410286,0.9722120831588981,0.6724126076960835,0.9887136195247891,0.9969822799049824,0.9522830749921459,0.9953482753742533,0.9963672554386258,0.9993157432252086,0.9894103451822116,0.80889534901701,0.9987824364610982,0.8213670103603135,0.991666244757227,0.9408204584580195,0.6258206006578089,0.9946204052889885,0.9998285999277348,0.9996483439823345,0.9891980540488683,0.9987576333876811,0.9956055230424992,0.8888042960763705,0.9993908831281898,0.9751995352563818,0.8121581350817463,0.9995155537980156,0.9992599718902246,0.9106878012934043,0.9877440300056544,0.9972542049158333,0.9853925966605931,0.9971369183338505,0.9879274683354233,0.9908968957303976,0.9981126423011039,0.9832869055037617,0.9981016649875644,0.9986501322403974
AJX,0.8263209907044489,0.8251184018460236,0.9999999999999998,0.782186643259328,0.8312041877574133,0.8659565717185337,0.8142773357534574,0.8276337858252538,0.7494872838871567,0.7786299374470614,0.8005189147188128,0.8322132739358942,0.8286271941453498,0.7706534245605566,0.8378859128020303,0.7985613330394569,0.9357090886726256,0.8426469120389446,0.8656150489576846,0.805954963779345,0.7951575402025475,0.8539512916232364,0.7970390396192749,0.8126848152670958,0.8170597093688161,0.8358868480440497,0.8338412580172772,0.812506657052735,0.8549746581145744,0.8193643251836418,0.8176963950924667,0.8418394897694538,0.8361020209229106,0.8222422142000091,0.8237503001754359,0.8554973352210881,0.8095714774401002,0.812842234708603,0.8029784120170482,0.8412449024010459,0.7790254489786685,0.8117737367872082,0.8184095514033451,0.9767837656277252,0.7979035124643229,0.7147720636153498,0.77081656229424,0.8064714025862277,0.8246761889481082,0.8292534303240443,0.8070374543476968,0.8304684024126799,0.80657737644095,0.7155195681128496,0.8125454211615327,0.7501144795885614,0.9780812060074373,0.8313712819482103,0.8264302510481885,0.6993008783539427,0.8761430598824197,0.8083763409619664,0.8899787475476416,0.8220248139384501,0.7929898884948507,0.8117570576438413,0.799747137064746,0.8123286511786838,0.8451015476487401,0.8087901356147581
ALTA,0.9897119822301994,0.9885707412510256,0.782186643259328,1.0,0.6902584785575685,0.9374419609591902,0.9841403175972334,0.9962674364976356,0.9658744334254484,0.9987494221151678,0.9992237916705703,0.9747861041996709,0.9918790075891831,0.9980614392197334,0.9925347260482612,0.9979588064616345,0.9335140947399508,0.9932968781738052,0.9754439767563167,0.9939045214554383,0.9967581640792628,0.9707372197262186,0.9980478929371752,0.9984813399835498,0.9933871907709683,0.9913464332846447,0.9912324458959515,0.997603914754326,0.8532276687815514,0.9939262244944562,0.9940042725129122,0.989805081470613,0.9831527017436358,0.7077041986549943,0.9950048186211281,0.9762949768816501,0.9795402641886574,0.997665159704854,0.9971152867321901,0.986353713564596,0.9985384506949483,0.85572337390517,0.9922788790072277,0.7592699125690546,0.9984641163376582,0.9803124559293271,0.6220842459180514,0.9894180622254873,0.9901226865926508,0.9863174895479414,0.9988671161743865,0.99316504530813,0.9976044727562325,0.9417750246633078,0.9910308867139627,0.9966609639827843,0.7624440246535193,0.9883245580487804,0.985659001114517,0.9606047173026995,0.9736217451308922,0.9959954138677432,0.9534149126980602,0.9770036158414191,0.9993390015478173,0.9977893430294925,0.9930365235794628,0.9966261523046372,0.990309221846325,0.9944768294272892
ARI,0.6668806100612532,0.6590428064867394,0.8312041877574133,0.6902584785575685,0.9999999999999999,0.8245276111300762,0.7916734788439806,0.7123692473258716,0.7956763038066081,0.6639430486370556,0.7143187416062488,0.8162715406449055,0.6784149210841058,0.7107317023728222,0.7005102887549899,0.672394462440044,0.7254292258064928,0.7224563431426537,0.6890088293723517,0.6539048966271407,0.6587405996801277,0.6430677346852857,0.6846893795236928,0.7067344278012745,0.6651799590168206,0.6860874966466588,0.6864995754399584,0.6961986238268312,0.9314852951091565,0.6795925948385383,0.6749267074728169,0.6899059076016113,0.7652720399880196,0.952438562534546,0.7137153165782525,0.6587702206122847,0.7981318330921794,0.6902548878800525,0.6776964885262146,0.6722535887011213,0.6862642060333605,0.9288306131000135,0.659951355885238,0.7088461754181249,0.6856586198040203,0.7282832872199608,0.7228136786956603,0.6666106759190108,0.667036466963057,0.654245110967676,0.7116911348692648,0.6897226177384556,0.6903671077488656,0.8078631983594251,0.6485166137668071,0.694801427341432,0.7639842178990219,0.662194675636611,0.6464348798444258,0.7609996880832611,0.7042711895003251,0.6740731829613421,0.6629041440441464,0.6186343641951514,0.7056740841844759,0.700717896852616,0.6544586614784,0.7349544310833224,0.7003923428362094,0.662093272213721
AXP,0.9315255560679091,0.9240184103045413,0.8659565717185337,0.9374419609591902,0.8245276111300762,1.0000000000000002,0.9604701251827493,0.9481733928307319,0.9467887538580446,0.9283836899377917,0.9480700365870248,0.9659608758482486,0.9330479067619204,0.9390323744084385,0.9448789880811119,0.9338877918358858,0.9336495552484231,0.9569919332676763,0.9510288838688333,0.9236701489284826,0.9288497315885008,0.9142256337415401,0.9323649575525061,0.9464669968217863,0.9306491727841067,0.9369439067707678,0.9336444694199038,0.9411027986094798,0.9335210948767358,0.935130402812942,0.9317133417345184,0.937025975324199,0.984302757810724,0.8366519532052296,0.9476398565320848,0.9205737926763474,0.9615167267377291,0.9414817514581648,0.9381047647497139,0.9304569975338945,0.931977206145626,0.9293391323514534,0.9298748755415566,0.8179814987843069,0.9360970307506501,0.9298558231128861,0.8420827590182604,0.9112688015291004,0.9262920911520823,0.9218510173439408,0.9464150417517295,0.9354216007800706,0.938434289114662,0.9237833215565969,0.9244914675100788,0.9323954501530319,0.8744017581282757,0.9294279473393222,0.9194465477187008,0.9248866591733644,0.9571778990183921,0.9306029955105327,0.9093077374512989,0.902709912100654,0.9440134882639438,0.9467831981641862,0.9210735292034634,0.9544717433665135,0.9393004261570275,0.9280272948791441
BAC,0.9626108114196305,0.9602633731633812,0.8142773357534574,0.9841403175972334,0.7916734788439806,0.9604701251827493,1.0,0.9825581439913569,0.9907551557134807,0.9783031939675668,0.9892006535056832,0.9984729108505206,0.9689847077418408,0.9907100372163383,0.9761748841473549,0.9769283693837458,0.9258502879978758,0.980994415031835,0.9564152469982479,0.9668025779713195,0.9726213214763231,0.9368856540121785,0.9787231326523976,0.9859066303800349,0.9672826859161396,0.9697081008388538,0.9693107749911412,0.9801701421533305,0.9291088407458203,0.9728275872779585,0.9716197302592698,0.9671540810142883,0.9840747969643281,0.8177318707424904,0.9818925893741035,0.9479932203407682,0.9994934397414449,0.9804930138369071,0.9754020835555761,0.9620911679398948,0.9823703434084966,0.9326405038528506,0.9656911298364304,0.7718903138249591,0.9794530761618141,0.9875899335667198,0.6614991756339424,0.9665415231737482,0.9641093863306884,0.9582544611244435,0.9876263685575845,0.9722012046270917,0.9793003922202862,0.9781398501640411,0.961573317939137,0.9876149959799496,0.7813067239711204,0.9607055328460882,0.9542714177808223,0.9817145074094653,0.9555730322770664,0.9750922051442314,0.9262387836888861,0.9416673619983545,0.9883800836872495,0.984816995037879,0.9661667346855998,0.9939215976904218,0.9704680575198255,0.96946062760101
BBT,0.9961680256473441,0.9951566755233563,0.8276337858252538,0.9962674364976356,0.7123692473258716,0.9481733928307319,0.9825581439913569,1.0000000000000002,0.9550981025386955,0.9956826379677246,0.9972306341270797,0.975299123551246,0.997807462231328,0.9920093281752272,0.9990225259159273,0.9971115588270294,0.9589219243276002,0.9982590824759456,0.9854215949237273,0.9962947387326285,0.9969974963947736,0.9835351009172186,0.9983014728655529,0.9986942458878695,0.9968839793193596,0.9979714584872599,0.9978327437947402,0.9995347799966489,0.8628128690763545,0.9984838491691527,0.9981523272320748,0.9968890382496396,0.9872894247290899,0.7269754127526161,0.9954420449921423,0.9884274066028402,0.9770797298899696,0.9991395982977884,0.9985532343948348,0.9951255396030266,0.9960735098716944,0.8591079071468334,0.9962358381443993,0.8085974161987755,0.9965244112628484,0.9660721833690413,0.6523010522643417,0.9930343485688568,0.9963585103235245,0.9938877704086828,0.9976545406123961,0.9985554467745151,0.9991896459431204,0.928140135680532,0.9952582785402637,0.9885571564073035,0.8096847848548293,0.9950693937094848,0.9924770994302681,0.9442256039842665,0.9863891486108921,0.9982322931679308,0.9727437132277849,0.9860815567351706,0.9971479247930949,0.9976280178678112,0.995930881236838,0.9957868514081918,0.9976404373329968,0.9973843038561424
BK,0.9264401187751989,0.9223752370326884,0.7494872838871567,0.9658744334254484,0.7956763038066081,0.9467887538580446,0.9907551557134807,0.9550981025386955,1.0000000000000002,0.9558340667475405,0.9708310641125333,0.9891636964201983,0.9341221834286277,0.9787605538154341,0.9432911637367273,0.9514979757663182,0.8692240663188079,0.9530783976312351,0.9181309790762798,0.9343128558334043,0.9444941592434402,0.8882167644670519,0.9534871059589953,0.9627796343976547,0.9345493964489052,0.9346150085330795,0.9341464110625158,0.9536689596568965,0.9295877705115473,0.9405954967210255,0.9391378130721549,0.9315669185940662,0.9671665004561502,0.8187074888926426,0.9586494226359973,0.9014875647376845,0.9930116752326125,0.9537457772162662,0.9483461349992822,0.9223099939320427,0.9621426462555878,0.9439393975663616,0.9317331059401489,0.688925173882937,0.956986203997168,0.9937252323889367,0.6469845190410802,0.9331002043218117,0.9275844596152728,0.9182099783952034,0.9671684965429137,0.9390568039517596,0.9529485883244808,0.9955468950705768,0.92631849648785,0.9779055450370757,0.7138234126466959,0.9229451068466991,0.9144458904235209,0.9970954342478651,0.9158828809105254,0.9451629744844153,0.8696924574066034,0.8957534196104104,0.969613533495288,0.9616218975055059,0.9337284611444339,0.976066164189828,0.9355499891132032,0.9374499903309936
BOH,0.9918024282491771,0.9915174015834938,0.7786299374470614,0.9987494221151678,0.6639430486370556,0.9283836899377917,0.9783031939675668,0.9956826379677246,0.9558340667475405,1.0000000000000002,0.9972182043084472,0.9681571209776214,0.9938269986277405,0.9953310550515914,0.9936722683799956,0.9989193597036093,0.937382938239494,0.9920080190138385,0.9774637376066757,0.9966485724740366,0.9988846080181727,0.9755016302603133,0.9981209907956278,0.9978031794255288,0.9952653659912652,0.9929109143749711,0.9926534739766778,0.9974074669948348,0.8392192894336864,0.9957266451873443,0.995937411726882,0.9906729848819179,0.9776405527558288,0.6915536571430412,0.9932000276872822,0.9808924296212674,0.9732148578538274,0.9982793478740708,0.9976830176417728,0.9895727758920628,0.9980482247841674,0.8393530482024166,0.9948500918951113,0.7663404655930164,0.9978089760130822,0.973848680466026,0.6066721587671343,0.9918715799622644,0.9926433987208361,0.9903150808314845,0.9973344006645425,0.9941084640830524,0.9976844915298946,0.9299274995378087,0.9941910446018932,0.9943735759703012,0.7615114733060444,0.9911315754223606,0.9893345467912178,0.9509146315816802,0.9745389810150804,0.9979261389417384,0.9591496594356542,0.9835438308442228,0.9980826874123432,0.9976287713084008,0.9956987790822892,0.9943753940377733,0.9907581049562383,0.9968890678170088
BOKF,0.9888871289185536,0.9874330406321058,0.8005189147188128,0.9992237916705703,0.7143187416062488,0.9480700365870248,0.9892006535056832,0.9972306341270797,0.9708310641125333,0.9972182043084472,1.0,0.9819428117818088,0.991592678062673,0.9980367133856625,0.9935352040557682,0.9972276314869498,0.9407945802979822,0.9955401394165525,0.9786199845124386,0.9923423355398637,0.995282651304742,0.970439426018723,0.996923821743243,0.9993175205535535,0.9925300484694134,0.9915452277098619,0.9911590445411498,0.9974295239664331,0.871880104794745,0.9934608933153224,0.9934067578955438,0.9901977296695146,0.9877045550824763,0.7328778322347208,0.9966243264378176,0.9765508178778085,0.9852424102605145,0.9977845520887328,0.9961449834274956,0.9863965837328315,0.9971900238268362,0.8729371552902174,0.9914754828926151,0.774689700478889,0.9980411068675413,0.9811342791198701,0.6429168649203313,0.9881187331661156,0.9891902401996626,0.9854269100012969,0.9997267955265714,0.9931549560324918,0.9970825181574224,0.9473784099101875,0.9895044754598817,0.995687871626525,0.7799989729330545,0.9877825181170219,0.9844601883408947,0.9633806536713515,0.9770883479557243,0.9952044020708883,0.9555150978712031,0.9749262300011395,0.9995373088981987,0.9987532537833714,0.9909193664631624,0.998923521711345,0.9911128302630018,0.9932488027499617
C,0.9530173172094543,0.9503684327000126,0.8322132739358942,0.9747861041996709,0.8162715406449055,0.9659608758482486,0.9984729108505206,0.975299123551246,0.9891636964201983,0.9681571209776214,0.9819428117818088,0.9999999999999999,0.9601709858654157,0.9822750968233014,0.969018841139188,0.967971457840381,0.9281652348305779,0.9756550607255338,0.9533233335326738,0.9566135498749807,0.9624968431927284,0.9285803441339346,0.9686125802483144,0.9788543988593932,0.957982632070411,0.961577627627888,0.9607085898015567,0.9714247887915529,0.9472064320670481,0.9637068568526332,0.9623622421547487,0.9593546099235384,0.9813447228105012,0.8454146897050232,0.9762326619462826,0.940328824158362,0.9989935722285866,0.9724293504582532,0.9655711442948022,0.9538670698736753,0.9719124778685069,0.9483683972538797,0.9565629567501925,0.7869944626452772,0.9708695002144987,0.9803823881785859,0.6823527759075243,0.9561290346668658,0.9543872660513987,0.9488237835815939,0.9806257842684224,0.9637485724557424,0.9699691256390648,0.9774002690853978,0.9513415163758492,0.9778925852545514,0.7984816230223939,0.9518201734065551,0.9445663554172808,0.9771858746985052,0.9522563902054406,0.965720194914247,0.9213554655174707,0.930856163552564,0.9802437486231452,0.9781655627816779,0.954843218225845,0.9887477884918281,0.9631005557005331,0.9595313491520885
CFG,0.9994461865945635,0.9994195328598403,0.8286271941453498,0.9918790075891831,0.6784149210841058,0.9330479067619204,0.9689847077418408,0.997807462231328,0.9341221834286277,0.9938269986277405,0.991592678062673,0.9601709858654157,1.0,0.9840812082766327,0.9991534087203117,0.9961146838866433,0.9648284948181963,0.9958104283390589,0.9875584335553199,0.998785578103983,0.9975114836722172,0.9922466987045699,0.9968025547158954,0.9951073368392362,0.9990576840243631,0.999864757904717,0.9998378408418857,0.9978468443324335,0.8348463203150822,0.99947537084118,0.9996500712361169,0.9990266360931717,0.9779130162712751,0.6936880299897302,0.9918926880206115,0.9954647148823772,0.9618482649653955,0.997641635339499,0.9978965302201407,0.9991370053400768,0.9924406165680988,0.8275242519535719,0.9989546143877448,0.8204601769746752,0.9940971955885445,0.9498872017583074,0.6349176992746314,0.9955562869602336,0.9997491499257382,0.9989439759034136,0.9929601066909876,0.9997381449037075,0.9977440077028747,0.9028442976908316,0.9989808400788168,0.9803770583411843,0.8135707308844884,0.9990665240882605,0.9980977138770067,0.9225244412918517,0.9884784998958632,0.9986923704672972,0.9828335061069877,0.9947257529520704,0.991919389135649,0.9941996491195848,0.998300539307017,0.9886295258501643,0.9990335067912086,0.9992603728098219
CFR,0.9803310023755424,0.9788873119349806,0.7706534245605566,0.9980614392197334,0.7107317023728222,0.9390323744084385,0.9907100372163383,0.9920093281752272,0.9787605538154341,0.9953310550515914,0.9980367133856625,0.9822750968233014,0.9840812082766327,1.0000000000000002,0.9864441667797361,0.9927582936835666,0.920192288146879,0.9879503355983801,0.9642935750639764,0.9860553216162382,0.9907915095913711,0.9558190307210797,0.9941375339954491,0.9955009387630432,0.984989769318202,0.98341032905797,0.9834907842905836,0.9931227731579574,0.8707364526081193,0.9875507223099138,0.98727012393794,0.9809125883242269,0.9820214166841928,0.7321861520114475,0.9905198651617588,0.9637573875419497,0.987500901047939,0.9930462229162742,0.9916056225203771,0.9768750642329949,0.9970428463259055,0.876804244879799,0.9834973705799327,0.7408375247145896,0.9940344027954106,0.9901393864449594,0.6154072112649102,0.9835759965580123,0.9814723527698223,0.9763112970611221,0.9967413203238631,0.9860233957852479,0.9932969971531767,0.9601453193702639,0.9816787854971135,0.9993173817807545,0.7451064680291449,0.978171460838027,0.9743995240465252,0.9753509656201972,0.9623048020887656,0.9905109619973032,0.9376823186192387,0.9644213018253789,0.9984964597138566,0.9944855287120299,0.9859977962157649,0.997152772594934,0.9823604075524629,0.9873045767788121
CIT,0.9979348413454777,0.9974055344139482,0.8378859128020303,0.9925347260482612,0.7005102887549899,0.9448789880811119,0.9761748841473549,0.9990225259159273,0.9432911637367273,0.9936722683799956,0.9935352040557682,0.969018841139188,0.9991534087203117,0.9864441667797361,1.0,0.9957265247717143,0.9676278501554748,0.9973943765843621,0.9884748183015035,0.9970380744825491,0.9966706734711284,0.9890645845768352,0.9965957265975858,0.9965189071476606,0.9975426064681524,0.9993241477007033,0.9990415283464813,0.9982469918020018,0.8544683939993644,0.9992599341315517,0.998886754687171,0.9980303112223244,0.9838463398053116,0.7198524185071008,0.992786050226119,0.9934466027636107,0.970086555674707,0.9982056788777741,0.9977090786125787,0.9981653358118815,0.9930899947084679,0.8473984540743867,0.9974666515260128,0.8266295531350708,0.9938123761251795,0.9555049639118927,0.6537139895125813,0.9937070280948289,0.9981721777969,0.9970436317420659,0.9944951190620304,0.9990834927190999,0.9979594983803224,0.9140015488840257,0.9969594765494109,0.98262311094083,0.8230545937102111,0.9973594217208329,0.9953304469761626,0.9308519993345532,0.9897006013272989,0.9982864486267629,0.9807412883354467,0.991306846063815,0.9937941288900537,0.9956858891505741,0.9967157637137295,0.9921663637215475,0.9985285331274559,0.9980674552862887
CMA,0.994638761129347,0.9942311092480345,0.7985613330394569,0.9979588064616345,0.672394462440044,0.9338877918358858,0.9769283693837458,0.9971115588270294,0.9514979757663182,0.9989193597036093,0.9972276314869498,0.967971457840381,0.9961146838866433,0.9927582936835666,0.9957265247717143,1.0000000000000002,0.9481534339923028,0.9956382338139068,0.9850153612330184,0.998150611801582,0.9992190578569048,0.9821174859025676,0.9976713056156442,0.9987305717763122,0.9979953389675411,0.9957733979479203,0.9952045012469221,0.9980834318713787,0.8425027475094105,0.996699415931247,0.9973193779801706,0.9947952690252286,0.9802149059766416,0.69455808931772,0.996789419585508,0.9861622068632849,0.9714518625807895,0.9992611863415773,0.9981556826141709,0.9927509025961145,0.9957566150767732,0.8396828646924039,0.9976481195279233,0.7854371021234574,0.9993187883664448,0.9675747573669048,0.62626859127796,0.99240727402902,0.9948566941175386,0.9931175983091978,0.9981012699931676,0.9965738902972507,0.9978425319321054,0.9226323719219119,0.9964911189145947,0.9902814683992561,0.7827818055079515,0.9948107331264067,0.9932440758086152,0.943660395824569,0.982130880757156,0.9983550187538156,0.9677616346658559,0.9864647174183706,0.9969442063327447,0.9988428615383583,0.995694136180668,0.9943139711105854,0.9946073140094525,0.9980561254172283
CNND,0.9645350001206842,0.9646622232758861,0.9357090886726256,0.9335140947399508,0.7254292258064928,0.9336495552484231,0.9258502879978758,0.9589219243276002,0.8692240663188079,0.937382938239494,0.9407945802979822,0.9281652348305779,0.9648284948181963,0.920192288146879,0.9676278501554748,0.9481534339923028,0.9999999999999998,0.96524612833721,0.9807230442344065,0.9554110490344185,0.9490235162858576,0.9784378024546047,0.9442541811891367,0.950857289983527,0.9598920051300145,0.9677657673927623,0.9657878662223859,0.9524725183690822,0.8541948193511495,0.9599718660052479,0.9593443847243002,0.9690930165448151,0.9479047179591021,0.750416333768904,0.9532104161015158,0.9798080049143474,0.9192187391719115,0.95463239135916,0.9502337813525893,0.9726867810166606,0.932264524375522,0.8253782924805407,0.9619529162241589,0.9400585865223108,0.9436983271402147,0.8682520076447385,0.723722604012079,0.9495590279095744,0.9634751266603622,0.9681287755974436,0.9454250863471717,0.9634932417484597,0.9498764797568838,0.829934618126382,0.95995073306501,0.9093854656647214,0.9304494149433346,0.9682825731803173,0.9664969919715908,0.8392205216563781,0.9837051940980018,0.9543245770680949,0.9903208019750268,0.966534703982665,0.9382796416782127,0.9516100485002393,0.9510329432736055,0.9438989406011545,0.9693037727118774,0.9562950552382427
COF,0.9945226590961639,0.9929121153996784,0.8426469120389446,0.9932968781738052,0.7224563431426537,0.9569919332676763,0.980994415031835,0.9982590824759456,0.9530783976312351,0.9920080190138385,0.9955401394165525,0.9756550607255338,0.9958104283390589,0.9879503355983801,0.9973943765843621,0.9956382338139068,0.96524612833721,1.0,0.9915016768659459,0.9937555770353141,0.9940139464897952,0.984482161038392,0.9941279929464015,0.9974497000082775,0.9959228837395578,0.996617205763956,0.9957500176473937,0.9967564835855048,0.8705245925926532,0.9953155807702808,0.9956664787972108,0.9968453210249437,0.9900506374027129,0.7344259209064824,0.997554502667637,0.9882597527539401,0.9757973643104283,0.9973022798117103,0.9956314614355091,0.9934751406081032,0.9905052470022896,0.8645124365519318,0.9954026679724246,0.8213177778017644,0.9958298795623479,0.960905395678948,0.6826114115800167,0.9888057227001709,0.9937001690301025,0.9917247385853206,0.9965572411753654,0.99679928714718,0.995926544273246,0.9234469159043781,0.9933369758035094,0.9830256945713665,0.8287995160332778,0.9944430001310128,0.9917790518700977,0.9394586400428746,0.9919821697246383,0.9948824737374058,0.9750530178725646,0.9829722721531492,0.9938792768202404,0.9971374374966492,0.9910278502329906,0.994578034277469,0.9973331210788436,0.9945975110230203
DFS,0.9881514323860474,0.9867802016315479,0.8656150489576846,0.9754439767563167,0.6890088293723517,0.9510288838688333,0.9564152469982479,0.9854215949237273,0.9181309790762798,0.9774637376066757,0.9786199845124386,0.9533233335326738,0.9875584335553199,0.9642935750639764,0.9884748183015035,0.9850153612330184,0.9807230442344065,0.9915016768659459,0.9999999999999998,0.9856609187491769,0.9835008996026408,0.9897298134229696,0.9774060423268305,0.98424832744705,0.9891423126626906,0.9893227574473972,0.9868018347960307,0.9829614583589654,0.8500217644292744,0.9849229599970057,0.9853259854781808,0.9908010795830614,0.9782774761676066,0.7123305296740237,0.98799563292207,0.9902238120411103,0.9510011309911405,0.9859911497213028,0.9831815251046594,0.9894879495105416,0.9699467704504656,0.8341665639798578,0.9902209246122821,0.8608594858366977,0.9831054801140059,0.92624206196572,0.7137261024435931,0.9730638692465063,0.9855859502797032,0.9874736553015064,0.9816616647275915,0.9871083046840138,0.9809785235142338,0.879335401559979,0.9877122911994949,0.9575982280109429,0.8682567664232608,0.9911335733902598,0.9891914956743374,0.8987613916055922,0.9981544172842309,0.9831548625785798,0.9850206671324473,0.9825789845312369,0.975690198978914,0.9861935051144607,0.9793260207917699,0.9774079133060085,0.9895427853687646,0.9852480320203408
EWBC,0.9982519297763801,0.9985611277499747,0.805954963779345,0.9939045214554383,0.6539048966271407,0.9236701489284826,0.9668025779713195,0.9962947387326285,0.9343128558334043,0.9966485724740366,0.9923423355398637,0.9566135498749807,0.998785578103983,0.9860553216162382,0.9970380744825491,0.998150611801582,0.9554110490344185,0.9937555770353141,0.9856609187491769,1.0,0.9992883838836844,0.9899430920214431,0.9972094175133288,0.9955194136774147,0.9994972580857249,0.9982496539099271,0.9980691968557508,0.9974983013268679,0.8226139145481813,0.9986317659966791,0.9991136624753119,0.9972181617288296,0.973856182578655,0.674048564096423,0.9924505094871152,0.9929237698771047,0.9598322977420213,0.9980134412453224,0.998192220847081,0.9972167359897949,0.9936179527603564,0.8168452101142083,0.999487243573737,0.8007093892640024,0.9960835251907333,0.9535314601031909,0.6142228653914067,0.9950095761321167,0.9986623057992592,0.9980006635437149,0.9937519977393096,0.9984201232767201,0.9974785622389811,0.9027697904219768,0.9995337534811968,0.983384353806737,0.7917504286048066,0.9983555780805955,0.9978098281189364,0.9253361789810546,0.9842426608701713,0.9991028462593943,0.9775611866005525,0.9943250905896157,0.9928245779270927,0.9951997497284433,0.9987291048147011,0.9883640607623082,0.9966837654349151,0.9997951071213091
FCNCA,0.9964851925181967,0.996358675874298,0.7951575402025475,0.9967581640792628,0.6587405996801277,0.9288497315885008,0.9726213214763231,0.9969974963947736,0.9444941592434402,0.9988846080181727,0.995282651304742,0.9624968431927284,0.9975114836722172,0.9907915095913711,0.9966706734711284,0.9992190578569048,0.9490235162858576,0.9940139464897952,0.9835008996026408,0.9992883838836844,0.9999999999999999,0.9845816671645362,0.9983709607750951,0.9973336367586374,0.9984556088325923,0.9968495983528671,0.9965401513604945,0.9983701140459563,0.8310198474422047,0.9983904595335225,0.9985671989200977,0.9951640798982591,0.9776156998279927,0.682957237773581,0.9933303741630756,0.9885955403685104,0.9665654161522893,0.9990327355493965,0.9990499002400888,0.994895503092065,0.9963969358385218,0.827829844774524,0.9983298126171136,0.787251445875422,0.9973891557503441,0.9631287214658961,0.6171781616016466,0.9938870150164616,0.9968877338992749,0.9955409120715488,0.9960257313116636,0.9973079459179559,0.9984812691350541,0.9152021664478394,0.9981308527701771,0.9889764426206493,0.7815110890166517,0.9961444381122245,0.9948780473495056,0.9371690002486344,0.9816540545703547,0.9993934057053363,0.970388334791783,0.9905063393342884,0.9960121864851622,0.9971229473297186,0.9983061750500859,0.9918462369398066,0.9948637244690999,0.9993868628232688
FFIN,0.994143776795488,0.9949003471713738,0.8539512916232364,0.9707372197262186,0.6430677346852857,0.9142256337415401,0.9368856540121785,0.9835351009172186,0.8882167644670519,0.9755016302603133,0.970439426018723,0.9285803441339346,0.9922466987045699,0.9558190307210797,0.9890645845768352,0.9821174859025676,0.9784378024546047,0.984482161038392,0.9897298134229696,0.9899430920214431,0.9845816671645362,0.9999999999999998,0.9798559501204648,0.9780318797801304,0.9916601376043895,0.9928488947851404,0.9922733677055025,0.9829355380241813,0.7972303273634731,0.9886050381653635,0.9892609533052865,0.9939987250358542,0.9589030523580573,0.6533004773418694,0.9783775599042619,0.9990228001658015,0.9276138811135324,0.9833779286761318,0.9840718451804454,0.9956662606761704,0.9702661851719276,0.7802869958426975,0.9925322947093332,0.8594538002866723,0.978508109563868,0.9059843257080046,0.6445738670798153,0.9832118057108075,0.9932634383376271,0.9956753442568882,0.9740350215613445,0.9908390898675248,0.9820371549261546,0.8473026080044046,0.993122102249614,0.9496998762229112,0.8481864800575736,0.9959076762908191,0.9967349306998762,0.8706613126542476,0.9908574404197112,0.9857504131332459,0.995919507124684,0.9963359343233553,0.9697211853247293,0.9779222924715021,0.9873944576556646,0.9657381798532989,0.9925132241973653,0.9892245937467967
FHB,0.9952336897573439,0.9947394599800221,0.7970390396192749,0.9980478929371752,0.6846893795236928,0.9323649575525061,0.9787231326523976,0.9983014728655529,0.9534871059589953,0.9981209907956278,0.996923821743243,0.9686125802483144,0.9968025547158954,0.9941375339954491,0.9965957265975858,0.9976713056156442,0.9442541811891367,0.9941279929464015,0.9774060423268305,0.9972094175133288,0.9983709607750951,0.9798559501204648,0.9999999999999999,0.9976849498079026,0.9964588048355062,0.996135043269833,0.9965554322456351,0.999468979216334,0.8421496279759021,0.9981897773904386,0.9980554077023974,0.9944178437772382,0.9803485440526403,0.6990794050294039,0.9927252951548255,0.9848948684225188,0.9726952512935748,0.9985918596688714,0.9991835853261034,0.9929690477570684,0.9989319817070844,0.8418237229813814,0.9955712357432804,0.7798986395444025,0.9969436184106055,0.969648544010992,0.6150315697476691,0.9948610211499924,0.9960508608408687,0.9930275585441267,0.9969447867760757,0.9974111812416333,0.999749893125112,0.9277244670494458,0.995458883532588,0.9922997866657228,0.7767225054230973,0.9934832895040163,0.9916108603961907,0.9466230928951144,0.977772618519361,0.9988897223789065,0.9653642531769314,0.9861203901460269,0.9978450262110508,0.9962545539151035,0.9979476988107572,0.993867798386123,0.9949604887740521,0.9980132132920304
FITB,0.9927456763007944,0.991782641191553,0.8126848152670958,0.9984813399835498,0.7067344278012745,0.9464669968217863,0.9859066303800349,0.9986942458878695,0.9627796343976547,0.9978031794255288,0.9993175205535535,0.9788543988593932,0.9951073368392362,0.9955009387630432,0.9965189071476606,0.9987305717763122,0.950857289983527,0.9974497000082775,0.98424832744705,0.9955194136774147,0.9973336367586374,0.9780318797801304,0.9976849498079026,0.9999999999999999,0.9957929110951153,0.9951465188204257,0.9946264737052958,0.9986327258976496,0.8668742969738426,0.9962150833587116,0.9963106473738038,0.9939657831018586,0.9865406746640702,0.7278511613195475,0.9976648853459423,0.9834579366412716,0.9813573640390965,0.9993869255759483,0.9975777311107221,0.9913146471003189,0.9965775121533972,0.8647379895790955,0.995171286920151,0.7927122890412808,0.9986976327472974,0.9739335621202183,0.644192514285605,0.991042396190935,0.9930800973255304,0.9904808591789831,0.9997018900941216,0.996150422913458,0.9981877389989015,0.9369251574781509,0.993416397527568,0.9925494323921936,0.7937587668351762,0.9923501310224029,0.9896242681336771,0.9537070029880832,0.982553127912978,0.9975087552386491,0.9652580957441254,0.9816635096353461,0.9988433429609229,0.9997044057862111,0.9936554000956728,0.9981655528167006,0.994592736535443,0.9961710114125928
FMAO,0.9988766541359319,0.9987237431509651,0.8170597093688161,0.9933871907709683,0.6651799590168206,0.9306491727841067,0.9672826859161396,0.9968839793193596,0.9345493964489052,0.9952653659912652,0.9925300484694134,0.957982632070411,0.9990576840243631,0.984989769318202,0.9975426064681524,0.9979953389675411,0.9598920051300145,0.9959228837395578,0.9891423126626906,0.9994972580857249,0.9984556088325923,0.9916601376043895,0.9964588048355062,0.9957929110951153,0.9999999999999999,0.9989360063139877,0.9985538338681396,0.9974902289085629,0.8281263698755782,0.9982803945751524,0.9989528126082928,0.998713464698861,0.9773677378007775,0.6799412483151593,0.9943766689589925,0.9939590344535993,0.9602787609524133,0.9979849383908999,0.9980047029769744,0.9975972501526348,0.9920720292087224,0.821546642323694,0.9998652337542693,0.8085207493826612,0.9965446848196179,0.9516892486168639,0.6336331284051546,0.994038608904049,0.9986854252797011,0.9979338864744806,0.9941232072725874,0.9989748994097913,0.9971931283172222,0.9017705442237486,0.9994907093339322,0.981429714469228,0.8042062985593884,0.9991431332102457,0.9984228829241225,0.9238999973548756,0.9882725732719947,0.9983152288600856,0.979974053276623,0.9935179673252964,0.9921942065789763,0.9955227695500617,0.99746542266228,0.9886422488958037,0.9981555515399125,0.9993194942343807
FMBH,0.9993936693681116,0.9991720023785373,0.8358868480440497,0.9913464332846447,0.6860874966466588,0.9369439067707678,0.9697081008388538,0.9979714584872599,0.9346150085330795,0.9929109143749711,0.9915452277098619,0.961577627627888,0.999864757904717,0.98341032905797,0.9993241477007033,0.9957733979479203,0.9677657673927623,0.996617205763956,0.9893227574473972,0.9982496539099271,0.9968495983528671,0.9928488947851404,0.996135043269833,0.9951465188204257,0.9989360063139877,0.9999999999999999,0.9998412044161913,0.9976723161334535,0.8397197291103944,0.9991470442669813,0.9992096470535279,0.9994705415062628,0.9796949889483775,0.6999279058463639,0.9926026464096702,0.9958609227882391,0.9627225184358135,0.997488018362057,0.9975264188465623,0.9992203423909538,0.9914771374645188,0.8317298338916949,0.9988197109750154,0.8263500512610443,0.9939577293524056,0.9489617113678545,0.6447101321720581,0.9943761960702907,0.9994368635408699,0.9986549984582374,0.9930205321987419,0.9997549041065328,0.9973100371913141,0.9029622152749076,0.9986011110844475,0.9792731854208706,0.821383022724395,0.9991638409693459,0.9979443059652766,0.9219891391399551,0.9903660984666003,0.9981066088859648,0.984088236132451,0.9940886453028657,0.9915193299526686,0.9943065064322546,0.9974394627613015,0.9888099797019986,0.9994728666592759,0.9987267699973631
FNB,0.9992876934822479,0.9992263207436325,0.8338412580172772,0.9912324458959515,0.6864995754399584,0.9336444694199038,0.9693107749911412,0.9978327437947402,0.9341464110625158,0.9926534739766778,0.9911590445411498,0.9607085898015567,0.9998378408418857,0.9834907842905836,0.9990415283464813,0.9952045012469221,0.9657878662223859,0.9957500176473937,0.9868018347960307,0.9980691968557508,0.9965401513604945,0.9922733677055025,0.9965554322456351,0.9946264737052958,0.9985538338681396,0.9998412044161913,1.0000000000000002,0.9977054925212908,0.8372742448210807,0.9991647875083357,0.999234474995499,0.9992537489476241,0.9780755682249438,0.6977592389698846,0.9916160205626368,0.9954313624182429,0.9620376193991477,0.997061799304221,0.9974208634995592,0.9989957268712832,0.99197945194924,0.8298743965792293,0.9982660702806868,0.8233827117188598,0.9934921229523243,0.9489276141366249,0.6361685480766912,0.9953581129865534,0.9996248606071283,0.9985489944590218,0.9925435183110968,0.9998300705393139,0.9974775769763468,0.9031662373512193,0.9982964956968529,0.9794434330026222,0.8168688796619866,0.9987216329215746,0.9976470499136438,0.921956654955387,0.9883378118511512,0.9981088340862575,0.9833922266093963,0.9940614250887115,0.9913647522351826,0.9934015285810287,0.9978553192029617,0.9882125612327666,0.9994101499755785,0.9986248113647676
GBCI,0.9965162678231241,0.995673613173301,0.812506657052735,0.997603914754326,0.6961986238268312,0.9411027986094798,0.9801701421533305,0.9995347799966489,0.9536689596568965,0.9974074669948348,0.9974295239664331,0.9714247887915529,0.9978468443324335,0.9931227731579574,0.9982469918020018,0.9980834318713787,0.9524725183690822,0.9967564835855048,0.9829614583589654,0.9974983013268679,0.9983701140459563,0.9829355380241813,0.999468979216334,0.9986327258976496,0.9974902289085629,0.9976723161334535,0.9977054925212908,1.0,0.8511128802343366,0.9988501157058851,0.9984951636188562,0.9964034072594051,0.984673503321941,0.7104865469430044,0.9947753954346995,0.9875436549681705,0.9744417233841263,0.9994073051817218,0.9995442321628506,0.9947465865711445,0.9977124361682822,0.8488853889395742,0.9967659718913142,0.7948985119738282,0.9973764247656031,0.9674801513791731,0.6365974654606054,0.9935411536160405,0.9967610914665115,0.9941320380387394,0.9977259779078175,0.9984956883069595,0.9998295039869796,0.9266505849730426,0.9962305903081653,0.9905082697275317,0.7950343828820465,0.995196070146718,0.9929085096389185,0.944653409839776,0.9834657230182581,0.99896568240292,0.9699817967314882,0.9869364456701192,0.997769434211489,0.9975205252125452,0.9975250659091376,0.9949007025662029,0.9968428442425357,0.9983083020075564
GS,0.8226276631346119,0.817442060897374,0.8549746581145744,0.8532276687815514,0.9314852951091565,0.9335210948767358,0.9291088407458203,0.8628128690763545,0.9295877705115473,0.8392192894336864,0.871880104794745,0.9472064320670481,0.8348463203150822,0.8707364526081193,0.8544683939993644,0.8425027475094105,0.8541948193511495,0.8705245925926532,0.8500217644292744,0.8226139145481813,0.8310198474422047,0.7972303273634731,0.8421496279759021,0.8668742969738426,0.8281263698755782,0.8397197291103944,0.8372742448210807,0.8511128802343366,0.9999999999999999,0.8389194975786499,0.8355177735557494,0.8381485595138279,0.8995247354984911,0.9680384433439754,0.8684199199322097,0.8146232932431194,0.9365421804638427,0.8534858606463569,0.8384487748508009,0.8294674060777487,0.847034522069011,0.9956321110509292,0.8265764332796259,0.7820255984295679,0.8486632934840466,0.886584822566519,0.7444957074939227,0.8242719263960618,0.823790873172311,0.8169988120918485,0.8700335835988744,0.841344764836116,0.8469359029154552,0.931866515043433,0.815839663349324,0.8610456647459857,0.8114586106246697,0.8225230504336338,0.8092272343390828,0.9053368713177328,0.8507869819856896,0.8393115716009867,0.8066665923546494,0.788697737259818,0.8665546393026241,0.8666894058183775,0.8183737032017426,0.8909205937288515,0.8455132480260577,0.8282771162143
HBAN,0.9985971672841633,0.998369303896301,0.8193643251836418,0.9939262244944562,0.6795925948385383,0.935130402812942,0.9728275872779585,0.9984838491691527,0.9405954967210255,0.9957266451873443,0.9934608933153224,0.9637068568526332,0.99947537084118,0.9875507223099138,0.9992599341315517,0.996699415931247,0.9599718660052479,0.9953155807702808,0.9849229599970057,0.9986317659966791,0.9983904595335225,0.9886050381653635,0.9981897773904386,0.9962150833587116,0.9982803945751524,0.9991470442669813,0.9991647875083357,0.9988501157058851,0.8389194975786499,1.0,0.9996084744141602,0.997484278867213,0.9799694161680751,0.6989028634091822,0.9913483633362519,0.9927608698806245,0.9663036673921631,0.9984739887293252,0.9989726089203298,0.9980576394538133,0.9952391153170908,0.8335801076508582,0.9981361556521341,0.8106009957644099,0.9944710273306325,0.9565897917186832,0.6318604279338715,0.9950194933844008,0.9990404058089584,0.9977607893614567,0.9942355551362554,0.9991844666460958,0.9988933017533252,0.9113661929418775,0.998315196283095,0.9848137688871018,0.804768410752228,0.9976442860277512,0.996093551471525,0.9305097443386012,0.9858363918785867,0.9994046536904192,0.9778646917434529,0.9929987267481941,0.9944193146097898,0.9952213336467909,0.9990694220941354,0.9907909868988846,0.9976654775631338,0.9994019833454737
