Ticker,ABCB,ABTX,AJX,ALTA,ARI,AXP,BAC,BBT,BK,BOH,BOKF,C,CFG,CFR,CIT,CMA,CNND,COF,DFS,EWBC,FCNCA,FHB,FITB,FMAO,FMBH,FNB,GBCI,GS,HBAN,HBHC,HOMB,HTH,IBKR,IBOC,ISBC,JPM,KEY,LARK,MBWM,MCBC,MS,MTB,NAVI,NKSH,NTRS,OPY,PACW,PBCT,PGC,PNC,PNFP,RF,SCHW,SFBC,SIVB,SLFC,SRCE,STBA,STT,SYF,TCBI,TFSL,TSC,UMBF,USB,WAL,WFC,WSBC,ZION
ABCB,0.9999999999999999,0.9997554816004406,0.869774174657291,0.99204859830612,0.7578326524505222,0.94773671696035,0.9683905029651566,0.9967262010387634,0.9438983416195099,0.9931078804314718,0.9909508224547402,0.960074382146668,0.999492897279409,0.9844684563151828,0.9976705274691543,0.9956569501555593,0.9721837427229904,0.9955921167118613,0.9908386901971854,0.998570700444435,0.9970149448704959,0.9962496029472201,0.9938261009580941,0.9991557987083808,0.9993643295491598,0.9993800120600641,0.9970537458915905,0.8662906606618359,0.9986524578609294,0.9986984894052798,0.9992408528796508,0.9820454938422887,0.7728045187514314,0.9924451683394324,0.9970265907999628,0.9617465388219781,0.9963625522144303,0.997781346861863,0.9989011111775599,0.9920945535141849,0.8626156473798696,0.9990614226868596,0.8692026197912842,0.9943549316617168,0.9569537187758023,0.7198406017336799,0.9949677513086842,0.9996348195554113,0.9990531612138183,0.9921186545413366,0.9991802345565062,0.9970806629408099,0.9196842356612298,0.9993936226063664,0.9816343849282352,0.8655336292457542,0.9996084508732914,0.9989885611702856,0.9356771990178008,0.992305416805211,0.997155306752692,0.9880071088227377,0.9966375257192093,0.9906617176437944,0.9932045497741383,0.9982325329810673,0.9866893001820881,0.9988751717977593,0.9987312943494427
ABTX,0.9997554816004406,1.0,0.8690626157420027,0.9913119484824333,0.7527352591655461,0.9428448628131486,0.9671224994074741,0.9960850587887066,0.9414415580424728,0.9930378368366473,0.9900441827054388,0.9586880742073205,0.9995115398718116,0.9836062472228349,0.9974099413437598,0.9954486328216251,0.9725284848999999,0.9945034973903781,0.9899465673188491,0.9988459887984061,0.9970089492683122,0.9959562779359639,0.9932616788510746,0.9990540155352503,0.9992560554471202,0.9993725427945792,0.9965224701887806,0.8637369150884705,0.9985586368399705,0.9987783446788783,0.9989356548784997,0.9788044188447995,0.7704530398733282,0.9916018938028733,0.9977300520675493,0.9603232859079485,0.9960226441963199,0.9971622466809308,0.9992043514496808,0.991657068546624,0.8593945900992218,0.9990819730522615,0.8710510313627304,0.9938173056581898,0.9552347379184158,0.707974709120278,0.9960014035612466,0.9998582415072071,0.9996242682275082,0.9914169700974904,0.9990588408190882,0.9966008415099975,0.9173217378414348,0.9995369745481096,0.9807723823999891,0.8629978570837694,0.9996405079686967,0.9993843246267247,0.9333887714379534,0.9908864208931869,0.9973520860702582,0.9891862591629663,0.9978776556340723,0.9899704569722553,0.9926987651692439,0.9984741340651113,0.9858742083352854,0.9985819457073535,0.9988603266537894
AJX,0.869774174657291,0.8690626157420027,0.9999999999999998,0.8387840422455133,0.8753172485833518,0.8999392676361311,0.8632409042568705,0.8722852229074871,0.8178568857373351,0.836952664945172,0.8529591303467066,0.8750425962118378,0.8723093635376015,0.8315507318803992,0.8800960086915727,0.8508312586089748,0.9504275126206877,0.883277941870439,0.9002555773879697,0.8556189453476595,0.848312590929119,0.8493461092984568,0.8617682520241945,0.8631476610024856,0.8779462103492859,0.8761690315886906,0.8610543409295367,0.8839789290216473,0.8659849904059597,0.8647410400214015,0.8812349928769824,0.8790115858837009,0.8619546047486678,0.8688340088227535,0.8922095819878583,0.859555344175922,0.8616954134117646,0.8536829218909506,0.8822067989277872,0.837024366383614,0.8573455104494768,0.8644320565121988,0.9781833807407647,0.8492802736572834,0.7927348192282154,0.8194518017331077,0.8556360468439907,0.868969698376183,0.8730196304791195,0.8576176073676105,0.8734646769444204,0.8563634268148022,0.7944304781548704,0.8599899375204096,0.8168848909357419,0.9827039011901596,0.8736983092853187,0.8693047241192378,0.7824815114570304,0.907698974922755,0.858490873219238,0.9177293778317568,0.866860442927142,0.8478536976260994,0.863819875922568,0.8511862930804573,0.8620914127800903,0.8838064652193989,0.857926893780477
ALTA,0.99204859830612,0.9913119484824333,0.8387840422455133,1.0,0.7795784845870641,0.9549452207151788,0.9862100005674588,0.9973177053608281,0.97427647826397,0.9990073199990535,0.9993277291450319,0.9784963654115871,0.9939954763391634,0.9983667926098237,0.9946067664942836,0.9985338927706843,0.9526603823811156,0.995182933766134,0.9823925478542042,0.9955102385669315,0.9976712739509641,0.998568257828313,0.9988281405644652,0.9948747021439959,0.9936987672065659,0.9935211318745453,0.9982774042253851,0.8930047079511483,0.9956188840432659,0.9956712325920738,0.9920142202832899,0.987815821902251,0.8009143157427342,0.9963100247022557,0.9826552130464357,0.981978804088579,0.9982981588999361,0.9978887339329204,0.990185730120396,0.9989062454271455,0.8957633243703452,0.9941822665287666,0.8322879559193542,0.9987189938794436,0.9850120236189479,0.7073824515470504,0.9921265665076251,0.99255676087355,0.9900605594050358,0.999112304860518,0.9948445777834419,0.9982432063537889,0.9570067228263626,0.9932479393743883,0.9972678570515119,0.8301840587661522,0.9911101346261676,0.9887568714053416,0.9707544471943137,0.9808436011072044,0.9970925114738924,0.9658469585299904,0.9829304950669757,0.9991978204044428,0.998037820233725,0.9949232459423722,0.996809494903788,0.9924564604204502,0.9959708867747223
ARI,0.7578326524505222,0.7527352591655461,0.8753172485833518,0.7795784845870641,1.0000000000000002,0.8791640961353124,0.8575398925640484,0.7955045103346756,0.8598093209822452,0.7631598097939022,0.7988086353633046,0.8745247246771157,0.7686877589620804,0.7972562710610045,0.7885004738239093,0.7668440472171686,0.8097464337368956,0.8023974431120803,0.7790418238383914,0.751551938092188,0.7570775952469817,0.7745490149998554,0.7932067506699386,0.7574767282175707,0.7750687762017104,0.7744320729481361,0.7836248361011673,0.9453346392740571,0.7713638233201202,0.768018660992748,0.7739973055922975,0.835369698369987,0.9575258188702871,0.7944736060229929,0.7542660338230183,0.862340013790578,0.7808343819107768,0.7693801925467411,0.7664594205072109,0.7782669296525447,0.9452484100211623,0.7545232852771157,0.8003078382795699,0.7733789251834841,0.812579297594349,0.7841229984728756,0.759739015299418,0.7592855881557048,0.7521861763209051,0.7966183999810604,0.7761146119052735,0.7785198795533361,0.8686614857069886,0.7460775438916347,0.7866559973747573,0.8326625497540081,0.7548653872551333,0.741437577215603,0.8361447750182971,0.7876817520481902,0.7696471018798396,0.7563303755967208,0.7238831425006198,0.794075862149505,0.7913277486566006,0.7524471671674229,0.8161646910306423,0.7819985431528247,0.7580532433173962
AXP,0.94773671696035,0.9428448628131486,0.8999392676361311,0.9549452207151788,0.8791640961353124,1.0,0.9741135175843649,0.962426427161352,0.9650210139761586,0.949966399739163,0.9634680719265305,0.9775787632511583,0.9503956068728306,0.9578401031572541,0.9609610422388792,0.9524758741682521,0.9554102141323999,0.9683127205246918,0.9645207822035455,0.9441886814470248,0.9489798044954538,0.9507849337607798,0.9622323317455981,0.9476745373650269,0.9536617036556878,0.9507775857084121,0.9573623716727084,0.95421371635709,0.9529738237152442,0.950562948619863,0.9512410395034331,0.9885402825555994,0.8953600315614614,0.9608337489523168,0.9415467079430342,0.9747613714497801,0.958431332174321,0.9546789521926783,0.9499453782046074,0.9520723327230295,0.9525608136847864,0.9476502856571087,0.879925934577188,0.9522032366533845,0.9532890831089809,0.8711919909799706,0.9348126859516049,0.9449093945862244,0.943147169077741,0.9621446116827078,0.9516019741200364,0.9549233861208579,0.950295816946638,0.943775378427655,0.9536555096801953,0.912427474214784,0.9465427205332727,0.9381972260648962,0.9505682305739944,0.9674739195382001,0.9511117424799891,0.9330926671395968,0.9281607312437986,0.9614129434944968,0.9632859204418052,0.9427015822670596,0.9692375370572553,0.9530812535650647,0.9475709064225136
BAC,0.9683905029651566,0.9671224994074741,0.8632409042568705,0.9862100005674588,0.8575398925640484,0.9741135175843649,1.0,0.9852525678927476,0.9939463606273795,0.9833723693227291,0.9908071587725088,0.9988604850204441,0.974385494946314,0.9922834799111242,0.9817041487203207,0.9812751140426058,0.950300548110832,0.9839813611175111,0.9675836045639539,0.9731774872897572,0.9783162738991122,0.981898896591259,0.9884444567938799,0.9721790078916858,0.9754409587443077,0.9745790089188412,0.9834068514134808,0.9533091899419313,0.9781340730425119,0.9772577778220625,0.9711876582261754,0.9878313016729783,0.8865011382652584,0.9835610704265964,0.959772702354641,0.9995668059931981,0.9843997405763352,0.979550904747748,0.970998018803206,0.9858086727917167,0.956138161103929,0.9715879518084045,0.8509091956367841,0.9812891815169039,0.9914958299279109,0.7397030564861804,0.9722878290113106,0.9703020299198316,0.9675044726022634,0.9895533599785986,0.9761638773488752,0.9822353556457317,0.9859206204043,0.9686234235523327,0.9904684310853614,0.8492897292505887,0.9673459649485318,0.9615357759002698,0.9880250455722392,0.9655235109752482,0.9808633986102313,0.9441327798360843,0.9544629112709784,0.9908951568197996,0.9881319310101895,0.973039751042469,0.9952964771696441,0.9737446996226945,0.975355234058417
BBT,0.9967262010387634,0.9960850587887066,0.8722852229074871,0.9973177053608281,0.7955045103346756,0.962426427161352,0.9852525678927476,0.9999999999999998,0.9670038026742687,0.9968490404082564,0.9979320508204808,0.9789897195379403,0.9982771065559661,0.9941223686145455,0.9992552190274923,0.9979260054714592,0.9704800500261831,0.9987514444734957,0.9895424975714011,0.9972242019286172,0.9978431575875868,0.998742797267683,0.9989983892509224,0.9973906483118655,0.9984725312118483,0.998287538901087,0.9996579518794902,0.8993712863644572,0.9988951342933651,0.9986656606465127,0.9971544067728136,0.9907604258562455,0.8134127416798916,0.9966091559173312,0.9914440707473975,0.9804602304872158,0.9993633444985228,0.9989099503441496,0.9964928376099502,0.9971621369516731,0.8982182283847215,0.9970332548241883,0.8664500961713727,0.9972860013260038,0.9752218239293683,0.7303921442070729,0.994772129026674,0.997076569710624,0.9955252937568382,0.9982692969832376,0.9987366847555506,0.9993792586777219,0.9479246200319318,0.9962963176233381,0.991593049077944,0.8640268768746998,0.9959965058384956,0.9937232856280368,0.9596323199808753,0.9900588950347224,0.9987093880118065,0.9799062570839673,0.9895284054338728,0.9976870691086658,0.9983465727848988,0.9969995228301762,0.9962900500832276,0.9977806456638202,0.9980625398268165
BK,0.9438983416195099,0.9414415580424728,0.8178568857373351,0.97427647826397,0.8598093209822452,0.9650210139761586,0.9939463606273795,0.9670038026742687,0.9999999999999999,0.968539611717997,0.9788068751578274,0.9926714846526448,0.9509129061348329,0.9846229715618481,0.9597628492368767,0.9643945552438261,0.912486758450898,0.9654118201693961,0.9418101736394601,0.9513504718962479,0.9595639429076895,0.9651478051046873,0.9731975806507736,0.950127911467191,0.951842746911417,0.9508963219473218,0.9658041309805488,0.9524354476541774,0.9565508390517574,0.955496504627008,0.947108317851781,0.9767858796299693,0.8854131544024765,0.9681941499110203,0.9281224131973975,0.9952189627838498,0.9666556635972823,0.9615298806812047,0.9441905352799704,0.9725185977934431,0.9620360668862089,0.9486998711537129,0.7954448554162877,0.9664447219244925,0.9957041609565355,0.7291057522385417,0.9497749961719688,0.9456029637523158,0.9404366150511047,0.9761313679887342,0.9538750340472308,0.9647193641699441,0.9969944019809366,0.9448104121039359,0.9842864040258823,0.8028185262102314,0.9417499111406883,0.9343942742415842,0.998093725749831,0.9386697268323202,0.9609290099642217,0.9053507535931915,0.9231184113440891,0.9786144457949286,0.9723884355222008,0.9512578984747044,0.9836410715778795,0.950158428406345,0.9538853649771013
BOH,0.9931078804314718,0.9930378368366473,0.836952664945172,0.9990073199990535,0.7631598097939022,0.949966399739163,0.9833723693227291,0.9968490404082564,0.968539611717997,1.0,0.9980400310837919,0.9755018858573674,0.9951260132703424,0.9966896498873545,0.9955232154571959,0.9991244977743051,0.9562713147462194,0.9941917116748323,0.9839238915627496,0.9972359408788274,0.9990956932730215,0.9984311786102048,0.9984496700953893,0.9958186642414034,0.9946315025466725,0.9942733262862699,0.9980340367123797,0.8873702330836285,0.9967819744872687,0.9969210981560266,0.9921464084447681,0.9842845385204528,0.7949318681648901,0.9947699568234091,0.9857749678200437,0.9790972963361269,0.9987641978293692,0.9981002817557499,0.992436611767427,0.9986109143225376,0.8883007836776687,0.9956934302682477,0.8394153629429876,0.9978940251513901,0.9813256560954295,0.6968107572897551,0.9935856569304068,0.9940340595188927,0.992752625767853,0.9981172305660976,0.9951881074750075,0.9981052557314241,0.9505080404823839,0.9951776425834047,0.995980691324427,0.8310713159730351,0.9927275658475625,0.9908856281241109,0.9652509389095438,0.9813996892555154,0.9985230504793502,0.9698720830858675,0.9873509155243106,0.9985913634337299,0.9981385799600866,0.9966342768442462,0.9957540189004197,0.9923128764530986,0.9975009632289977
BOKF,0.9909508224547402,0.9900441827054388,0.8529591303467066,0.9993277291450319,0.7988086353633046,0.9634680719265305,0.9908071587725088,0.9979320508204808,0.9788068751578274,0.9980400310837919,1.0,0.9847833942411068,0.9934919539781979,0.9985979910097889,0.9954228428329812,0.9979047784292125,0.9586940111592422,0.9966919632434705,0.9847396558623773,0.9941205757737112,0.9965166007817529,0.997552604817611,0.999517100429102,0.9938013846431036,0.9936300212286806,0.9931698972703313,0.9980318684031474,0.9080769717069163,0.9951475707058931,0.9950991928982993,0.9917523462694711,0.9913528659949208,0.8209720468664942,0.9971956195256694,0.9826281856148866,0.9872230715413818,0.9984079180268898,0.996975612004023,0.9901616198106049,0.9980001495332816,0.9098451988392107,0.9932266838516802,0.8452805296457282,0.9980241538813779,0.986388726930168,0.7241751157493849,0.990859671893105,0.9915009330118776,0.9892344750180505,0.9998044538496378,0.9944662664259142,0.9976515479718098,0.9623361460682216,0.9917631849611332,0.9969161553330045,0.844262019812015,0.9902628477359768,0.9872872296546559,0.9738132698725787,0.9832061545287587,0.9965961724157757,0.9672330170470019,0.9810950906589428,0.9996225063695071,0.9990240591133372,0.9931891248593036,0.9989362775013018,0.992522743416828,0.9948730769911304
C,0.960074382146668,0.9586880742073205,0.8750425962118378,0.9784963654115871,0.8745247246771157,0.9775787632511583,0.9988604850204441,0.9789897195379403,0.9926714846526448,0.9755018858573674,0.9847833942411068,1.0,0.9668444396586494,0.9856235636599278,0.9757786664869206,0.9738900317945147,0.9516905561656699,0.9789736952052838,0.9643882383693795,0.9647863272637603,0.9701798539605239,0.9735725609885229,0.9825450766040589,0.9641196916774196,0.9684729380991842,0.967171795397654,0.9761145076741222,0.966097565880563,0.9705936009744811,0.9696243862699057,0.9639942114610546,0.9850106307144935,0.9058930697453033,0.9780998372543919,0.9531757147477509,0.9993601556157277,0.9777662194973025,0.9714278078472336,0.9642052732080784,0.97759717414821,0.9673546473676155,0.9637583067711971,0.8622454021791688,0.9737432177545253,0.9862889813523968,0.7544493926241274,0.9635998687763005,0.9620440589311359,0.9597472486832291,0.9836573836324156,0.9687493977590238,0.9744168683167979,0.9855997562382762,0.9600581645322912,0.9830873327971371,0.8613646159330066,0.9595813270212115,0.9530416651691311,0.984906959612163,0.9619013945307975,0.9734393774534575,0.9395263845397137,0.945615934755487,0.9845203087492271,0.9827583820695651,0.9639521513623669,0.9911322473481575,0.9668594530432466,0.9671909455676918
CFG,0.999492897279409,0.9995115398718116,0.8723093635376015,0.9939954763391634,0.7686877589620804,0.9503956068728306,0.974385494946314,0.9982771065559661,0.9509129061348329,0.9951260132703424,0.9934919539781979,0.9668444396586494,1.0,0.9878993194992622,0.9990388458424441,0.9970694613389821,0.973515605833477,0.9968586769758586,0.9908332758030545,0.9991089510925014,0.9980862931993099,0.997636984394074,0.9960693664856702,0.9992628056181431,0.9998865204300579,0.9998812980891866,0.9983375272602332,0.8777044131062574,0.9995554650756654,0.9996883865223762,0.9991364763827247,0.9834918246333264,0.7874888889229896,0.9940732980387497,0.9966781325400558,0.9682906500951902,0.9980213206669046,0.9984389871839404,0.9992853871477988,0.9942322311106956,0.874185580005958,0.9992208604079201,0.8721691843606644,0.9956686597308414,0.9626610914874236,0.7159605153921959,0.9967325116264678,0.9997948094378623,0.9992208136998957,0.9945449629333695,0.999799572734724,0.9983267463220368,0.9285921220338927,0.9992336632416892,0.9851106096244746,0.8652302668493038,0.9992430607262516,0.9983399490295346,0.94296690576235,0.9915799495202998,0.9987411713433926,0.987363240024455,0.996074675514444,0.993389812657926,0.995542532872321,0.9987443594620492,0.9904053245741931,0.9991769675549449,0.9994414045663588
CFR,0.9844684563151828,0.9836062472228349,0.8315507318803992,0.9983667926098237,0.7972562710610045,0.9578401031572541,0.9922834799111242,0.9941223686145455,0.9846229715618481,0.9966896498873545,0.9985979910097889,0.9856235636599278,0.9878993194992622,1.0000000000000002,0.9904072471450592,0.9946073563311565,0.944892923267858,0.9911826564248645,0.9745735510630158,0.9894293114749065,0.9932076742794875,0.9953896549325403,0.9967990968359894,0.9880864924925951,0.9876525142270983,0.9874641133029199,0.9948416758081953,0.9088488358013688,0.9908050590822715,0.9905879514237304,0.9847073235641081,0.9874632265710028,0.822495539843823,0.9926225962839811,0.9732967599762761,0.9893078683327009,0.9949993990380209,0.9935637930894606,0.9833047684506517,0.9978390844515737,0.9136655420945489,0.9872491566336582,0.8233755346638714,0.9948876658139251,0.992847559330657,0.7039711427061808,0.9873562882352374,0.9857066109525122,0.982565077543574,0.997661345206174,0.9890974632910742,0.994772162450034,0.9715122679863011,0.9858902554293577,0.9995151337028253,0.8203612878803963,0.9830503630607824,0.9796384227434357,0.9823805891306814,0.9725179934089405,0.9932420334622181,0.9542907768876636,0.9733105323782515,0.998949040347638,0.9958595134935629,0.989504831699036,0.9978783261267237,0.9858822350150733,0.9904566927291655
CIT,0.9976705274691543,0.9974099413437598,0.8800960086915727,0.9946067664942836,0.7885004738239093,0.9609610422388792,0.9817041487203207,0.9992552190274923,0.9597628492368767,0.9955232154571959,0.9954228428329812,0.9757786664869206,0.9990388458424441,0.9904072471450592,1.0000000000000002,0.996882775736023,0.9770512482657621,0.9980668658032135,0.9917425108317245,0.9975852681286567,0.9975527422870606,0.9973950184891428,0.9975332041572215,0.9975725874045488,0.9992887018562013,0.9989478411885235,0.9986637252776137,0.8962605839541399,0.9993507245792984,0.9990879633353897,0.9976139168457867,0.9885571014069637,0.8116981821396537,0.9945342167709873,0.9948819190091899,0.9767191108955844,0.9987196610805611,0.99816914646741,0.9985991953313418,0.9950991632406486,0.8927754726838298,0.9976739450074881,0.8801524424909359,0.9951010000965338,0.9685280279158451,0.7320343981410307,0.9950346342824066,0.9981292385321927,0.9976429199855463,0.9961040458188847,0.9988671148831308,0.9983609572395352,0.939473811005618,0.9972707814669611,0.9876910002951271,0.8743709447018607,0.9973458183173001,0.9954017504178707,0.9513382044074955,0.9923141824777253,0.9987869679994826,0.9855262143015886,0.9930644541918736,0.9955374580245067,0.9972444556517696,0.9974199313523756,0.9941308463567411,0.9980741456310173,0.9984097058339959
CMA,0.9956569501555593,0.9954486328216251,0.8508312586089748,0.9985338927706843,0.7668440472171686,0.9524758741682521,0.9812751140426058,0.9979260054714592,0.9643945552438261,0.9991244977743051,0.9979047784292125,0.9738900317945147,0.9970694613389821,0.9946073563311565,0.996882775736023,1.0,0.962864558849801,0.9968650548342608,0.9892516965748708,0.9985861432811297,0.9994390429272964,0.998298025552092,0.9990020236988116,0.9982399880296444,0.9968994040489998,0.9964044552193612,0.9986220579127187,0.886163219923944,0.9976160632517029,0.9980595821474069,0.9956756900136768,0.9857289257274476,0.7925795100536728,0.9976040767506493,0.9898190489978852,0.9765035105238414,0.9994362778094243,0.9986412173926429,0.9947852167796906,0.996918213053401,0.8854298856972346,0.9980908285220284,0.8502657350739989,0.9993441140442487,0.976155129846154,0.7105452183046485,0.9943025823599206,0.9960135684954271,0.9949753015929506,0.9985633847316865,0.9973262947141283,0.998416638055064,0.9440017726662628,0.9972254541541654,0.9927590143914838,0.8446938501097808,0.9958515482778333,0.9943372096993093,0.9590942800048702,0.9870008612131221,0.9987742487749189,0.976291760291472,0.9898325038041231,0.9974996218196748,0.9989188503931749,0.9968450829717959,0.995183200264959,0.9956077726110802,0.9985576583555079
CNND,0.9721837427229904,0.9725284848999999,0.9504275126206877,0.9526603823811156,0.8097464337368956,0.9554102141323999,0.950300548110832,0.9704800500261831,0.912486758450898,0.9562713147462194,0.9586940111592422,0.9516905561656699,0.973515605833477,0.944892923267858,0.9770512482657621,0.962864558849801,0.9999999999999999,0.9747558483556394,0.9857579953674043,0.967090248040934,0.9634541160794626,0.9596697364466868,0.9655485111548084,0.9692884354307464,0.9759633550890731,0.9741703753327182,0.9658230593501455,0.9024704252177833,0.970878396491947,0.97040355396434,0.9751709903442988,0.9639600088733169,0.8387155913090301,0.9655601186215901,0.9839667149749572,0.9458823763912927,0.9678913827083206,0.9638056185490697,0.9798960635807171,0.9524712303409608,0.885089275423592,0.9711139521614482,0.9596814461859388,0.9583821134665602,0.9110684807108097,0.7852025668898654,0.9624392721365682,0.9720406228215595,0.9761704613779092,0.9617475854391782,0.9722645375784532,0.9635672840878291,0.8870823540819005,0.969610787887354,0.937727417881714,0.9510463607346845,0.9750395068413351,0.9728287439850646,0.8923750393656947,0.9870295884008682,0.9677612867747647,0.9910371050279634,0.9739960369901424,0.9574777873288937,0.9676177714517219,0.9642285766034678,0.9618568412715941,0.9755031214171176,0.9679655520109646
COF,0.9955921167118613,0.9945034973903781,0.883277941870439,0.995182933766134,0.8023974431120803,0.9683127205246918,0.9839813611175111,0.9987514444734957,0.9654118201693961,0.9941917116748323,0.9966919632434705,0.9789736952052838,0.9968586769758586,0.9911826564248645,0.9980668658032135,0.9968650548342608,0.9747558483556394,0.9999999999999999,0.9938967505208413,0.9954121062290415,0.9956969726112495,0.9957447243903095,0.9980784606721056,0.9967454996923504,0.9975152246771384,0.9968099406018235,0.9976678000772569,0.9037255006624735,0.9966206884517897,0.996870561639433,0.9971999299533042,0.9926691955423134,0.8174261115817892,0.9981659839081661,0.9913512753533861,0.9793547710727473,0.9980297082341917,0.9968237410158811,0.9953048788473451,0.993159405704927,0.9011870357684215,0.9964711360368771,0.8748688435928988,0.9968219355480455,0.9714738833606298,0.7533579655010995,0.9916956487846819,0.9951932326491626,0.9939696771268636,0.9974525374987558,0.9975032024210079,0.9970382391292305,0.9444670253214097,0.9949438184051247,0.9876125429935007,0.8775257885417238,0.995601370243868,0.9932861227243035,0.9561383076145503,0.9941354958468847,0.9962868548902191,0.9816079080866016,0.987298675743029,0.995312698065041,0.998044606868385,0.993477475816688,0.9953370106421281,0.9976242443378661,0.996063814233776
DFS,0.9908386901971854,0.9899465673188491,0.9002555773879697,0.9823925478542042,0.7790418238383914,0.9645207822035455,0.9675836045639539,0.9895424975714011,0.9418101736394601,0.9839238915627496,0.9847396558623773,0.9643882383693795,0.9908332758030545,0.9745735510630158,0.9917425108317245,0.9892516965748708,0.9857579953674043,0.9938967505208413,1.0,0.9895245507360477,0.988162627602392,0.9836858731940945,0.988746856852041,0.9917218581401065,0.9922193732377907,0.9902785143803806,0.9877692659194446,0.8915996249384228,0.9891408663862212,0.9894230019261799,0.9926637468186571,0.9844519637849316,0.8046134488517845,0.991215985160942,0.9927200017301722,0.963059167037178,0.9899959293819447,0.9878309757531153,0.9924430889168884,0.9785658165362306,0.8825516714944542,0.9926388944763097,0.9025658449279024,0.9875327029676144,0.9477120532399317,0.7771580001027334,0.9802207653879764,0.9891869156830887,0.9908896704603534,0.9869104230557603,0.9904019955586497,0.9862472801560682,0.915049631029845,0.9907869181356365,0.9698321989123745,0.9059920267826038,0.9930942718822326,0.9912582960346583,0.9285769807310245,0.9985587986710664,0.9879721558692558,0.9888075054732847,0.9869458908052205,0.9825933829834315,0.9905067862836339,0.9850144593681467,0.9835038204280134,0.9918195740024349,0.9892955179378934
EWBC,0.998570700444435,0.9988459887984061,0.8556189453476595,0.9955102385669315,0.751551938092188,0.9441886814470248,0.9731774872897572,0.9972242019286172,0.9513504718962479,0.9972359408788274,0.9941205757737112,0.9647863272637603,0.9991089510925014,0.9894293114749065,0.9975852681286567,0.9985861432811297,0.967090248040934,0.9954121062290415,0.9895245507360477,0.9999999999999999,0.9994134388225896,0.9979564379251401,0.9964475759571915,0.9995571714030531,0.9987219898905292,0.9985845966712996,0.998123455821243,0.8705917167196174,0.9989716700262443,0.999325617279484,0.9977521818203603,0.9807283667808453,0.7759065264045868,0.9944946910244091,0.9948156933336254,0.967260910445427,0.9983535403514409,0.9986738357810895,0.9979283672064664,0.9951551080266953,0.8679435690026559,0.9995951053541552,0.858889315926279,0.9971178525526746,0.9654517755906592,0.7003296659672997,0.9963229947761792,0.9989669310112708,0.9985480443069631,0.9951962277047547,0.998819478406312,0.9981542264705037,0.9289257428807033,0.9996197902895974,0.9873878929916573,0.8498009836601066,0.9986844516649891,0.998063061434945,0.9452271791017567,0.9885110616847091,0.9991037050580545,0.9834942482628217,0.9957567803570975,0.9941551063931807,0.9961438106652559,0.9990705207097818,0.9903822627364371,0.997399822246315,0.9998454966434146
FCNCA,0.9970149448704959,0.9970089492683122,0.848312590929119,0.9976712739509641,0.7570775952469817,0.9489798044954538,0.9783162738991122,0.9978431575875868,0.9595639429076895,0.9990956932730215,0.9965166007817529,0.9701798539605239,0.9980862931993099,0.9932076742794875,0.9975527422870606,0.9994390429272964,0.9634541160794626,0.9956969726112495,0.988162627602392,0.9994134388225896,0.9999999999999999,0.9988042493709618,0.9980031187001475,0.9985820519352476,0.9976796531147553,0.9973769299526695,0.9988283840817918,0.878833592815619,0.9988346766234311,0.9989594937805879,0.9959544358967611,0.983880172612448,0.7852056276496608,0.995103478769041,0.9915882568293899,0.9731819456747767,0.9992713206554755,0.9992889704470617,0.9963273362129733,0.9973721007210951,0.8777714319525903,0.9985918843711978,0.8514726622513239,0.9979472626096332,0.9730503899917021,0.7036093238438274,0.995382739229645,0.9974972588274179,0.9967303002433623,0.9970809977552034,0.997864849288318,0.9988798421772076,0.9389315730979493,0.9984244973308442,0.9918293224986722,0.8437567051061874,0.9968327005381225,0.9955476149415979,0.9546090275074265,0.986657226115225,0.9995129538788389,0.9782067183518658,0.9927854016555289,0.9968335182242146,0.9977217440078701,0.9987350454773519,0.9934455820755712,0.9958031471147121,0.9995209048545316
FHB,0.9962496029472201,0.9959562779359639,0.8493461092984568,0.998568257828313,0.7745490149998554,0.9507849337607798,0.981898896591259,0.998742797267683,0.9651478051046873,0.9984311786102048,0.997552604817611,0.9735725609885229,0.997636984394074,0.9953896549325403,0.9973950184891428,0.998298025552092,0.9596697364466868,0.9957447243903095,0.9836858731940945,0.9979564379251401,0.9988042493709618,1.0000000000000002,0.998136788359392,0.9972495984849755,0.997191231738937,0.9974540078338802,0.9996001837131724,0.8843820730609245,0.9986870644509968,0.9985908301641452,0.9955738010825544,0.9855888916694052,0.7934447168292136,0.9946991330217243,0.9889428932741465,0.9766276781037587,0.9988752043512421,0.9994084774252027,0.99491062757123,0.9990901322712834,0.885335476267288,0.996678005346982,0.8453799014464265,0.9977073181160692,0.9771400254124489,0.7014412386385389,0.9961744805159828,0.9969953537211076,0.9949360122477933,0.9976219453738789,0.9980326437755742,0.9998190168615887,0.9466673334371344,0.9965789162466151,0.9939537426288301,0.8396251499511117,0.9950194711505133,0.9933391779393024,0.9605118305376898,0.9838368916799729,0.9990633601225054,0.9745653590743508,0.989680481423538,0.9979327850583974,0.9969949349191286,0.9985075893917462,0.9945588079666531,0.9960284916444672,0.9985568284456672
FITB,0.9938261009580941,0.9932616788510746,0.8617682520241945,0.9988281405644652,0.7932067506699386,0.9622323317455981,0.9884444567938799,0.9989983892509224,0.9731975806507736,0.9984496700953893,0.999517100429102,0.9825450766040589,0.9960693664856702,0.9967990968359894,0.9975332041572215,0.9990020236988116,0.9655485111548084,0.9980784606721056,0.988746856852041,0.9964475759571915,0.9980031187001475,0.998136788359392,1.0,0.9962317541068093,0.9962510256133789,0.9957145303092728,0.9989192224652216,0.9045220357249257,0.9971446354817621,0.9972021731298227,0.9945738512315508,0.9905121850686118,0.817297184764688,0.9979934341608999,0.9876389348020606,0.9844579521129735,0.9995530992333341,0.9980430332517838,0.993688129157521,0.997573012116891,0.904249525753086,0.9959526964739661,0.8572842901002821,0.9985610346537154,0.9813410721837786,0.7250321649489231,0.9930139327841336,0.9943730675288962,0.992891238387545,0.9997894395221566,0.9966861498211835,0.9984831871821959,0.9551230769520965,0.9946473200582275,0.9946906493663175,0.85383302499767,0.9936418841779113,0.9911373864808551,0.9670875904211478,0.9871608505667762,0.9982302550629155,0.9742954031624387,0.9860189353728217,0.9991127039945892,0.9997870086790677,0.9951895549630339,0.9983553244676577,0.9951276783949163,0.997005543805947
FMAO,0.9991557987083808,0.9990540155352503,0.8631476610024856,0.9948747021439959,0.7574767282175707,0.9476745373650269,0.9721790078916858,0.9973906483118655,0.950127911467191,0.9958186642414034,0.9938013846431036,0.9641196916774196,0.9992628056181431,0.9880864924925951,0.9975725874045488,0.9982399880296444,0.9692884354307464,0.9967454996923504,0.9917218581401065,0.9995571714030531,0.9985820519352476,0.9972495984849755,0.9962317541068093,0.9999999999999999,0.999110036892073,0.9988944151602127,0.9978921262147115,0.8710411869155574,0.9985307590366935,0.9990331042927219,0.999015022984768,0.9826095570012057,0.7758046647549723,0.9957926010214132,0.9955192391479247,0.9660240209799086,0.997996539688512,0.9983949342944658,0.9979895218773395,0.9936530308936072,0.8680508419323619,0.9998904969276078,0.8623474899169138,0.997431740150847,0.9630646166047042,0.7141639695919775,0.9955870256912115,0.9990169689376786,0.998392640109541,0.9950516671514059,0.9992298530793163,0.9977977410290413,0.926507074291077,0.9996182991320472,0.9853419216287049,0.8574216183947938,0.9993624702391406,0.9987400146392621,0.9428171809059939,0.9913069052537893,0.9981829151909943,0.9851992048898227,0.9952032430271546,0.9931245918599588,0.9959551882062041,0.9980278312564402,0.9898000248792272,0.9986150979285737,0.9993787011009244
FMBH,0.9993643295491598,0.9992560554471202,0.8779462103492859,0.9936987672065659,0.7750687762017104,0.9536617036556878,0.9754409587443077,0.9984725312118483,0.951842746911417,0.9946315025466725,0.9936300212286806,0.9684729380991842,0.9998865204300579,0.9876525142270983,0.9992887018562013,0.9968994040489998,0.9759633550890731,0.9975152246771384,0.9922193732377907,0.9987219898905292,0.9976796531147553,0.997191231738937,0.9962510256133789,0.999110036892073,1.0000000000000002,0.999867732724394,0.9982788828184627,0.8821362582715766,0.9993653570706567,0.9994135609705769,0.9993590056944766,0.9850062038640925,0.7930977966329865,0.9946114729285275,0.9969533702996968,0.9695384059090822,0.9980301616272088,0.9982018866737541,0.999405341660907,0.9936820728264216,0.8781682510440099,0.9990833122458322,0.877071999116773,0.9955505031557282,0.9624798480748098,0.7238916148308895,0.9958446776241181,0.9995075236633483,0.9990274151278737,0.9947428266087838,0.9997753650589135,0.9980446136265518,0.9294174820879539,0.9989107856712032,0.9845913310541443,0.8714033369378851,0.9992379507449742,0.9980947315488266,0.9432032511105813,0.9929849920599699,0.998445406440759,0.9882721920922775,0.9955543066703817,0.9933343080232203,0.9958325795692785,0.9981388254484923,0.9908473203544779,0.9994058178987202,0.9990749325305365
FNB,0.9993800120600641,0.9993725427945792,0.8761690315886906,0.9935211318745453,0.7744320729481361,0.9507775857084121,0.9745790089188412,0.998287538901087,0.9508963219473218,0.9942733262862699,0.9931698972703313,0.967171795397654,0.9998812980891866,0.9874641133029199,0.9989478411885235,0.9964044552193612,0.9741703753327182,0.9968099406018235,0.9902785143803806,0.9985845966712996,0.9973769299526695,0.9974540078338802,0.9957145303092728,0.9988944151602127,0.999867732724394,0.9999999999999998,0.9982305288240324,0.8791825914279657,0.9993262687119577,0.9993829228017668,0.9993094343984761,0.9835938706398828,0.7899818786109327,0.9938692493014344,0.9966524806621622,0.9683835588020832,0.9975960986521865,0.9980900286974864,0.9991786952170016,0.9938915675285863,0.8756369483115873,0.9987166037938723,0.8741554387545504,0.9952249712865399,0.961962890185964,0.7168965049922605,0.9965876593820503,0.9997002410434581,0.9989334661389642,0.9942363218807501,0.9998681037521003,0.9981301775068587,0.9287714843981753,0.9987325870601932,0.9844305370217749,0.8675798632098227,0.9989922271689233,0.9980120121976626,0.9425394047884736,0.991474806942079,0.9983129341682164,0.9877736668916617,0.9955878294170543,0.9929811107272406,0.9949995805786699,0.9984177403679528,0.9900923313545227,0.9994586053168277,0.998975831517965
GBCI,0.9970537458915905,0.9965224701887806,0.8610543409295367,0.9982774042253851,0.7836248361011673,0.9573623716727084,0.9834068514134808,0.9996579518794902,0.9658041309805488,0.9980340367123797,0.9980318684031474,0.9761145076741222,0.9983375272602332,0.9948416758081953,0.9986637252776137,0.9986220579127187,0.9658230593501455,0.9976678000772569,0.9877692659194446,0.998123455821243,0.9988283840817918,0.9996001837131724,0.9989192224652216,0.9978921262147115,0.9982788828184627,0.9982305288240324,1.0000000000000004,0.8914077022870919,0.9991672898072357,0.9989094428253282,0.9968803795787324,0.9888574612024909,0.8023324807241723,0.9961546782452112,0.9908289779679152,0.978425873211411,0.9995323007330513,0.9996493424419616,0.996219565558739,0.998303502722488,0.8911368949270317,0.9974654517393367,0.8566446410609395,0.9979478581329518,0.9760303750194246,0.7183370873041256,0.9951403529718871,0.9974078669147367,0.9957198516483508,0.99828307804871,0.9987392469346705,0.999856456818167,0.9466222092712171,0.9970526669832835,0.9928902366775899,0.8533633324558006,0.996154404640758,0.9941206902911712,0.9596953789771991,0.9879701028059521,0.999199678798976,0.9779148922075609,0.9901924670552325,0.9980579907999854,0.9981002880115054,0.9981749218895445,0.9955527449822503,0.997266627421502,0.9987466654030978
GS,0.8662906606618359,0.8637369150884705,0.8839789290216473,0.8930047079511483,0.9453346392740571,0.95421371635709,0.9533091899419313,0.8993712863644572,0.9524354476541774,0.8873702330836285,0.9080769717069163,0.966097565880563,0.8777044131062574,0.9088488358013688,0.8962605839541399,0.886163219923944,0.9024704252177833,0.9037255006624735,0.8915996249384228,0.8705917167196174,0.878833592815619,0.8843820730609245,0.9045220357249257,0.8710411869155574,0.8821362582715766,0.8791825914279657,0.8914077022870919,1.0,0.8830055385380916,0.880718382338875,0.8755301171420754,0.9267998012049271,0.9822831608128204,0.89984642632578,0.8643947044728607,0.9594284836907908,0.895007141868938,0.8818426888253909,0.8774968804822779,0.8913442789805632,0.9974249864664341,0.871194015088839,0.8622349454058462,0.8858266730052521,0.9238313150319514,0.7923836119082182,0.8699803770070423,0.8689565887390993,0.8674751820863821,0.906347712966985,0.8808478989971327,0.8872769742470219,0.9557527188070639,0.8640361055229591,0.9037223740089468,0.8683858217288714,0.8668222434048619,0.8554022973318776,0.9375044392813583,0.8886728844066786,0.8864376193860225,0.8579476457234448,0.8457224042303882,0.9068441016346049,0.9062942098370295,0.8686156079046401,0.9246626257867976,0.8808206131400538,0.8750577799257039
HBAN,0.9986524578609294,0.9985586368399705,0.8659849904059597,0.9956188840432659,0.7713638233201202,0.9529738237152442,0.9781340730425119,0.9988951342933651,0.9565508390517574,0.9967819744872687,0.9951475707058931,0.9705936009744811,0.9995554650756654,0.9908050590822715,0.9993507245792984,0.9976160632517029,0.970878396491947,0.9966206884517897,0.9891408663862212,0.9989716700262443,0.9988346766234311,0.9986870644509968,0.9971446354817621,0.9985307590366935,0.9993653570706567,0.9993262687119577,0.9991672898072357,0.8830055385380916,1.0,0.9997171558226219,0.9977555760800791,0.9854257382427251,0.79418396905775,0.9936900186162051,0.994651731363389,0.9726213511689251,0.9988314961385414,0.9992502907029727,0.9985977491673144,0.996494088102467,0.8806721777339029,0.9985113171305521,0.8670354813394046,0.9958747428033976,0.9682536104143908,0.7145132267795067,0.9962572992906219,0.9991336678223363,0.9983608471924671,0.9957427055110618,0.9992881752129406,0.999193608805706,0.9358922540474127,0.9986228759000567,0.9887623790749038,0.860041340389276,0.9980114961963599,0.9965592698247203,0.9496864709495235,0.9896954083810304,0.9994767182218541,0.9836846041983409,0.9946705457742957,0.9955996697397432,0.9965226963000633,0.999310717364137,0.9925408465776474,0.9979476545994677,0.9995548912993343
HBHC,0.9986984894052798,0.9987783446788783,0.8647410400214015,0.9956712325920738,0.768018660992748,0.950562948619863,0.9772577778220625,0.9986656606465127,0.955496504627008,0.9969210981560266,0.9950991928982993,0.9696243862699057,0.9996883865223762,0.9905879514237304,0.9990879633353897,0.9980595821474069,0.97040355396434,0.996870561639433,0.9894230019261799,0.999325617279484,0.9989594937805879,0.9985908301641452,0.9972021731298227,0.9990331042927219,0.9994135609705769,0.9993829228017668,0.9989094428253282,0.880718382338875,0.9997171558226219,1.0000000000000002,0.9980987372000906,0.9839324877592247,0.7903907526045375,0.9945162686799293,0.9949588722659627,0.9715129419328234,0.9988392875553191,0.9989735306887497,0.9985286432535743,0.9960281726096032,0.8781905815414853,0.998990541076677,0.8658678354390089,0.996576233220256,0.9675828502001191,0.7104499492548162,0.9975080353615587,0.9993262830980852,0.9986112233672321,0.9958938292679714,0.9994634117163551,0.999057378666305,0.9343884277052833,0.9989493269996628,0.9882851021069383,0.8575556602871716,0.9983391612711242,0.9973359501575352,0.9487212124927298,0.9895989591755405,0.9995498507143885,0.9841918013256513,0.9949851102368455,0.9952724941782651,0.9967054836421957,0.9990561055917792,0.9923796724431974,0.9982845045062544,0.9997543102938166
