Ticker,ABCB,ABTX,AJX,ARI,AXP,BAC,BBT,BK,BOKF,C,CFG,CFR,CIT,CMA,CNND,COF,DFS,EWBC,FCNCA,FFIN,FHB,FITB,FMAO,FMBH,FNB,GBCI,GS,HBAN,HBHC,HOMB,HTH,IBKR,IBOC,ISBC,JPM,KEY,LARK,MBWM,MCBC,MS,MTB,NAVI,NKSH,NTRS,OPY,PACW,PBCT,PGC,PNC,PNFP,RF,SCHW,SFBC,SIVB,SLFC,SRCE,STBA,STT,SYF,TFSL,TSC,UMBF,USB,WAL,WFC,WSBC,ZION
ABCB,0.9999999999999999,0.9996118508791226,0.8343154566704685,0.7358208849200792,0.8913749052866264,0.9810653394279605,0.994846029684169,0.981785144366324,0.9797689306404345,0.9708487714153873,0.9983470967974584,0.9922721925087719,0.9971911469546464,0.9972223794305451,0.9681671379576533,0.9872231331593586,0.9899777006630754,0.9987191367413596,0.9928786844638698,0.9817270016044751,0.9932983014402266,0.9866100690593523,0.9982338200709839,0.9975372550279927,0.9980506865383078,0.9923819401710576,0.881541813334407,0.9961153776163489,0.9965683236229714,0.998656431097312,0.9904705478624256,0.8338078473636775,0.9905985100985862,0.9973592672857132,0.9764113655707157,0.9887218550110828,0.9944683604887086,0.9987943556621509,0.9988141364442487,0.8576945666613347,0.998492174822342,0.8429446120778538,0.9848762768513694,0.9875434291910229,0.7251702735513833,0.993904234230716,0.9991677629266729,0.9989026337642296,0.9964643610236956,0.9991570532672986,0.9983709022057192,0.9251757009747008,0.998457996375563,0.9807388902723655,0.8409205351438549,0.9988601801109166,0.9992065405677256,0.9846075857093618,0.990967100689235,0.991662099121456,0.9977508299978604,0.9904193986546119,0.9933799555409027,0.9983502205595881,0.9868103962499648,0.9978749102898768,0.9974346441492824
ABTX,0.9996118508791226,1.0000000000000002,0.8374698449019956,0.7452586773779082,0.894926140982001,0.9842962017518805,0.996353371491406,0.9847202789854589,0.9831244918299997,0.974618355459857,0.9993419528324123,0.9944958118155612,0.997998028147858,0.9981803428009157,0.9692303237517423,0.9892274805982637,0.9890335883721849,0.9992798174504935,0.9947710401473153,0.9846109391349108,0.9953536517587326,0.9894191190149321,0.998885177462385,0.9986362440799476,0.9991200778423782,0.994363785826582,0.8879161540452457,0.9976211156296197,0.9981248513890285,0.9990220332039592,0.9888854840638871,0.839258304265923,0.9922351998880489,0.9984320496929843,0.9799475363987955,0.9912951027190897,0.9958138751417401,0.9989946789346364,0.9992888933815276,0.8647233771555555,0.9978810388308379,0.8444377212360936,0.987634540230152,0.9902425728456369,0.7178538878260391,0.9962359798559824,0.9998707539517508,0.9994586308486982,0.9976682408345718,0.9997803713013707,0.9992533960472033,0.9321769819273865,0.9976705385892327,0.9840955179781904,0.8392863604473073,0.9993640790688366,0.9992371502561866,0.9876237393577353,0.9892660850435225,0.9918627211649953,0.9980895037990516,0.9927940015474265,0.995026117685641,0.9990523854128702,0.9895723121582343,0.9986681518424738,0.998624980441618
AJX,0.8343154566704685,0.8374698449019956,1.0,0.9275810606296736,0.8938489801007776,0.8912496337514388,0.8638561407606238,0.8814281814948177,0.857556032259303,0.9062246939327352,0.8457424647952562,0.8432078853740782,0.8575605128989365,0.8371209561524461,0.9291643266074275,0.8724753278539518,0.8653452027594363,0.8272946270653088,0.830159868215601,0.8540594084109334,0.8380345709266424,0.8564992335579151,0.8372625475668829,0.8535521422441487,0.8534015999664594,0.8520509276224246,0.9507257631820121,0.845910155796837,0.8415415979624873,0.8534937643322306,0.8786743923328867,0.9707965516890766,0.8594371856621438,0.8590258411769598,0.8903984270534995,0.8517084113425076,0.8357815383658397,0.8493714066214747,0.8235971261846495,0.9379636155871396,0.8249469447057749,0.9503152878594867,0.8379172160351946,0.8370963947878374,0.8556599364568427,0.8293794364705508,0.837545362903106,0.8365478615979324,0.8523378452769973,0.8472048694338756,0.8382975332022635,0.8644590733225002,0.8164445572877241,0.8272166911367439,0.9715223361898481,0.8427191869424268,0.8334094308073129,0.8598509915490405,0.8752580131370278,0.8804667571768244,0.8195366298836888,0.8460687391971823,0.8535144466409221,0.8239969548220324,0.8702424749785097,0.8591243786692292,0.8315804720024685
ARI,0.7358208849200792,0.7452586773779082,0.9275810606296736,0.9999999999999999,0.917265299901837,0.8380135420308303,0.7946545156568402,0.8335734782899619,0.8246336703313665,0.8583327241528721,0.7640563673578935,0.7850181759948319,0.7643407926344393,0.7493875305187225,0.8262632889914224,0.818746416387885,0.7507520297527942,0.7359825421769716,0.7687373928762116,0.8202478302608693,0.7811115764105163,0.808722259643946,0.7527097966587988,0.7747366789784652,0.7720276334017163,0.7955582342223952,0.9399486419778003,0.7745982906598745,0.7686796029819398,0.7633868697780202,0.7815592725652785,0.918115255076159,0.7897259896348026,0.7712874859953022,0.8444185606994589,0.8007913810827533,0.7739234400274055,0.7485903878865304,0.7339183023031061,0.9732153726944682,0.7130395913454742,0.8073090319278662,0.7947538142345772,0.7891965932552184,0.7769299549160426,0.7511655694214129,0.7500003971896864,0.7407661042891833,0.7712938067115594,0.7573206340608475,0.7591751091375265,0.8940265803305953,0.7033378302448576,0.7966872316348232,0.8528784166444274,0.7557568016048662,0.7315982745636904,0.8144234985686716,0.760708345563019,0.7611158830367893,0.7166121711461504,0.7926813315438472,0.780579408317438,0.7405051605765298,0.8142461648751859,0.7731616601284492,0.7538541031810256
AXP,0.8913749052866264,0.894926140982001,0.8938489801007776,0.917265299901837,1.0000000000000002,0.9503192616102202,0.9282735583369027,0.953624522099176,0.9510901406762678,0.9591269117735539,0.9088408635822136,0.9268713408666016,0.9064789537828177,0.9034176342245148,0.9281418352965309,0.9470342747051214,0.9055768595828025,0.8931833195024557,0.9207108451757875,0.9465709387676906,0.9214463696891603,0.9412387150009462,0.9043979669074852,0.9158728016993504,0.9103357121888521,0.931414872757884,0.9704621046578605,0.9178883471351114,0.9138778434461562,0.9047106177195579,0.9280386888763466,0.9143182023098373,0.9260451060336456,0.9110308226651368,0.9563617366281799,0.9373875843638602,0.9233333504940416,0.8961986001986317,0.8906817883236443,0.9723163738677123,0.8767078389422563,0.8325935311821865,0.9331806562422387,0.9335437042320035,0.8575866058361573,0.8893177318474199,0.898246822971793,0.8931991794113074,0.9152064008913089,0.9006908249646614,0.907794875378777,0.9749754176318423,0.8705945279025203,0.9378741159021321,0.8856191108041637,0.9060589709662493,0.8861137476071911,0.9455084145957379,0.909616576900926,0.8894301963665404,0.8769623748972218,0.9329919178693504,0.9251821478277593,0.8955806541044314,0.9427477326094013,0.9087100667747062,0.9067111328601332
BAC,0.9810653394279605,0.9842962017518805,0.8912496337514388,0.8380135420308303,0.9503192616102202,0.9999999999999997,0.9948858298356946,0.9991688674360437,0.9954417174924236,0.9986876347206598,0.9896266130053804,0.9937318403726227,0.9895135016043267,0.987848844559581,0.9845897926526773,0.9963750521619121,0.9816210469209459,0.9838240311063593,0.9909857065505259,0.992761465501068,0.991159012266407,0.9963236594940365,0.9866200588741707,0.9918638216388789,0.9902432554739625,0.994240405667783,0.9532574353551926,0.9922549575559322,0.9911089357975197,0.9868876248877655,0.9843658156582089,0.9076753612347213,0.9915321959121287,0.9917542233086984,0.9996071784004347,0.9957870525706588,0.990702669501763,0.9856621317210067,0.9824507335810886,0.9306768991045492,0.9760534046889254,0.8819776972428354,0.9904953810988831,0.9936916276554454,0.7639792484557822,0.98324348750416,0.9858194126779852,0.9849048464576569,0.9917339531943247,0.9868345780498182,0.9882211791251094,0.9753102678229709,0.973183053541763,0.9907173056261641,0.8822910795381619,0.9876863917845142,0.9806643480879468,0.9974910382782319,0.9804631609593029,0.9823869032589057,0.9785285878649416,0.9948306855988042,0.9942674204528194,0.9839057112937007,0.9986491600922537,0.9887690014206431,0.9883808735958194
BBT,0.994846029684169,0.996353371491406,0.8638561407606238,0.7946545156568402,0.9282735583369027,0.9948858298356946,1.0,0.9956078369520917,0.9940481208239936,0.9886971576340364,0.9986383695614786,0.9984767876013129,0.9967590622481369,0.9965324873332309,0.9769251692109617,0.9975950753032773,0.9878583973001903,0.9954792409249389,0.9972802091341955,0.9944183181954598,0.9982413773385295,0.9972116767293584,0.9972701597991334,0.999386038251038,0.998871968320763,0.9991622281032202,0.9200336929652113,0.9990328070346712,0.9987053452269642,0.997481122042911,0.9913148341780319,0.8691159517559763,0.9963833884024166,0.9983447287527165,0.9924455437792739,0.9978855786624152,0.9983366740985741,0.9955436879623701,0.9949153593532477,0.9023367771051127,0.9906020717830523,0.856101057859592,0.9943756516199858,0.9962219512250272,0.7468611904827924,0.9933270188312988,0.9970150008406143,0.9955300843815835,0.998516458101205,0.9974739243609688,0.9982555138859458,0.9581048148262094,0.9891465711237595,0.9923171412846156,0.85917170613372,0.9978453170822597,0.9938874203469779,0.9964631821740906,0.988374002247264,0.988646602537426,0.9913367343390529,0.9981687200423419,0.9982187094210196,0.9957687718782339,0.9974807408379014,0.9981478167708185,0.997637730123407
BK,0.981785144366324,0.9847202789854589,0.8814281814948177,0.8335734782899619,0.953624522099176,0.9991688674360437,0.9956078369520917,0.9999999999999998,0.9980754642437929,0.9971484101947676,0.9901443929224755,0.9954998985600513,0.9882028924727826,0.9888521648294123,0.9793870269601765,0.9984076825763215,0.9815171748921391,0.9848938699311641,0.993237702725302,0.9962342844493504,0.9930031856250716,0.9983336982784632,0.9883778882669799,0.992425071705667,0.9904418117053174,0.9959772431541019,0.9484328626626349,0.9927538133793629,0.9918625865247966,0.9877478739483626,0.9850552045920186,0.8956450062356269,0.9940793690127279,0.9912785659025565,0.9990975436399279,0.9976646993126097,0.992999177171308,0.9847679076551932,0.9828375878005965,0.9308252041283401,0.9766033505007728,0.8660399081977335,0.9943540604322122,0.9958825522060846,0.7661140599963236,0.9827381868911774,0.986167283723002,0.9845686409363664,0.9927582296400932,0.9871543719045122,0.9891995101353196,0.9775688359784074,0.9736152593248544,0.993775702955818,0.8727163442816661,0.9888509458441002,0.9812387174677425,0.9989371986150685,0.98016968450191,0.9789339707258318,0.977882853463055,0.9965906906540998,0.9954949393053589,0.9846269407382338,0.9991845408093216,0.9892222098334956,0.9895744792953198
BOKF,0.9797689306404345,0.9831244918299997,0.857556032259303,0.8246336703313665,0.9510901406762678,0.9954417174924236,0.9940481208239936,0.9980754642437929,1.0000000000000002,0.9918168311416206,0.9888121235746864,0.996479307532057,0.983912147548092,0.9874231916161266,0.9652160546150041,0.9976866776609626,0.9740090802285444,0.9840522306495594,0.9947753854147507,0.9991417958072858,0.9948244540981633,0.9991225818378805,0.9879078300125016,0.9907457774382418,0.9886711792351685,0.9966386718075387,0.9361279849829613,0.9919728143190406,0.9915501767610619,0.985612204395966,0.9784882339037243,0.8718445318574568,0.9935535294627099,0.9878772100355098,0.995706425004123,0.9984824927529189,0.99430413401756,0.9806031599318256,0.9820078917741841,0.9265377224717695,0.9737008822995333,0.8340523960982245,0.9978390912871731,0.9977425497060269,0.743241289281812,0.9829934056897349,0.9849073438163514,0.9820333203028745,0.9910620905908691,0.9851792447123046,0.9887392446760926,0.9812183940558526,0.9710560343271484,0.9979114518190849,0.8435161378711866,0.987455918575433,0.9791217755282448,0.9990791780466836,0.9721165824058632,0.9697497528671841,0.9755216845730673,0.9975364954960353,0.9940072403370579,0.9844780250488802,0.9974899125397506,0.9870296587946742,0.9895654743622662
C,0.9708487714153873,0.974618355459857,0.9062246939327352,0.8583327241528721,0.9591269117735539,0.9986876347206598,0.9886971576340364,0.9971484101947676,0.9918168311416206,0.9999999999999999,0.9813262566014693,0.9870347994055024,0.9823395219080917,0.9796999700251235,0.9864195402396699,0.9924065465508278,0.9764481486687447,0.9741184822893588,0.9833984942353334,0.9878539123953971,0.9832305923647126,0.9916897798250368,0.9777053333897128,0.9844092309625269,0.9822451505454572,0.9877093607001279,0.967239462352933,0.9847294433930872,0.9831903371324626,0.9784351973033512,0.9791349922534854,0.9255401682691587,0.9858307574760382,0.9848336197263681,0.9992064961108563,0.9904738018811489,0.9827520742801661,0.9772573500913522,0.9720931411760261,0.9428817526833623,0.9655213927123375,0.8949126354556123,0.984303535234949,0.987751372475824,0.7787791763730324,0.9736619917972871,0.9763820796883688,0.975745657708456,0.9847304565673151,0.9779839975195727,0.9793071385227928,0.9787058094463746,0.9617768344944129,0.984817625081442,0.8964279940032122,0.979086682309712,0.9706839420362283,0.9936678377000004,0.9749402961496936,0.9765680685934987,0.9679971912706288,0.9887875875961848,0.9884972167590818,0.9737488463221281,0.9952224572321663,0.9808431192359344,0.9795932837198265
CFG,0.9983470967974584,0.9993419528324123,0.8457424647952562,0.7640563673578935,0.9088408635822136,0.9896266130053804,0.9986383695614786,0.9901443929224755,0.9888121235746864,0.9813262566014693,0.9999999999999999,0.9973980183409504,0.998438609744077,0.9986465425791481,0.9725154181495588,0.9933848037321523,0.9890735081593935,0.99881103087276,0.9972186801606333,0.9895536649747939,0.997700017654698,0.9938131562779069,0.9990939127791522,0.9997967596591502,0.9997961249918907,0.9973172826571308,0.9014345812677079,0.9993531640636036,0.999550563310181,0.9988880609141912,0.9898103023801003,0.8512455460316576,0.9946222611704063,0.9992730129850487,0.9861756532287996,0.9952489239495451,0.997967944431071,0.998392885457644,0.9986407325597491,0.8793672716715323,0.9957380695149726,0.8484399124327852,0.9915777463658437,0.9942326259420329,0.7259803154597683,0.9964004414044404,0.9996423450032087,0.9989166927108448,0.9989278755907427,0.9995710569028422,0.9998428252498323,0.9443591520414079,0.9950799971441407,0.9891638066311318,0.8451746521689917,0.9995761975462673,0.9978535564494524,0.9925466926916714,0.9889821309779715,0.9909172957812,0.9966122137237083,0.9962959768204855,0.9974670402950186,0.9988756275191972,0.993988730784693,0.9989828380160126,0.999451275648234
CFR,0.9922721925087719,0.9944958118155612,0.8432078853740782,0.7850181759948319,0.9268713408666016,0.9937318403726227,0.9984767876013129,0.9954998985600513,0.996479307532057,0.9870347994055024,0.9973980183409504,1.0,0.9938567694711998,0.9965944030078351,0.96835206797922,0.9970264029115339,0.9836658897966992,0.9952591938067191,0.9995968508529651,0.9963034001820877,0.9993292879198123,0.998880128460046,0.996754351882848,0.9979402311839006,0.9968726167538838,0.9994730459246655,0.915028171843428,0.9986605446863794,0.9987482970956826,0.994745580393954,0.9849562790330247,0.855842068589663,0.9963528661717155,0.9962508962917414,0.9920919668449312,0.9995085412932567,0.999249552029751,0.992479472680513,0.9941990365838282,0.8973849328638918,0.9885315131965551,0.836801777230841,0.9975993153578095,0.9992532741199333,0.7248296831486468,0.9934200097002687,0.9955669375721101,0.994018821715871,0.9978461270277279,0.9952698705300138,0.9974766770159911,0.9631090509613612,0.9871558708661109,0.9968761920444507,0.8370326105445078,0.9965763434576566,0.9919469514638263,0.9981505647054628,0.9818262492265364,0.9821769522224935,0.9903331376396151,0.9998115312874034,0.9985869717098017,0.9954916901053439,0.9978171578504114,0.9952939309350162,0.9981328862792394
CIT,0.9971911469546464,0.997998028147858,0.8575605128989365,0.7643407926344393,0.9064789537828177,0.9895135016043267,0.9967590622481369,0.9882028924727826,0.983912147548092,0.9823395219080917,0.998438609744077,0.9938567694711998,0.9999999999999997,0.9971929205276839,0.9805066694136452,0.9903831421628502,0.9919457071046734,0.996860993354884,0.993394526600055,0.9832458311490482,0.9934643582346001,0.9900422152400274,0.9963814671914443,0.9982285793763632,0.9983599141944173,0.9935969740467379,0.9069072397116515,0.9975719128353294,0.9975780862771858,0.9971277175332345,0.9912716833860744,0.866424072213542,0.990985597099409,0.9992206803256621,0.9857471559320541,0.9916674725005223,0.9940328649664283,0.9992303096276057,0.9971215406832616,0.876014450182716,0.9954476197893117,0.8712034184085131,0.9851802477158107,0.9902229973048348,0.7373310776671699,0.9951055564239122,0.9982072700519059,0.9988009744220255,0.9971429906832283,0.9982238561453475,0.9976489819701386,0.9379382753301971,0.9947906574490761,0.9832503301101537,0.8627839226578597,0.9977152555909038,0.996948589614883,0.9895466657617746,0.9920172373811333,0.9954044717350102,0.996778305387247,0.9928082936084585,0.9957028672813214,0.9966817263989429,0.9925522484013029,0.9975222035743678,0.997059975782191
CMA,0.9972223794305451,0.9981803428009157,0.8371209561524461,0.7493875305187225,0.9034176342245148,0.987848844559581,0.9965324873332309,0.9888521648294123,0.9874231916161266,0.9796999700251235,0.9986465425791481,0.9965944030078351,0.9971929205276839,0.9999999999999998,0.9716797046893171,0.9920794769127624,0.9922369338794702,0.9993696294873293,0.9972342912210952,0.9874262187902874,0.9954521694451618,0.9930901308914529,0.999293403378086,0.9983801157152767,0.9977795815402989,0.995134279481283,0.8981698968098408,0.9974745467754811,0.998388025407446,0.9977882609187015,0.9879903502649583,0.8458842241486761,0.9958179064403427,0.998532565538112,0.9847086738567001,0.9943649925941521,0.9963977887546412,0.9975206986074944,0.9974131858076802,0.8710738416252672,0.9971291304128259,0.846951556227973,0.9917195165778039,0.9938013354986714,0.7223194601743441,0.9948864946858962,0.9981908670103105,0.9985322849161338,0.999321795034637,0.9982802485362641,0.9982609920758525,0.9400488896475778,0.9959859150941546,0.987783069742245,0.8409497254982692,0.9992412717708079,0.9982546882738345,0.9915869171304011,0.9894309416697953,0.9906290840871445,0.9966701025561225,0.9951841430230428,0.9983739287523657,0.9973440952037915,0.9933542614225572,0.997319406578859,0.999061348760546
CNND,0.9681671379576533,0.9692303237517423,0.9291643266074275,0.8262632889914224,0.9281418352965309,0.9845897926526773,0.9769251692109617,0.9793870269601765,0.9652160546150041,0.9864195402396699,0.9725154181495588,0.96835206797922,0.9805066694136452,0.9716797046893171,1.0,0.9753268051039286,0.984064440788288,0.9667692692916421,0.9647425748456271,0.9607362300007397,0.9637867999843946,0.970247692334124,0.9682459191279165,0.9752955917621362,0.9741369736043513,0.9696557366769937,0.9543206213255968,0.972412353670009,0.9705154558438462,0.9731604030525091,0.9833894497968331,0.940401511385191,0.9717213615804917,0.9799436717929706,0.9826114488346736,0.9699821463619702,0.9654796225510303,0.9773565077246348,0.9650419364772544,0.9100897775545201,0.9666325464051522,0.9450745358483132,0.9580424923538501,0.964996174213863,0.8130182411059247,0.9614296670514229,0.9692465384029472,0.9720975085438821,0.9754726010371773,0.9722997160269199,0.9689103935533312,0.9338190764417191,0.9631293812619656,0.9547414120355535,0.9403955258976706,0.9716865476923716,0.968167427888849,0.9724971738684551,0.984825607583752,0.9877534303185396,0.9658817924921083,0.9689978461345882,0.976445635364096,0.9641883404659476,0.9790694978272368,0.9745161271444231,0.9676376288077266
COF,0.9872231331593586,0.9892274805982637,0.8724753278539518,0.818746416387885,0.9470342747051214,0.9963750521619121,0.9975950753032773,0.9984076825763215,0.9976866776609626,0.9924065465508278,0.9933848037321523,0.9970264029115339,0.9903831421628502,0.9920794769127624,0.9753268051039286,1.0,0.9850309553741885,0.9891083831214219,0.9951917798380437,0.9976387598993411,0.9954559815238645,0.9986931497497569,0.9929509923903741,0.9951559708102132,0.9936080717026778,0.9977718862193506,0.9343674086471377,0.9946172241885181,0.9944919362430589,0.992511931626928,0.988936731929126,0.8772685842886838,0.9973419946105276,0.9932592522445428,0.9953952023448581,0.9982815168848271,0.9957565462720226,0.9878522526758841,0.9866620115418295,0.9225900140939729,0.9822971983157899,0.8523876066699407,0.9966807662187782,0.996158946256178,0.7678912642955059,0.9862388105867468,0.9901115268888302,0.9878967767692354,0.9955445322905694,0.9912769187395793,0.9928397975133048,0.970075351139379,0.9795284384535342,0.9935625821649289,0.8652271170937511,0.9929727372246825,0.9867361765109374,0.9980219336735676,0.9848007076809643,0.9806572808181503,0.981412060691554,0.9974275265414504,0.9969401596114642,0.9882518659262575,0.9983483459147333,0.9935020343640404,0.9926546121821526
DFS,0.9899777006630754,0.9890335883721849,0.8653452027594363,0.7507520297527942,0.9055768595828025,0.9816210469209459,0.9878583973001903,0.9815171748921391,0.9740090802285444,0.9764481486687447,0.9890735081593935,0.9836658897966992,0.9919457071046734,0.9922369338794702,0.984064440788288,0.9850309553741885,0.9999999999999999,0.9898183259140527,0.9838977898538688,0.9729176323757635,0.9801095098619192,0.9813465087768722,0.9903688818584765,0.9896851803260271,0.9884169262867936,0.9826172697049302,0.9070315151997355,0.9862482672827366,0.987005339397273,0.9911227931587305,0.9933665626139925,0.8692360276291671,0.9891064397964799,0.9921647723243406,0.9783968010608654,0.9822213902584378,0.9835636257181258,0.9922505841671266,0.9858751194224381,0.8692976700419554,0.9922781881276097,0.8844612993554162,0.9769489331047696,0.9794792131910967,0.7815425523541838,0.9794053074990106,0.9878939245569003,0.9903556218820728,0.9920927169605506,0.989856854528781,0.9873605630737212,0.9210584006476901,0.9897734881503901,0.9691222547486216,0.8870325235729155,0.9914067165815708,0.991506465004468,0.9801878957685783,0.9981401867082583,0.9932056245165514,0.9871933973260029,0.9822773914928262,0.9912367633078627,0.9846716106224485,0.9851270706864349,0.9900204323875024,0.987511474505783
EWBC,0.9987191367413596,0.9992798174504935,0.8272946270653088,0.7359825421769716,0.8931833195024557,0.9838240311063593,0.9954792409249389,0.9848938699311641,0.9840522306495594,0.9741184822893588,0.99881103087276,0.9952591938067191,0.996860993354884,0.9993696294873293,0.9667692692916421,0.9891083831214219,0.9898183259140527,0.9999999999999998,0.9962269600695245,0.9850068826281361,0.9952454122586836,0.9903420294539463,0.999333929821106,0.9980572561037937,0.9979897903495848,0.9941175890649727,0.8858637885394147,0.9972165800502741,0.9980630574258409,0.9981026965741691,0.9867016542315885,0.8335236595502646,0.9934096241689054,0.9979527202132265,0.979984937856065,0.9921178322651998,0.9960753603889647,0.9980831117205408,0.9989928653882832,0.860070637126685,0.9983113730419322,0.8380344639111659,0.9894462301590561,0.9917705638636889,0.7100703488568478,0.9955446638276906,0.9991609220980076,0.9992260677947445,0.9982107498992451,0.9989137451613419,0.9987821863054166,0.932816601124973,0.9978691765592651,0.9857607195902622,0.8311524400949347,0.9993389953914175,0.9991515017183202,0.9884733746482011,0.9879897401544478,0.9900102646909671,0.9982418491371619,0.9934995405208947,0.9962563786872213,0.9988032929168871,0.99006407598765,0.9973458986794123,0.9991565295280092
FCNCA,0.9928786844638698,0.9947710401473153,0.830159868215601,0.7687373928762116,0.9207108451757875,0.9909857065505259,0.9972802091341955,0.993237702725302,0.9947753854147507,0.9833984942353334,0.9972186801606333,0.9995968508529651,0.993394526600055,0.9972342912210952,0.9647425748456271,0.9951917798380437,0.9838977898538688,0.9962269600695245,1.0,0.9945848983211145,0.9988369165474993,0.997685890773049,0.9971315064624462,0.997426842427749,0.9962021295229625,0.9985087668172085,0.9063745767405966,0.9983307533854271,0.9985772498475948,0.9942842553128044,0.9840112185851024,0.8452647010968982,0.9955033598711001,0.9957369830032198,0.9893028517676701,0.9986206924509003,0.9992808045067857,0.9925768494871071,0.9951081204419682,0.8862884197242122,0.989975839052969,0.828808320531301,0.9969824354384481,0.9990336601755042,0.7176608860062315,0.9931060227237968,0.9957436445595448,0.9945648835311061,0.9976079527996558,0.9950589093408301,0.997562969753611,0.9582750236178783,0.9889036695656787,0.996479916060806,0.8279713106892229,0.9967878695479836,0.9926318469637353,0.9968180711209225,0.9813149214490733,0.9809730184475525,0.9917036538734749,0.9992225135439818,0.9983466787847204,0.9962550917496603,0.9962687318375992,0.9943628928193173,0.9986466920118251
FFIN,0.9817270016044751,0.9846109391349108,0.8540594084109334,0.8202478302608693,0.9465709387676906,0.992761465501068,0.9944183181954598,0.9962342844493504,0.9991417958072858,0.9878539123953971,0.9895536649747939,0.9963034001820877,0.9832458311490482,0.9874262187902874,0.9607362300007397,0.9976387598993411,0.9729176323757635,0.9850068826281361,0.9945848983211145,0.9999999999999997,0.9957221190053528,0.9983549698545987,0.9893385883007609,0.9913253946968547,0.9896948989216829,0.997184337964727,0.9271447520373193,0.9919400366469162,0.9916790632042392,0.9875905900032693,0.9792270398699849,0.8600327963549063,0.9944101743522997,0.9876969735803753,0.9924149411341037,0.9977918336551375,0.9950678411821238,0.9808907433501519,0.9829988430079873,0.9242897913723305,0.9750648814853714,0.8229850319446148,0.9985460757623749,0.9966399959655299,0.7411937918996563,0.9834408330889995,0.9860831811777451,0.9822975641796493,0.9913120617401435,0.9866209164871091,0.989782894921646,0.977304785816419,0.9725974557242617,0.9970372014261979,0.8371721284294544,0.9885909009081487,0.9806613462898066,0.9974333642191084,0.972326292152675,0.9690188091208136,0.9757026470589558,0.9969740355847425,0.9931518659644195,0.9855505012831646,0.9955659649130516,0.9887088865225275,0.9899655871084427
FHB,0.9932983014402266,0.9953536517587326,0.8380345709266424,0.7811115764105163,0.9214463696891603,0.991159012266407,0.9982413773385295,0.9930031856250716,0.9948244540981633,0.9832305923647126,0.997700017654698,0.9993292879198123,0.9934643582346001,0.9954521694451618,0.9637867999843946,0.9954559815238645,0.9801095098619192,0.9952454122586836,0.9988369165474993,0.9957221190053528,1.0,0.9972892665272656,0.9966267874694279,0.9979204374431927,0.9974488546909006,0.9994730470175079,0.9067187536558727,0.9988013097011269,0.9987537682379649,0.9951497834758771,0.983844509288065,0.8468390331028429,0.9944642132035372,0.9956353832490883,0.9889274993842189,0.9982489406278211,0.9994601985757605,0.9925229848696329,0.9952911676793957,0.8932128617497619,0.9884227525738791,0.8280018784054376,0.996435090170312,0.9979787821687705,0.7157229608598179,0.9945111975357678,0.9964433598542821,0.9941495895051167,0.996741576684964,0.9958779510852314,0.9981419757343951,0.960016700037066,0.9876481492013849,0.9961161486695902,0.8290294160144139,0.9965133634421719,0.9921759536686372,0.9962419655814199,0.9797918237790694,0.9809130742680194,0.9907994410903878,0.9989648194335955,0.9965817843097505,0.996669550919105,0.9955489172656399,0.9957402940876057,0.9981223944500248
FITB,0.9866100690593523,0.9894191190149321,0.8564992335579151,0.808722259643946,0.9412387150009462,0.9963236594940365,0.9972116767293584,0.9983336982784632,0.9991225818378805,0.9916897798250368,0.9938131562779069,0.998880128460046,0.9900422152400274,0.9930901308914529,0.970247692334124,0.9986931497497569,0.9813465087768722,0.9903420294539463,0.997685890773049,0.9983549698545987,0.9972892665272656,1.0000000000000002,0.9931606486370558,0.9951890354738712,0.9935224111113402,0.9986114293597023,0.9299481341016902,0.9958664847133889,0.9957571535238432,0.9911834043507699,0.9834027796667902,0.8695953254681931,0.9965218955970531,0.9932352779181579,0.9956875039796299,0.999832285569438,0.9970712582188388,0.9875488311396559,0.9883309185957497,0.9152728817216594,0.9821249121537312,0.841987472862132,0.9984451830122913,0.9990463691746487,0.7400997985192078,0.9886565352099306,0.9907635632926172,0.9887920641053477,0.9956578971170695,0.9910316483101216,0.993573940827309,0.9731395435186656,0.979815313338182,0.9974982954209227,0.8467402555753966,0.9928772773317658,0.9864701460413885,0.9996344113022341,0.9791890615934487,0.9781179211934409,0.9834620833294134,0.9993044642607615,0.9976224625104361,0.9901108949273189,0.9990624561581068,0.9922050552722427,0.9943738319762379
FMAO,0.9982338200709839,0.998885177462385,0.8372625475668829,0.7527097966587988,0.9043979669074852,0.9866200588741707,0.9972701597991334,0.9883778882669799,0.9879078300125016,0.9777053333897128,0.9990939127791522,0.996754351882848,0.9963814671914443,0.999293403378086,0.9682459191279165,0.9929509923903741,0.9903688818584765,0.999333929821106,0.9971315064624462,0.9893385883007609,0.9966267874694279,0.9931606486370558,1.0,0.9988489133534905,0.9985808808219196,0.9961953128113188,0.8939870073896993,0.9976117652774757,0.998489054121391,0.9990882853572832,0.9890297802918413,0.8389716436024002,0.996480153707222,0.9980800150107373,0.9831452558516859,0.9944069644394803,0.9973734605533277,0.9971240537304329,0.9976456994507183,0.8741442227108998,0.9969173442329046,0.8378582111639086,0.9928213330489816,0.993402620856998,0.7252170289994437,0.9949195931314724,0.9987780293981544,0.998036655498804,0.9992153741045221,0.9990715613067849,0.9990113995907001,0.9400499375009009,0.9958865545450055,0.9880065192084145,0.8376761083288622,0.9997841261045853,0.9985715380056879,0.9910736524459601,0.9891627247754887,0.9890899277394983,0.9956959852374662,0.995244361455959,0.9975593258903692,0.9978171207191279,0.9924101557402016,0.9985860928690874,0.9990800118482319
FMBH,0.9975372550279927,0.9986362440799476,0.8535521422441487,0.7747366789784652,0.9158728016993504,0.9918638216388789,0.999386038251038,0.992425071705667,0.9907457774382418,0.9844092309625269,0.9997967596591502,0.9979402311839006,0.9982285793763632,0.9983801157152767,0.9752955917621362,0.9951559708102132,0.9896851803260271,0.9980572561037937,0.997426842427749,0.9913253946968547,0.9979204374431927,0.9951890354738712,0.9988489133534905,1.0000000000000002,0.9997706971502331,0.9981257986390822,0.9088251651213076,0.9994144055233203,0.9994210224158803,0.998849338571464,0.9911577229312126,0.8588398704237502,0.9957514233198524,0.9994363865252921,0.9887725835854883,0.9963366403950229,0.9982609495656862,0.9979266221943509,0.9976078689977684,0.887592493911784,0.9945423042700978,0.853364973843609,0.9926862948109688,0.9950509031464994,0.7354931154285131,0.9952201849492602,0.998990876554082,0.9981357455487193,0.9992578938218679,0.9992000491547972,0.9994930291622496,0.9488714047736249,0.9935579248668813,0.9901765219152618,0.852324442975816,0.99937843638898,0.9969180112527849,0.9941336374473471,0.9897135937282693,0.9910228242177311,0.995135962338827,0.9971075412531544,0.9981816586908898,0.9980069469813795,0.9955192493462168,0.9990365327877012,0.9990610380313935
FNB,0.9980506865383078,0.9991200778423782,0.8534015999664594,0.7720276334017163,0.9103357121888521,0.9902432554739625,0.998871968320763,0.9904418117053174,0.9886711792351685,0.9822451505454572,0.9997961249918907,0.9968726167538838,0.9983599141944173,0.9977795815402989,0.9741369736043513,0.9936080717026778,0.9884169262867936,0.9979897903495848,0.9962021295229625,0.9896948989216829,0.9974488546909006,0.9935224111113402,0.9985808808219196,0.9997706971502331,1.0,0.9973032840844556,0.9045268726426007,0.9990430883986344,0.9991128015566427,0.9991130177008937,0.9902681604767111,0.8559879877371901,0.99448489199758,0.9992586326838055,0.9866262408814033,0.9948391075710314,0.9974031668260508,0.9982634298342271,0.9979870510043595,0.8843534592596232,0.9948797704524166,0.8528653107182906,0.991000348861866,0.9933385499824027,0.729659148469242,0.9961764305754119,0.9993940847736358,0.9983986224988927,0.9985929194590858,0.9996028098497458,0.999490297776655,0.9451591785855706,0.9941453774409428,0.988233903151348,0.8502725888302266,0.9991931366649452,0.9973705394957552,0.9922611448406979,0.9890712788408443,0.991709749666065,0.9956706517161075,0.9958008071467691,0.9968273357989296,0.9982512184017251,0.9938795104752824,0.9994089460186208,0.9986892416484929
GBCI,0.9923819401710576,0.994363785826582,0.8520509276224246,0.7955582342223952,0.931414872757884,0.994240405667783,0.9991622281032202,0.9959772431541019,0.9966386718075387,0.9877093607001279,0.9973172826571308,0.9994730459246655,0.9935969740467379,0.995134279481283,0.9696557366769937,0.9977718862193506,0.9826172697049302,0.9941175890649727,0.9985087668172085,0.997184337964727,0.9994730470175079,0.9986114293597023,0.9961953128113188,0.9981257986390822,0.9973032840844556,1.0000000000000002,0.9179643175591176,0.998593867822125,0.998249038901283,0.9952454467434477,0.987068546368499,0.8601870371654278,0.9959576752033241,0.996060420533812,0.9924421538879854,0.9991778562026733,0.9992971059910163,0.9922922436273995,0.9936382314339034,0.9041997943026383,0.9872732815161893,0.8394556925537444,0.9970081330189705,0.9983074704990299,0.7350210731868433,0.992257920422,0.9954074007760632,0.9931920563588853,0.9972416050872568,0.995395217095319,0.9974256315321666,0.9644844480249625,0.9859370951635682,0.9962024326696516,0.844088587487712,0.9962951744997133,0.9911374190070953,0.9978756427273929,0.98258009121458,0.9822902838583933,0.9888548221005187,0.999452431814247,0.9975895383695212,0.9950902531892124,0.9974966116816594,0.9959205085478966,0.9972617283045375
GS,0.881541813334407,0.8879161540452457,0.9507257631820121,0.9399486419778003,0.9704621046578605,0.9532574353551926,0.9200336929652113,0.9484328626626349,0.9361279849829613,0.967239462352933,0.9014345812677079,0.915028171843428,0.9069072397116515,0.8981698968098408,0.9543206213255968,0.9343674086471377,0.9070315151997355,0.8858637885394147,0.9063745767405966,0.9271447520373193,0.9067187536558727,0.9299481341016902,0.8939870073896993,0.9088251651213076,0.9045268726426007,0.9179643175591176,1.0000000000000002,0.909011381543521,0.9049234102802477,0.89801882629939,0.9148088976640022,0.9784318412080457,0.9175549893125623,0.9108215752835158,0.958107907028145,0.9253967090589575,0.9055003518076779,0.8959120240117022,0.882023216011952,0.975657490157313,0.8722803960209329,0.9186364835458262,0.9151803836215506,0.9192566452715072,0.823849586187436,0.8874319098264889,0.8910474409492033,0.8903924583019704,0.9098726970377101,0.8954755479810046,0.8967773332887525,0.9618182865921023,0.8647066051746289,0.9179882524670917,0.9305263286928303,0.8970890716266241,0.8810421094849576,0.9358759651081041,0.9062775841074532,0.9068638455359626,0.8754317735764037,0.9202598239713288,0.9190902032450846,0.8850781820130297,0.9385849930128561,0.9033273976324198,0.8966162807772674
HBAN,0.9961153776163489,0.9976211156296197,0.845910155796837,0.7745982906598745,0.9178883471351114,0.9922549575559322,0.9990328070346712,0.9927538133793629,0.9919728143190406,0.9847294433930872,0.9993531640636036,0.9986605446863794,0.9975719128353294,0.9974745467754811,0.972412353670009,0.9946172241885181,0.9862482672827366,0.9972165800502741,0.9983307533854271,0.9919400366469162,0.9988013097011269,0.9958664847133889,0.9976117652774757,0.9994144055233203,0.9990430883986344,0.998593867822125,0.909011381543521,1.0000000000000002,0.9997000332312015,0.9968556294868296,0.9884743559042167,0.8575138264929394,0.9938184810740994,0.9985188584392534,0.9895923883065814,0.9971981031095566,0.9989330303276641,0.9967247577441538,0.9976483117094951,0.8865922021310705,0.9924126406347693,0.8476583260142511,0.9929887697436444,0.9967002554249204,0.7259318298111059,0.9954975774437314,0.9984469711873719,0.9974956906555529,0.9981426391500702,0.9979380598072016,0.9993628453508445,0.9531900603840573,0.9917985447939794,0.9929048779785751,0.84444001670327,0.998242856537243,0.9950427666001787,0.9953166309174005,0.9860431082724503,0.987911283093077,0.9948680630294732,0.9981735714959216,0.9977422641821432,0.9983272843658013,0.995983552265602,0.9973027980275481,0.9992104513595332
HBHC,0.9965683236229714,0.9981248513890285,0.8415415979624873,0.7686796029819398,0.9138778434461562,0.9911089357975197,0.9987053452269642,0.9918625865247966,0.9915501767610619,0.9831903371324626,0.999550563310181,0.9987482970956826,0.9975780862771858,0.998388025407446,0.9705154558438462,0.9944919362430589,0.987005339397273,0.9980630574258409,0.9985772498475948,0.9916790632042392,0.9987537682379649,0.9957571535238432,0.998489054121391,0.9994210224158803,0.9991128015566427,0.998249038901283,0.9049234102802477,0.9997000332312015,1.0000000000000002,0.9974035546258968,0.9874822861729801,0.8514270493506086,0.9948472184056975,0.9985264127311774,0.9882453579041294,0.9970399355493585,0.9987596582070469,0.9967704749183516,0.9978437569726363,0.883290269692176,0.9936210818506893,0.8433660030098447,0.9936940732637253,0.996543915580341,0.7210929599615994,0.9968065597393456,0.9987947818733739,0.9979215072294015,0.9987049293136198,0.9983637221735214,0.9995344606750052,0.9508480966717653,0.9928880274512267,0.9924495533360277,0.8394406624600161,0.9987629481169553,0.9962588681084185,0.994787217781569,0.9861177712997089,0.9879440106477274,0.9953920491207319,0.9979549988456713,0.9980660314329699,0.9984026335856013,0.9955983210500439,0.9978090462244077,0.9996208801844162
HOMB,0.998656431097312,0.9990220332039592,0.8534937643322306,0.7633868697780202,0.9047106177195579,0.9868876248877655,0.997481122042911,0.9877478739483626,0.985612204395966,0.9784351973033512,0.9988880609141912,0.994745580393954,0.9971277175332345,0.9977882609187015,0.9731604030525091,0.992511931626928,0.9911227931587305,0.9981026965741691,0.9942842553128044,0.9875905900032693,0.9951497834758771,0.9911834043507699,0.9990882853572832,0.998849338571464,0.9991130177008937,0.9952454467434477,0.89801882629939,0.9968556294868296,0.9974035546258968,1.0000000000000004,0.9916452251497474,0.8489659674690082,0.9954849088671952,0.998460889297359,0.982818406456184,0.9923828363051992,0.9956397371735876,0.9979586964667966,0.9968762429260944,0.879664903597231,0.9966080963177331,0.8509082646082728,0.9897804509921146,0.9902382875465778,0.7369886643590811,0.9941050089766251,0.9986842349779953,0.9977505992699154,0.9985075078612462,0.999596873037923,0.9984412453355599,0.9371273654533065,0.995499426290676,0.9840457620272942,0.8523340086829242,0.9993871717035808,0.9985232870836572,0.9890643518204977,0.9917968643970054,0.9924841902930548,0.9948854134393945,0.9931631807037458,0.9959959179722013,0.9968489597316917,0.9912676431307526,0.9997183808894389,0.9974848565483199
HTH,0.9904705478624256,0.9888854840638871,0.8786743923328867,0.7815592725652785,0.9280386888763466,0.9843658156582089,0.9913148341780319,0.9850552045920186,0.9784882339037243,0.9791349922534854,0.9898103023801003,0.9849562790330247,0.9912716833860744,0.9879903502649583,0.9833894497968331,0.988936731929126,0.9933665626139925,0.9867016542315885,0.9840112185851024,0.9792270398699849,0.983844509288065,0.9834027796667902,0.9890297802918413,0.9911577229312126,0.9902681604767111,0.987068546368499,0.9148088976640022,0.9884743559042167,0.9874822861729801,0.9916452251497474,1.0000000000000002,0.8757530347591358,0.9872339378731995,0.9913094696952082,0.9813234420201885,0.9843868363075928,0.9873400099796417,0.9911296768556924,0.9858381523668083,0.8900261856469678,0.9870504697976166,0.878351711169705,0.9781174791432606,0.9810257776944888,0.8118006087429702,0.9769614730554265,0.98824501161519,0.9881399830141889,0.9902714203021276,0.9899346332141037,0.9889647929559691,0.9328442194653312,0.9853484263024948,0.9732346931101852,0.8964929450217977,0.990940857982001,0.987919745388971,0.9828613164204664,0.9973084333912068,0.9888306247019487,0.9831228697038141,0.9847203219032975,0.9891690435436615,0.9855778376459257,0.986173885091633,0.9911662388793337,0.9868389279522167
