Ticker,ABCB,ABTX,AJX,ALTA,ARI,AXP,BAC,BBT,BK,BOH,BOKF,C,CFG,CFR,CIT,CMA,CNND,COF,DFS,EWBC,FCNCA,FFIN,FHB,FITB,FMAO,FMBH,FNB,GBCI,GS,HBAN,HOMB,HTH,HWC,IBKR,IBOC,ISBC,JPM,KEY,LARK,MBWM,MCBC,MS,MTB,NAVI,NKSH,NTRS,OPY,PACW,PBCT,PGC,PNC,PNFP,RF,SCHW,SFBC,SIVB,SLFC,SRCE,STBA,STT,SYF,TCBI,TFSL,TSC,UMBF,USB,WAL,WFC,WSBC,ZION
ABCB,1.0,0.9995729686438071,0.7202191170244017,0.9983983467612929,0.6909448102088223,0.9321022219372465,0.9874811437751622,0.9991211610907392,0.9928210857445279,0.9968762292687186,0.9983364503779569,0.9767278793085515,0.9995305444780436,0.9985576725695061,0.9974366144432166,0.9970011138897508,0.9492210374727418,0.996119290259495,0.981714228352456,0.9982630079056912,0.9979660029631491,0.9988076306914302,0.9992185971946109,0.9975373581707422,0.998759181595949,0.9991807690985057,0.9992241068329579,0.9996401333356228,0.8634750948288155,0.9989055999407196,0.9990236750935363,0.9843186858050519,0.99895610110728,0.7226108052380283,0.9936409470061952,0.9971967386935711,0.9835235768373515,0.998221207471474,0.9997411815463616,0.9978530667946885,0.9985666777909946,0.8954335918221259,0.9983740906134468,0.7239258501602803,0.9965868854873345,0.9974489751715846,0.5043761151319942,0.9904541341653481,0.9992944480701742,0.998464182572444,0.9973857710385415,0.9993703781254699,0.9995975726201215,0.9900352839028034,0.9990853262944982,0.9977504956708371,0.706200267846298,0.9993265391420137,0.9987530016608722,0.9963013948387109,0.9857436052592007,0.99775688267402,0.989803127331542,0.9969772864365266,0.9983643587421586,0.9954675570436826,0.9981733810296612,0.9948730031942997,0.9987359084758266,0.9988023800119266
ABTX,0.9995729686438071,1.0,0.7183155617690312,0.9989104888560544,0.6875961462857384,0.9254474280292996,0.9885943952353332,0.9991329250245599,0.9930178095512039,0.9980199657899005,0.9985482568560228,0.9778560480828478,0.9998655908320204,0.9993956833831916,0.9977452657617769,0.9976378519869784,0.9493474557621754,0.9951813722016872,0.9799162442731877,0.9991570922945849,0.998716437754818,0.9986100885546202,0.9998587259756171,0.9980128199941095,0.9988953534310668,0.9993904369061474,0.9996433440256364,0.9997722405004438,0.8643370294584152,0.9993941692898768,0.9986817879468922,0.9802203945105179,0.9996716355824237,0.7250240141613613,0.9936572714915114,0.9979516976301207,0.9845996701729335,0.9987172779071459,0.9994568196739083,0.9984715188059046,0.9993765411742812,0.8956999542144417,0.9987493629005417,0.7261675075845054,0.9969769786219539,0.9982432725592417,0.484240568250179,0.9931961430630731,0.9998958934410918,0.9993927815545567,0.997793539128584,0.9997305226797855,0.9998702818318901,0.9913369731326866,0.9994045423635519,0.9987629364859016,0.6987184745575069,0.9993082567004702,0.999175699516032,0.9970441702552967,0.9827534638903566,0.9989897487956935,0.9908887884736509,0.9985614316902525,0.9989527996664608,0.9959627867723153,0.9990559937709902,0.9956141800951461,0.9986610058520947,0.999555405162534
AJX,0.7202191170244017,0.7183155617690312,0.9999999999999998,0.6983043332392902,0.9816114423618365,0.8533113117705698,0.8015513197827621,0.7438306090105468,0.7827445979967976,0.7051519970734501,0.7355880383047144,0.8310273517081973,0.7289578257815092,0.7198974171168193,0.7534876452265838,0.7146333081796215,0.8822356668821748,0.7613142706921734,0.7823123900732987,0.7084581267893661,0.7070452431996054,0.7407143498314732,0.7097780097289256,0.7389012980907775,0.7145617980900939,0.7406220423293967,0.7351836164885761,0.7282325046719529,0.9455129477609985,0.7252301439347254,0.7352906833459603,0.7863962494628981,0.7219476253818042,0.9575524704480075,0.7397242218150862,0.7548576341231176,0.8097588854534413,0.7313341029962883,0.7143409114950907,0.7467587937389586,0.7073846691388268,0.9344599486899555,0.7117669346576889,0.9615005394197434,0.7084612847139785,0.7245724844834834,0.6961721331265855,0.6994112821312056,0.7199237684649129,0.7253682937759457,0.7377552242950547,0.7306859064686227,0.7169056524596509,0.7894544327674957,0.709489872256924,0.7095521260589782,0.959945894185733,0.7253856321891754,0.7132494223468715,0.7492496925185189,0.7893157314980788,0.7236577508677712,0.7991201296734542,0.7056031579302745,0.7318709243373941,0.7405721753999788,0.7033746969697834,0.7601916386499942,0.7408832578257513,0.712716067888021
ALTA,0.9983983467612929,0.9989104888560544,0.6983043332392902,0.9999999999999999,0.6618806960284562,0.9194401981924377,0.9851168597894302,0.9972856472611937,0.9911438194329398,0.9991895966757207,0.9984503566208752,0.9736803587951277,0.998459873919435,0.9992935696454346,0.9953799345541312,0.9991665616671792,0.9426137422615327,0.9940605460660925,0.9811838648684317,0.9997608676138874,0.9995524534733001,0.9978165423426735,0.9987784340315762,0.9980047356658943,0.9995151764948962,0.9977189518148182,0.9975328651247063,0.9985338445339071,0.8539234616079256,0.9978656027168725,0.9977208412167161,0.9773240821102326,0.9987207246040363,0.7078513887930371,0.9950854590739567,0.9961124150507141,0.9812468963261475,0.998587081767209,0.9988825736097277,0.9964332298375667,0.9982610886263145,0.8855892876710342,0.9997104851431153,0.7100898692967992,0.9987266490071328,0.9984577805391592,0.4765586116110676,0.9913032189614104,0.998368316115455,0.9983953235196124,0.9980303503261352,0.9982464220071827,0.9988110453961635,0.9878992832368113,0.9997890564220837,0.9987560383833337,0.6830338361769849,0.9991354636255989,0.9994363631440824,0.9962504461914574,0.9815129427386081,0.9982342623566026,0.987283017278528,0.998038244370309,0.9983173656009481,0.9967898460141063,0.9979295867847783,0.9946202428649049,0.9968428571962966,0.99942254918379
ARI,0.6909448102088223,0.6875961462857384,0.9816114423618365,0.6618806960284562,1.0,0.8120399385358784,0.759647417487022,0.7114368647988809,0.7412491783483655,0.6631954914994417,0.6976850065613729,0.7848300299939164,0.6976966818024732,0.6828949623137112,0.7180465463244192,0.6730654369789072,0.833466657852619,0.7253649060891469,0.7302441629603739,0.671199911116161,0.6673125165692501,0.7079728830510305,0.6800561827209227,0.6989328967295665,0.6791731841026496,0.7082458720230341,0.7061833639433723,0.6966118193682277,0.889427364431626,0.6919412191235746,0.7057470057137571,0.7523190212604614,0.6874749154909506,0.9038919699706318,0.6995151734439017,0.7186864190485713,0.7642074881464421,0.692156466155683,0.6819054368678136,0.7117091527399809,0.6757849763912396,0.8842699399223567,0.6734485337946203,0.9049421567712976,0.6709095918652519,0.6830644964076875,0.664783605646746,0.669964233264503,0.6899467147878162,0.6896543565567234,0.6986556915947966,0.7009476998625229,0.6850949165145238,0.7494863817643863,0.6734169801906106,0.6713486327313728,0.921810441010837,0.6906356493615491,0.6789258349465498,0.7076040220321026,0.7487076360059531,0.6862995627491568,0.7619428847865608,0.6693479665862162,0.693915382094494,0.6956144532376761,0.6724878797583655,0.7174136586349079,0.7130237261985427,0.6766655616200958
AXP,0.9321022219372465,0.9254474280292996,0.8533113117705698,0.9194401981924377,0.8120399385358784,1.0000000000000002,0.9517580465351844,0.9392447393775385,0.9536470048001395,0.9212317341159422,0.9362787520259038,0.9582871781089969,0.9303622277344433,0.9263014677684074,0.9433510576583253,0.9261722933973376,0.9706365188349131,0.9512210067741996,0.965711642214827,0.920908220951752,0.9242052100279703,0.9369165881103737,0.9200985890199262,0.936500675304713,0.9268524136404086,0.9361752901546903,0.9302472881157928,0.9319746857379205,0.9377737190213612,0.9308348318098366,0.9335094508791711,0.9801675076136147,0.9276644560289123,0.8441229103867095,0.9331798693321032,0.938564884443241,0.9553339716903977,0.9344983848755936,0.931485709713246,0.9377235438663597,0.9201993052748196,0.9551861593556626,0.9265138957239142,0.8475654667429555,0.9206080623537672,0.9317928727676358,0.7671574441599418,0.8955528342271603,0.9246527699608981,0.9280454930955054,0.9346949917445422,0.9286337027880824,0.9278440496168224,0.9466218321842156,0.9261145493351438,0.923128893117284,0.8941444467264039,0.9328781191042989,0.9237789297969433,0.9404917178990918,0.9741455107205369,0.9257536431546266,0.9473989824727104,0.9158725997489756,0.9341026446375652,0.9388056185964418,0.9174460457467273,0.9439835137143238,0.9329899314458442,0.9245021893321487
BAC,0.9874811437751622,0.9885943952353332,0.8015513197827621,0.9851168597894302,0.759647417487022,0.9517580465351844,0.9999999999999998,0.9931810656650454,0.9984794375259931,0.9884416023686479,0.99230843592129,0.9981559372169316,0.9906628149701187,0.9905794893206242,0.9957089626300094,0.9885602272681691,0.9849703572801851,0.992785785712973,0.988035111676007,0.9880522576931606,0.9883841577828019,0.9911699828417417,0.9868370618262677,0.9934160618704069,0.987284260823478,0.9928112235999622,0.9910961388945424,0.9904556468477871,0.9293815567390817,0.991051393550764,0.9888985824244622,0.9832501206320027,0.9907486818116972,0.8183837164174702,0.9878811682636685,0.9961333131069303,0.9995665844262575,0.9926714809602077,0.9875481510318826,0.995008853236701,0.9872204195216343,0.951119948236012,0.9879973604875342,0.8200631637158158,0.9845796465178679,0.992184178478602,0.5363008719731506,0.9807325223116953,0.9889432173196886,0.9918154987328771,0.9922882704969662,0.9901226284747978,0.9887641732250663,0.9996649479691315,0.9877201300792144,0.9892158215761768,0.7819247797747307,0.9898248255924639,0.9873083901824016,0.99602256104357,0.9880212707373759,0.9919321183728218,0.9992706442991086,0.9882593259583176,0.9930103524256332,0.9934908019383497,0.9860974275240803,0.9971468522984116,0.9898351765668134,0.9891623814920322
BBT,0.9991211610907392,0.9991329250245599,0.7438306090105468,0.9972856472611937,0.7114368647988809,0.9392447393775385,0.9931810656650454,1.0000000000000002,0.9966999845122706,0.9969947080066531,0.9991605571948767,0.9847376965287425,0.9996548611744722,0.9988664808359563,0.9993995491679579,0.9971672013179622,0.9608867970724854,0.9976906153892752,0.985521836976112,0.9979657122376946,0.9977892383713056,0.9992240251450382,0.9984087321648001,0.9988561441725312,0.9981739510600027,0.9999537904927412,0.9995745462914193,0.9996253969796002,0.882898604203549,0.9992163708202835,0.9988187940074387,0.986213093782964,0.9992215336237955,0.7495512842039264,0.9945976988352909,0.9993519880312007,0.9900742400052771,0.9991352790677761,0.9988824243405682,0.9995023544949584,0.9979610859743074,0.9122701510170252,0.9980337360206066,0.7509656268704075,0.9958841051936286,0.9984217765632606,0.5133838804880844,0.9906936181729534,0.9990553088890727,0.9991294142422485,0.9984475799404332,0.9994275580871599,0.9991514874450845,0.9949789924140338,0.998484445344043,0.9978288757618601,0.7274237816238489,0.9992364377641504,0.9982152690998802,0.9986109456649138,0.988531560712653,0.9986374355823675,0.9948030439478854,0.9970735831665475,0.9993252470085544,0.99729310811225,0.9973557984622885,0.9978842152765571,0.9989488378902379,0.9986696213008304
BK,0.9928210857445279,0.9930178095512039,0.7827445979967976,0.9911438194329398,0.7412491783483655,0.9536470048001395,0.9984794375259931,0.9966999845122706,1.0000000000000002,0.9929318407673634,0.9968470088450248,0.994774610886387,0.9946730741293713,0.9947035627182756,0.9977298295286959,0.9941103764854037,0.9783778890239027,0.9974897020729037,0.993097517337346,0.9929312591755585,0.9932330114481649,0.9960803732584779,0.9912354914176673,0.9974378685805279,0.9933167846897656,0.9963749234409667,0.9945515381951637,0.9947035865477342,0.9149314166543753,0.9943006568651677,0.9943385286237851,0.9885966272372356,0.9944015508868403,0.7924389988988386,0.9941413271241035,0.9982178544676917,0.997421089790368,0.9966453763158502,0.9928757004948348,0.9971518661806494,0.9909894906900724,0.9391448716626274,0.9936655234713854,0.7951672817561024,0.9914283916942702,0.9959070531858896,0.5456571815163441,0.982772938910295,0.9928226149532287,0.9949617486375928,0.9968342588006651,0.9942963715080657,0.9931319703267625,0.9983861860764697,0.9931284379695259,0.9929525877251665,0.7691344264105205,0.9950588442537102,0.9928698564704227,0.9984770711018123,0.993153743223667,0.9947927500366018,0.9985837879433036,0.9912530254397766,0.9964579806636585,0.9975841196118018,0.9898548824510867,0.9991852674240134,0.9944096469955884,0.9935127049117248
BOH,0.9968762292687186,0.9980199657899005,0.7051519970734501,0.9991895966757207,0.6631954914994417,0.9212317341159422,0.9884416023686479,0.9969947080066531,0.9929318407673634,1.0000000000000002,0.9983886857224442,0.9783987562972226,0.9977999638383671,0.9994453875055216,0.9963358889742181,0.9991790616872628,0.9491720621370524,0.9934878560220762,0.9827013500459647,0.9996004181405838,0.9998616860620225,0.996737965966057,0.9978303321866284,0.998485581198598,0.9983913473669526,0.9973885698179806,0.996773216329327,0.9978429150681619,0.865063474466885,0.9980595236486209,0.9959059113788324,0.9764047270303284,0.9988051290895802,0.7246314370765534,0.9941488961708113,0.996997554026136,0.9854257031632253,0.9990916466067146,0.9979146219627985,0.9972768211262891,0.9980216286593308,0.8947267224095505,0.9992689334888929,0.7266050030172386,0.9973831746243245,0.9995163764256297,0.47412550585590796,0.9913718318462691,0.9976624194867177,0.9988992385359149,0.9980464864678532,0.9972023397583307,0.9982008884814098,0.9909172760120435,0.9992277881129739,0.9994756046054865,0.691065988969506,0.9983373989784501,0.9984058323192756,0.9978154924987261,0.9814521807379861,0.9991278159555966,0.9893613138273278,0.9988465638683147,0.9989650842565048,0.9979506416870717,0.9976309181632659,0.9964540015173512,0.9951835097470539,0.9994127454299045
BOKF,0.9983364503779569,0.9985482568560228,0.7355880383047144,0.9984503566208752,0.6976850065613729,0.9362787520259038,0.99230843592129,0.9991605571948767,0.9968470088450248,0.9983886857224442,1.0,0.9840205994110907,0.9990018876151422,0.9993532171982289,0.9982004083736332,0.9992624745933738,0.9589159529925084,0.9981332499365807,0.9887254675776782,0.9989253528724971,0.9988120126462402,0.9994872271847396,0.9976422401577975,0.9998960845637705,0.9993195879104964,0.9992774237023582,0.998405214378568,0.9990090059368222,0.8801987105757586,0.998163883716357,0.9988305703268162,0.984627035057123,0.9988537486569292,0.74236362821683,0.997491492165567,0.9989172874887144,0.9894635713753699,0.9997785057870088,0.9984600586312681,0.9985216274106496,0.9969644319398455,0.9090367144302621,0.999396523641037,0.7450840047852901,0.9982534992072133,0.9992261959429612,0.5098537051856356,0.9897457199251963,0.9980915002566254,0.9987849003692177,0.9997986775364517,0.9988429143871274,0.9984369222251802,0.9938092065425912,0.9991255148171816,0.9979883932973382,0.720697634086449,0.9997117832224718,0.9990626000909143,0.9990254698870161,0.9891196684341484,0.9985464378822596,0.9939269198286985,0.9967817632098002,0.9994134759556286,0.9992101560049855,0.9962375067664699,0.9984559262904703,0.9983715212669972,0.9989059103459205
C,0.9767278793085515,0.9778560480828478,0.8310273517081973,0.9736803587951277,0.7848300299939164,0.9582871781089969,0.9981559372169316,0.9847376965287425,0.994774610886387,0.9783987562972226,0.9840205994110907,0.9999999999999999,0.9808510007690873,0.9808864578371383,0.9885497472541475,0.979198869582822,0.9931940468097475,0.9865385135589164,0.9867650362386202,0.9775201513366647,0.9781144332223473,0.9825447987146564,0.975318996433303,0.985713502514147,0.9769754800105999,0.984096410370807,0.9814666291665423,0.9806300365284312,0.9496478226771213,0.9812752389530939,0.9793993418536278,0.9796455718001683,0.9808731472414612,0.8492239356605827,0.980561303508508,0.9891763456009669,0.9991633980415795,0.984221772031954,0.9767701614551363,0.9872247624218456,0.9758070241617253,0.9674442426298686,0.9778952725650721,0.8515265779419829,0.9742170460623825,0.9835644004592554,0.560300649056046,0.9689103129722467,0.9782566592125622,0.9823783261906545,0.9843713917864092,0.9802460391629972,0.9780887335538175,0.9964148489562812,0.9770724711620287,0.9789385796272468,0.8126817091284139,0.9802457991938586,0.9767652639847976,0.9894386919788171,0.9855502707750258,0.9826335797964635,0.9964026817801929,0.977425487994603,0.9844182632593446,0.9867637066855378,0.9742989632630671,0.9916797982962876,0.980573196972496,0.9787826397457666
CFG,0.9995305444780436,0.9998655908320204,0.7289578257815092,0.998459873919435,0.6976966818024732,0.9303622277344433,0.9906628149701187,0.9996548611744722,0.9946730741293713,0.9977999638383671,0.9990018876151422,0.9808510007690873,1.0000000000000002,0.9994053069297378,0.998545565910035,0.997686141454577,0.9540652189953136,0.9964055043882067,0.9821941959192351,0.9989115815967277,0.9985055872220782,0.9990737539700355,0.9994981281826645,0.9985699801395367,0.9988452355470744,0.99981958427994,0.9998571784777639,0.9998763262633809,0.8719451073364105,0.999452451338499,0.9989763492576996,0.9823243347924839,0.9997021625210372,0.7349551411089614,0.9943899768097292,0.9987460050014897,0.9869705054249542,0.9990626369629118,0.9993101088539286,0.9990500582383949,0.9989596697297819,0.9024745594300244,0.9986705746452281,0.7362533476643837,0.9968601253811118,0.9984739416278946,0.4940324960534142,0.9927620066109902,0.9997877748826302,0.9994871312713786,0.9983108286990111,0.999878127524272,0.9997379168128954,0.9930218632945904,0.9992078521320532,0.998523580700009,0.7096285687713219,0.9994692685359986,0.9990806281617673,0.9978510704058413,0.9850258966191516,0.9990704671080334,0.9927903413139996,0.9981746331986323,0.9992593677959821,0.9966921948523467,0.9985173444688118,0.9967430785036366,0.999084115270003,0.9994012670240956
CFR,0.9985576725695061,0.9993956833831916,0.7198974171168193,0.9992935696454346,0.6828949623137112,0.9263014677684074,0.9905794893206242,0.9988664808359563,0.9947035627182756,0.9994453875055216,0.9993532171982289,0.9808864578371383,0.9994053069297378,0.9999999999999999,0.997999746382374,0.9991063003167315,0.9530738006982302,0.9956338329479684,0.9833895642958935,0.9998046754113133,0.9996784478219928,0.9985557614274904,0.9990633493708124,0.9992435817420335,0.99918495890256,0.9991680946288698,0.998849419376636,0.9993361634742401,0.8707256033599833,0.9991609517014283,0.9980424993106468,0.9797035952810546,0.999737742741464,0.732335952846385,0.9952193524404271,0.9985932506347581,0.987278007479547,0.9996862164419957,0.998942219678092,0.9987426598194424,0.9988323625219002,0.9005377352477822,0.9995253484004327,0.7341243831765871,0.9978247347650291,0.9995766718167515,0.48389620854372956,0.9926537868666558,0.9991653597984469,0.9997232496381244,0.9989451317177028,0.9990978681927519,0.9993520033098562,0.9928983111720953,0.9996823964836988,0.9994421132181033,0.7020643014932436,0.9994460148665546,0.9992992703381575,0.9985559693661263,0.9838680421392587,0.9996580144872826,0.9921483741146884,0.9989628250131529,0.9996784448755923,0.9981047210041957,0.998385367184256,0.9974140180019312,0.9977550300578462,0.9998875871662689
CIT,0.9974366144432166,0.9977452657617769,0.7534876452265838,0.9953799345541312,0.7180465463244192,0.9433510576583253,0.9957089626300094,0.9993995491679579,0.9977298295286959,0.9963358889742181,0.9982004083736332,0.9885497472541475,0.998545565910035,0.997999746382374,1.0,0.995755480275287,0.9671645257878209,0.9967686364180919,0.985859805595795,0.9966223197158536,0.9968953138976242,0.9975959187055105,0.996939018129476,0.9982688633482566,0.9961432138986329,0.9992066740409781,0.9985173311027955,0.998494415550013,0.8936241031920085,0.998925953921086,0.9966285472027512,0.986449874883062,0.9985906621592516,0.7665591936370539,0.9923273399490099,0.9995091440294578,0.9933017756816703,0.9986529580552558,0.9975280715482444,0.9997946594925814,0.9971298912587142,0.921434616634258,0.9964802868292005,0.7674068801842578,0.9932249526901626,0.9983204724237543,0.5182385611132296,0.9898829475065335,0.9979212104026416,0.9988222017834227,0.9973567562613949,0.9979424765597343,0.9980838167561721,0.9972255791196557,0.9970469338632139,0.9974696740825096,0.7388406345700037,0.997744769892415,0.9962916684855813,0.999149911257306,0.9885269984705409,0.9985264530797903,0.9962208188666716,0.996800087297533,0.9991061518907588,0.9970545096733568,0.9964568365794223,0.9986753585127172,0.9970739946290466,0.9977389481746318
CMA,0.9970011138897508,0.9976378519869784,0.7146333081796215,0.9991665616671792,0.6730654369789072,0.9261722933973376,0.9885602272681691,0.9971672013179622,0.9941103764854037,0.9991790616872628,0.9992624745933738,0.979198869582822,0.997686141454577,0.9991063003167315,0.995755480275287,0.9999999999999998,0.9508720295599797,0.995937691800176,0.9868705815097617,0.9993155745356431,0.9992392657607833,0.9981458996653668,0.9969526195258719,0.99923184006547,0.999400572330153,0.9975371130469928,0.9966201683166093,0.9976841001660076,0.8680896188733364,0.996778816416318,0.9974748525925993,0.97932081462849,0.9980214244243634,0.7247249002955284,0.997617565692583,0.9969885341766948,0.9855114371339412,0.9991506801596585,0.9975615396978322,0.996514722510286,0.9962650876598599,0.8974944657385775,0.9997561248702336,0.7280307970742967,0.9992483648116754,0.9989802898733925,0.49096642810619656,0.9897016537066918,0.9969606398405764,0.9979204944667688,0.9993176647237821,0.9975112170531333,0.9974522420302743,0.9903883094596487,0.9991501681635444,0.9979241589494571,0.6998476821597405,0.9990400024113227,0.9990920220365574,0.9977399173001851,0.9852712848034626,0.9979542355811932,0.9902891094831162,0.9967377091775419,0.9984873489989605,0.9989530751272607,0.9956090265498775,0.9968768071244841,0.9965701876432437,0.9987204124445688
CNND,0.9492210374727418,0.9493474557621754,0.8822356668821748,0.9426137422615327,0.833466657852619,0.9706365188349131,0.9849703572801851,0.9608867970724854,0.9783778890239027,0.9491720621370524,0.9589159529925084,0.9931940468097475,0.9540652189953136,0.9530738006982302,0.9671645257878209,0.9508720295599797,1.0,0.9661422305125422,0.9743268592295684,0.9477959268048631,0.9491695402135191,0.9575302549421881,0.9453929647392628,0.9612592674948708,0.9480511045385618,0.9593970644748033,0.9552451882286173,0.9541175373794719,0.9780108576324058,0.9550429340288282,0.9530703145931385,0.9696691754946685,0.9535108787312488,0.8997816802108479,0.9552837298901106,0.966861437953766,0.9885283213002762,0.9588714100432684,0.9490370910170838,0.9642130961747716,0.9463517256024822,0.9896181960512664,0.9490981430287119,0.9021551613375853,0.9438242730960354,0.957668017760773,0.6222179176263551,0.9360013833352283,0.9499372095121871,0.9556541780833089,0.9592539219262726,0.9530932704533196,0.9500978520427806,0.9808327050128125,0.9480307969616875,0.9505019480939648,0.8725383246186627,0.9533725659096722,0.9472580918303108,0.9673703520004515,0.9740647558984147,0.955659852945803,0.9810796193873739,0.9476965954590829,0.9592398569812741,0.9634276220604073,0.9442205144527273,0.9713486470183192,0.954688934543169,0.950083501169313
COF,0.996119290259495,0.9951813722016872,0.7613142706921734,0.9940605460660925,0.7253649060891469,0.9512210067741996,0.992785785712973,0.9976906153892752,0.9974897020729037,0.9934878560220762,0.9981332499365807,0.9865385135589164,0.9964055043882067,0.9956338329479684,0.9967686364180919,0.995937691800176,0.9661422305125422,0.9999999999999998,0.9928693873691056,0.9945446020103214,0.9943773133603009,0.9982308445714049,0.9934725030133458,0.9978937300033618,0.9966378155138343,0.9974283974747266,0.9959852409797952,0.9962558132961246,0.8931921115229324,0.9946838404814845,0.9975702230191303,0.9906147666356643,0.995446762551468,0.7582532797624952,0.9972017114444126,0.9971287691555567,0.9902998722649456,0.9971012318902568,0.995423113727561,0.996139626160832,0.9920079537852027,0.9209284204761735,0.9960993435270462,0.7617359564312279,0.9953849546048243,0.9957520587914811,0.5521763089199895,0.9847608829749148,0.9946708788707367,0.9950831818446717,0.9979453139748062,0.9964789134435238,0.9950205230109844,0.9931164367957489,0.9955176122617364,0.9929468028573905,0.7502374968615211,0.9974811437946285,0.996227598132559,0.9970197618140643,0.9949825350726091,0.9944568827198571,0.9946154016398209,0.9910384994462784,0.9963926860269291,0.9973949921642024,0.9908108527445499,0.9974409147484259,0.9975824185623406,0.9949096768123379
DFS,0.981714228352456,0.9799162442731877,0.7823123900732987,0.9811838648684317,0.7302441629603739,0.965711642214827,0.988035111676007,0.985521836976112,0.993097517337346,0.9827013500459647,0.9887254675776782,0.9867650362386202,0.9821941959192351,0.9833895642958935,0.985859805595795,0.9868705815097617,0.9743268592295684,0.9928693873691056,1.0000000000000004,0.9820191246629144,0.9831264901173937,0.9875491923304781,0.976762748736935,0.9893676645451382,0.9848232677863341,0.9848119789252922,0.980758349758119,0.9829266179049595,0.914420666683312,0.9808509043498094,0.9851011282529121,0.9903139219646618,0.9816020371908477,0.7851912677053805,0.9910589246729183,0.9867038983286638,0.9886220794048983,0.9873870612827021,0.9822683447919263,0.9845338397655737,0.9758190687076626,0.9367105595567495,0.9852361455432095,0.7913301341978103,0.9846239062613011,0.9861535527543467,0.6056414749532213,0.9614845200236545,0.9784592430365515,0.9818535215084071,0.989387223447646,0.9817365987190466,0.9803753572395046,0.9860267612087606,0.9830542753472029,0.9804220322266983,0.7906444000521756,0.9860822196892339,0.9828409337328499,0.9891073958787434,0.9972371804768735,0.9815075192679814,0.9873074648940408,0.9757931860489177,0.9857280059562997,0.9919839181191152,0.9740619427905084,0.9907382468057805,0.983214676967087,0.9815947989121737
EWBC,0.9982630079056912,0.9991570922945849,0.7084581267893661,0.9997608676138874,0.671199911116161,0.920908220951752,0.9880522576931606,0.9979657122376946,0.9929312591755585,0.9996004181405838,0.9989253528724971,0.9775201513366647,0.9989115815967277,0.9998046754113133,0.9966223197158536,0.9993155745356431,0.9477959268048631,0.9945446020103214,0.9820191246629144,0.9999999999999999,0.9997822444642294,0.9981235031998823,0.9989771122627338,0.9987233644738509,0.9993538567999642,0.998395297672962,0.9981658997161735,0.9988990410550418,0.86252017412057,0.9985262825220762,0.9977691296158484,0.9773356734589344,0.9993021499554054,0.7205786872263903,0.9952269926709976,0.9974731193191563,0.9845051628462536,0.9992226092148321,0.9987655704522959,0.9976473163228046,0.9986507807150917,0.8930427404798414,0.9996984264704859,0.722612507498784,0.9984012675802508,0.9991695454219637,0.474541189752623,0.9922919745285387,0.9987764056731602,0.9991905652071595,0.9986006588008152,0.9986669319143759,0.9990451539551961,0.9906402708810054,0.9997592520232426,0.9993173127805574,0.6907567877498736,0.9992414774488847,0.999409347728066,0.9975246261679321,0.981986638879027,0.9991698088960788,0.9899038019482569,0.9988091329161403,0.9990868313203826,0.9976001258569496,0.9982981419275153,0.9961327515678642,0.9971548932040625,0.9997685052298165
FCNCA,0.9979660029631491,0.998716437754818,0.7070452431996054,0.9995524534733001,0.6673125165692501,0.9242052100279703,0.9883841577828019,0.9977892383713056,0.9932330114481649,0.9998616860620225,0.9988120126462402,0.9781144332223473,0.9985055872220782,0.9996784478219928,0.9968953138976242,0.9992392657607833,0.9491695402135191,0.9943773133603009,0.9831264901173937,0.9997822444642294,0.9999999999999999,0.9975747625986687,0.9984902683219805,0.9987115590218371,0.9989346934752803,0.9981000024850305,0.9975647591763415,0.9986314461951067,0.864304232174891,0.9986392933544501,0.9969384869312558,0.9787567083353101,0.9991978744367377,0.7232381393151639,0.9944603237515482,0.9973209442124108,0.9852160344824431,0.9993543458035371,0.998822038452002,0.9977299274760166,0.9985565229354104,0.894546812659711,0.9995878213817748,0.7251119181866496,0.9976898051169953,0.9995663551314455,0.48189221665558946,0.9911085451078325,0.9983240346280966,0.9991776556684715,0.998330741346211,0.997954593793012,0.9989124779764023,0.9908875325052795,0.9996993691977835,0.9996086724739418,0.6940645285988714,0.998996334582506,0.9988574509297786,0.9978879586973348,0.982875402819151,0.9991986426252476,0.9895203041858557,0.9988414183023115,0.9992746462608953,0.9979147461368356,0.9981740748038455,0.9964555765928595,0.9961667018234464,0.9997148171315815
FFIN,0.9988076306914302,0.9986100885546202,0.7407143498314732,0.9978165423426735,0.7079728830510305,0.9369165881103737,0.9911699828417417,0.9992240251450382,0.9960803732584779,0.996737965966057,0.9994872271847396,0.9825447987146564,0.9990737539700355,0.9985557614274904,0.9975959187055105,0.9981458996653668,0.9575302549421881,0.9982308445714049,0.9875491923304781,0.9981235031998823,0.9975747625986687,1.0000000000000002,0.9976776628318366,0.9990553848475819,0.9990985025926169,0.9993253554342431,0.9987956768188627,0.9991754562741488,0.8782114686461038,0.9976941635377874,0.9997977608153544,0.9857134954300745,0.9982045162205708,0.7396855199163694,0.9973439056742381,0.9984380559398423,0.9879374803038931,0.9988568536636816,0.998436218951523,0.9980079411159526,0.9965774077469474,0.9078093731083139,0.9986349943665086,0.7424022872418035,0.9979277334059483,0.9977517877383569,0.51393436321645,0.9884731242770487,0.9980723911841183,0.9979656261558646,0.9992754757603366,0.9992407556025282,0.9982699599558357,0.9927473100168499,0.9985234495598005,0.996772265544699,0.7235584730339569,0.9995901038994522,0.9987520287936217,0.9977159263311607,0.9894012538834513,0.9974027282403608,0.9936044008619743,0.9955130919613574,0.9985410902752783,0.9977769043473532,0.995928655467103,0.9970599061158385,0.9992542506763591,0.998081925708275
FHB,0.9992185971946109,0.9998587259756171,0.7097780097289256,0.9987784340315762,0.6800561827209227,0.9200985890199262,0.9868370618262677,0.9984087321648001,0.9912354914176673,0.9978303321866284,0.9976422401577975,0.975318996433303,0.9994981281826645,0.9990633493708124,0.996939018129476,0.9969526195258719,0.9453929647392628,0.9934725030133458,0.976762748736935,0.9989771122627338,0.9984902683219805,0.9976776628318366,1.0000000000000002,0.9970488815472571,0.9983289797300388,0.9987526020215336,0.9992928179971752,0.9993871117975469,0.8582792384191217,0.9992337397262918,0.9978863829423255,0.9774518327913627,0.9994540206791399,0.7182347675319808,0.9920729983803334,0.9970960755886196,0.9825677568264248,0.9980109116149898,0.9991808229744666,0.9978810589183775,0.9996635741542947,0.8902697893531268,0.9982465783934196,0.7189625290959499,0.9962892757589225,0.9976931378781907,0.47210681500053986,0.9938150332042753,0.9998409765208112,0.9991544181823592,0.9967718311036969,0.9993270989642475,0.9997463412416319,0.989992521347415,0.9991062589090556,0.9987751038493493,0.6890013562996852,0.9986529915729546,0.9987620348553014,0.996050676796071,0.9797917196304511,0.9987986829362528,0.9892157614415336,0.9988789829978013,0.9984032156242552,0.9947288775992974,0.9994887965434138,0.9943190054951193,0.9978978335536215,0.999399592423203
FITB,0.9975373581707422,0.9980128199941095,0.7389012980907775,0.9980047356658943,0.6989328967295665,0.936500675304713,0.9934160618704069,0.9988561441725312,0.9974378685805279,0.998485581198598,0.9998960845637705,0.985713502514147,0.9985699801395367,0.9992435817420335,0.9982688633482566,0.99923184006547,0.9612592674948708,0.9978937300033618,0.9893676645451382,0.9987233644738509,0.9987115590218371,0.9990553848475819,0.9970488815472571,1.0,0.9988475416086643,0.998981734254575,0.9979452307135904,0.9985451413379663,0.8844529716029911,0.9979019251346208,0.9981409483105751,0.983956911529036,0.9986377022887247,0.7484574442040747,0.9973984346722353,0.9991002956662451,0.9908703278990897,0.9998021544213103,0.9978177305125004,0.9985748772138379,0.996531802165669,0.9124657134933759,0.9991268410007424,0.7512384474850786,0.9978507816629195,0.999402016813865,0.5085093293083124,0.9896028991796294,0.997594018413023,0.9987231670758102,0.9998048477531548,0.9983353948212055,0.9979322341176093,0.9947480872083786,0.998732398067495,0.99794732128456,0.7236345081367904,0.9992974189621561,0.9986058381669755,0.9994341365406546,0.9889959286144043,0.9986325138383004,0.9946971419903602,0.9967625619282603,0.9994312498129873,0.9995902569688934,0.9957630809323857,0.9990182915232154,0.9977258536604369,0.9986772543046422
FMAO,0.998759181595949,0.9988953534310668,0.7145617980900939,0.9995151764948962,0.6791731841026496,0.9268524136404086,0.987284260823478,0.9981739510600027,0.9933167846897656,0.9983913473669526,0.9993195879104964,0.9769754800105999,0.9988452355470744,0.99918495890256,0.9961432138986329,0.999400572330153,0.9480511045385618,0.9966378155138343,0.9848232677863341,0.9993538567999642,0.9989346934752803,0.9990985025926169,0.9983289797300388,0.9988475416086643,1.0,0.9984929282304228,0.9980867787886034,0.998795252707001,0.8626908498567964,0.9975482238176941,0.9990248907103729,0.9810173929737809,0.9985894426052346,0.7177771020869219,0.9972929195962733,0.9970502925837113,0.9835349367697184,0.998929699387358,0.9987492942025444,0.9968433583981129,0.9972575076513983,0.8936325188053631,0.9998019662800615,0.7206431140982703,0.9994114159808818,0.9983208752769114,0.4945316820900958,0.9907866643597233,0.9983005207023409,0.9981761612062597,0.9990840139567958,0.9988948030007958,0.9985863509789613,0.9894310705701002,0.9996022191390966,0.9977435149161417,0.6982289916103982,0.9997338763274848,0.9998285969940336,0.9969602128119983,0.9855423645271427,0.9978484723398421,0.9898325345313459,0.9967527468952136,0.9984228352738799,0.9977149140122374,0.9966774466593284,0.9958929618646173,0.998386538627363,0.9990343067707389
FMBH,0.9991807690985057,0.9993904369061474,0.7406220423293967,0.9977189518148182,0.7082458720230341,0.9361752901546903,0.9928112235999622,0.9999537904927412,0.9963749234409667,0.9973885698179806,0.9992774237023582,0.984096410370807,0.99981958427994,0.9991680946288698,0.9992066740409781,0.9975371130469928,0.9593970644748033,0.9974283974747266,0.9848119789252922,0.998395297672962,0.9981000024850305,0.9993253554342431,0.9987526020215336,0.998981734254575,0.9984929282304228,1.0000000000000002,0.999733291681733,0.999740809798742,0.8806550960845014,0.999286072925095,0.9989789509545244,0.9847456673614691,0.9994325531115567,0.7464262297500271,0.9949069644604505,0.9993795456203389,0.9895644856336838,0.9992575821749815,0.9989429790786486,0.9994736559105393,0.9982456450287546,0.9101612667076647,0.9983485027997715,0.7479126904552477,0.9964119816634551,0.9985730671791814,0.5060511863053806,0.9914925331779935,0.9993026681528417,0.9993362820437434,0.9986581275594877,0.9996634796109978,0.9993118313689486,0.9947277649304491,0.9987532840400957,0.9981063488406365,0.722457960291478,0.999391625829857,0.9985973471962858,0.9985884045845121,0.9874930569119514,0.9989046168719939,0.9946181698682617,0.9974955709457742,0.9994180271989177,0.9973779348365769,0.9976803452290397,0.9978021194583797,0.9991042929716107,0.998965005191754
FNB,0.9992241068329579,0.9996433440256364,0.7351836164885761,0.9975328651247063,0.7061833639433723,0.9302472881157928,0.9910961388945424,0.9995745462914193,0.9945515381951637,0.996773216329327,0.998405214378568,0.9814666291665423,0.9998571784777639,0.998849419376636,0.9985173311027955,0.9966201683166093,0.9552451882286173,0.9959852409797952,0.980758349758119,0.9981658997161735,0.9975647591763415,0.9987956768188627,0.9992928179971752,0.9979452307135904,0.9980867787886034,0.999733291681733,1.0,0.9996588333597208,0.8743638513356596,0.9992234132653207,0.9988010375931403,0.9818975842032176,0.9993510737637319,0.7394805935995118,0.9935156960770771,0.9987383866983992,0.9872893107341549,0.9984277239702122,0.9987550069884054,0.9990183368188312,0.9986876351196718,0.9047681522943366,0.9977456087013373,0.7404959407242477,0.9958712922002292,0.9976784031014228,0.4926768364826833,0.9930100746092779,0.9997015918771971,0.9991697762321408,0.9976820909645997,0.9998476466941927,0.9994044666752706,0.9934721711935502,0.9984370019842477,0.9978441563323616,0.7127574570265358,0.9989016057081614,0.9984526299851264,0.9973913578833973,0.9842473074961691,0.9986834648233908,0.9934447890621309,0.9977404619030552,0.9987734392706965,0.9957402692947112,0.9982670974958745,0.9963371941852984,0.9991903825283593,0.9988071022952
GBCI,0.9996401333356228,0.9997722405004438,0.7282325046719529,0.9985338445339071,0.6966118193682277,0.9319746857379205,0.9904556468477871,0.9996253969796002,0.9947035865477342,0.9978429150681619,0.9990090059368222,0.9806300365284312,0.9998763262633809,0.9993361634742401,0.998494415550013,0.9976841001660076,0.9541175373794719,0.9962558132961246,0.9829266179049595,0.9988990410550418,0.9986314461951067,0.9991754562741488,0.9993871117975469,0.9985451413379663,0.998795252707001,0.999740809798742,0.9996588333597208,0.9999999999999999,0.8717749171252324,0.9995327786448525,0.999017758595692,0.9835184760041016,0.9995395288786574,0.734613427367699,0.9942030324956183,0.9986107027704056,0.9869683812972609,0.9991094718041885,0.9996152599739282,0.9990527479711929,0.9990343989315292,0.902355365669633,0.9986987518470738,0.7359128291324162,0.9966999257370843,0.998521008060731,0.4981310932183277,0.9910039752776202,0.9995600347481239,0.9993743665006535,0.9982849127158258,0.9996623693676345,0.9997730702609633,0.9928278140971794,0.9992719077262381,0.9986983122120175,0.7117337368546881,0.999527536194345,0.998794108272394,0.9978188160978841,0.9857409214126597,0.9988951051174056,0.992350570018783,0.9980410878692073,0.9993402673081958,0.9967711206736125,0.9986602395065333,0.9965538226696129,0.9987152142949118,0.9993304201473887
GS,0.8634750948288155,0.8643370294584152,0.9455129477609985,0.8539234616079256,0.889427364431626,0.9377737190213612,0.9293815567390817,0.882898604203549,0.9149314166543753,0.865063474466885,0.8801987105757586,0.9496478226771213,0.8719451073364105,0.8707256033599833,0.8936241031920085,0.8680896188733364,0.9780108576324058,0.8931921115229324,0.914420666683312,0.86252017412057,0.864304232174891,0.8782114686461038,0.8582792384191217,0.8844529716029911,0.8626908498567964,0.8806550960845014,0.8743638513356596,0.8717749171252324,0.9999999999999999,0.8732884220268916,0.8711848795270869,0.9041266242531958,0.871077697322767,0.9675816553994357,0.8783484649022842,0.8940371198101789,0.9373344920004831,0.8799273655243945,0.8629160248109742,0.8889483466278212,0.859794065902996,0.9974368904586757,0.8642752679276161,0.9707321883552229,0.8577664148355589,0.8781671015641955,0.6532560209270639,0.8500152307260841,0.8655007741075393,0.8748186718300732,0.8816719419888097,0.870917941213439,0.8650816025657888,0.921108456327663,0.8619781192816932,0.8665916642810341,0.9317358236888398,0.8706816052490404,0.8616149704448209,0.8947239356058339,0.911294695304814,0.8753019236326698,0.9224726925385011,0.8630007395788493,0.8803807942088355,0.8889304552798037,0.856688443068724,0.9021574061023868,0.8741860161001789,0.8655755709934703
HBAN,0.9989055999407196,0.9993941692898768,0.7252301439347254,0.9978656027168725,0.6919412191235746,0.9308348318098366,0.991051393550764,0.9992163708202835,0.9943006568651677,0.9980595236486209,0.998163883716357,0.9812752389530939,0.999452451338499,0.9991609517014283,0.998925953921086,0.996778816416318,0.9550429340288282,0.9946838404814845,0.9808509043498094,0.9985262825220762,0.9986392933544501,0.9976941635377874,0.9992337397262918,0.9979019251346208,0.9975482238176941,0.999286072925095,0.9992234132653207,0.9995327786448525,0.8732884220268916,1.0,0.9972464147190492,0.9819796516743549,0.9997034651518593,0.7394758643844257,0.9915664060810758,0.9985175745285156,0.987791403114049,0.9988669295502456,0.9992444389643391,0.9994061870702983,0.9995409707299828,0.9035173686309294,0.9979095146210305,0.7398986217853071,0.9948055515164168,0.9987691094157227,0.49165009721887515,0.9918867721461919,0.9994587348762716,0.9997182464779518,0.9971605282345126,0.9988600128323871,0.9997187488691407,0.9936507981162975,0.9988018498125989,0.9993077329627297,0.7100938506160648,0.9985782205528441,0.9977974055579282,0.9979990492769825,0.9837101451775851,0.9994266502368276,0.9921075668501182,0.9989951572487583,0.9994366925744276,0.9961552042704575,0.9992440353465775,0.9965947432513235,0.99723762058128,0.9993540157412374
