Ticker,ABCB,ABTX,AJX,ARI,AXP,BAC,BBT,BK,BOKF,C,CFG,CFR,CIT,CMA,CNND,COF,DFS,EWBC,FCNCA,FFIN,FHB,FITB,FMAO,FMBH,FNB,GBCI,GS,HBAN,HBHC,HOMB,HTH,IBKR,IBOC,ISBC,JPM,KEY,LARK,MBWM,MCBC,MS,MTB,NAVI,NKSH,NTRS,OPY,PACW,PBCT,PGC,PNC,PNFP,RF,SCHW,SFBC,SIVB,SLFC,SRCE,STBA,STT,SYF,TCBI,TFSL,TSC,UMBF,USB,WAL,WFC,WSBC,ZION
ABCB,0.9999999999999999,0.9959513593971397,0.187524346059002,0.15274947852252924,0.8566471912318112,0.9947028076819613,0.9996819016191687,0.9938951636856428,0.9968627935993774,0.9934817726190444,0.9991653355722422,0.9925913285937041,0.989650621098182,0.991319252185039,0.9845719394341276,0.9939102735007629,0.9646279360953115,0.9960637378955618,0.990772311036761,0.9959976259426918,0.9986904461414254,0.9931852875264955,0.9957396011249284,0.993800065378466,0.9987674597899079,0.9913561190482261,0.9125370856888139,0.9981386251020584,0.9978381494881083,0.9976478662466336,0.9736002216909245,0.1634634566044377,0.9840165672680911,0.9811918228319632,0.9844432078382601,0.9957947213495435,0.9984462128600974,0.9938480350450488,0.9839485886661564,0.8021942270385307,0.9946575907304746,0.0032048554136185617,0.9930061543184376,0.9925051794818354,0.15706779616020472,0.9782230522982905,0.997943265114378,0.9975132247530891,0.9955173844179022,0.9918655194511306,0.9991076415860146,0.962428781563154,0.9960167606240795,0.9607735096798514,0.1709959098715338,0.9987233404276648,0.9931833234334974,0.9494762203803784,0.9516401473753553,0.9962419659109166,0.9863025690582518,0.9866677848229509,0.9928157244406727,0.993019021985783,0.9835562485075583,0.9896092875844132,0.9955791619055077,0.9963571604240536
ABTX,0.9959513593971397,1.0,0.17840339268632327,0.13126564324355486,0.8251606268915473,0.9985839750637732,0.9945664470352015,0.983695127481368,0.9908103592812281,0.9956182807505513,0.9960286919397997,0.998513195261758,0.9779111037329086,0.9950765933579386,0.9709625541986554,0.9862429934772682,0.9474289427260061,0.9973242101271567,0.9966713898954545,0.9966128852504318,0.9969280467509376,0.9970488224164155,0.9973899753002147,0.9993927556280182,0.9941279069288153,0.9984075759764097,0.9121008068372864,0.9968952980042336,0.9953996129187769,0.9922291283674952,0.9609245003811664,0.12333091394569722,0.9846563870543663,0.9636106625655935,0.9938593884665129,0.9977445938460577,0.9979963705227793,0.9993333988485172,0.9949482299949262,0.8003706397656529,0.9968966098425229,-0.0781420927550372,0.9907710860837481,0.9965969559531375,0.1210491084065253,0.9842949974124123,0.9930044744223261,0.9970487172162809,0.994087597374326,0.9990441557340473,0.9979553791086787,0.98202535536358,0.9984363210209026,0.9800273382870669,0.13105693719478073,0.9957473576760134,0.9835685964701847,0.9221370290607314,0.923483792498936,0.9957531458793318,0.9724271060574241,0.9954236604405114,0.9984416858247082,0.9905891940504274,0.9946463189252606,0.9779819947344932,0.9872691118026491,0.9982422384529573
AJX,0.187524346059002,0.17840339268632327,1.0000000000000002,0.9407391926789024,0.3593287458704292,0.17347832085122578,0.19406151342367148,0.18455711628903743,0.17866081125409716,0.1811726263122126,0.16410914589695894,0.15208230032910003,0.13249846066321025,0.14767385678781586,0.23942706420387033,0.23599448813082904,0.19222635263657192,0.14862138504669475,0.12868775968344934,0.22946800339804688,0.1625056005910191,0.16989478005353176,0.19056065928798613,0.18627356542347534,0.1890865521749827,0.19001116806794663,0.38450055176505116,0.13608821662888773,0.1441954300332076,0.23028149050149563,0.2815617370199018,0.634898567106833,0.24181920019659744,0.1525047042756304,0.16145981087526204,0.15574365985324728,0.16313424505709384,0.1620743239800154,0.13128074409165552,0.7260451203968408,0.1628883667967883,0.3236726396220398,0.1926865976391712,0.11880473024816089,0.5229053023900105,0.12320649920277987,0.15810925350275218,0.13402608438712144,0.1838688482075954,0.19563424561683074,0.16074905525225258,0.16692527573856766,0.15147109388687485,0.11941076882961393,0.6733012610261402,0.17966440743140283,0.17482328807596245,0.11459126154335483,0.24411169373462033,0.11806387966740291,0.19327617531476973,0.09462216908857535,0.14831478772581375,0.15136579503115732,0.137050002358134,0.14370470646835798,0.22656732054415507,0.13556639701852893
ARI,0.15274947852252924,0.13126564324355486,0.9407391926789024,1.0000000000000002,0.2983033293821825,0.11114879565429896,0.1585488016426827,0.1387022674946874,0.1302650386364615,0.10983542394422113,0.1298391496058445,0.0910219110580023,0.11654433472632293,0.07644664693672151,0.17779337817030297,0.17828988008133972,0.11519869758439542,0.09550509635341266,0.06440076562502428,0.17100303409476508,0.1327658984805437,0.101091431940209,0.12796511989385767,0.13032951098441792,0.162247915210573,0.13349713403831945,0.23121836008442312,0.10489526263889618,0.108368949480826,0.18866729077236122,0.22681898195096215,0.5672551700682955,0.1530601842077576,0.14292257704422195,0.08222090852867658,0.09648292721724545,0.12006418531082927,0.1109419328185727,0.080447484003497,0.633273101185508,0.09821558155462232,0.34786560690468427,0.12789967391434984,0.059128267486118956,0.4058392130155383,0.08725704837017277,0.13386812525230662,0.09564346033341796,0.12307706334227789,0.1394416341899082,0.12520400742567997,0.0848550391336814,0.09607121150635389,0.03941806353319388,0.5858643429717934,0.13125945878965772,0.1400174443868103,0.11684554896073522,0.20749485156293487,0.07903602372637908,0.1702758995679527,0.04544478590086897,0.08870476027620877,0.08526212584880725,0.08776160092861068,0.10528270002810361,0.19553372344681488,0.08747447444439142
AXP,0.8566471912318112,0.8251606268915473,0.3593287458704292,0.2983033293821825,1.0,0.8325782469431704,0.8572999451001562,0.8709085707228504,0.8560752689715676,0.8436062529532151,0.8398219602021437,0.819562421734888,0.8465110777620269,0.8251071797569071,0.9167253924716083,0.8836432611055917,0.9061092387585785,0.8263485104710341,0.8199135452967886,0.8503778125319881,0.8298707652803237,0.8329005974076763,0.8401204497918804,0.8292608249516094,0.8409167180211164,0.8258710003447687,0.8914282778091489,0.8330521636996505,0.8327031593186729,0.8564311851522225,0.9483465388366242,0.59873476330739,0.8465351202398924,0.846289750879311,0.8209519813421868,0.8359971603900789,0.8489521184662284,0.8251350529185084,0.7944683045539837,0.7948788540359173,0.8368636958385632,0.3212567036585748,0.8411942747027484,0.8229663496251047,0.6272358502945267,0.759417398749145,0.8348086669396139,0.8262610749290468,0.8446029746934871,0.8178584428490665,0.8386386169326516,0.7692406529972479,0.8335381807953606,0.7675049545365118,0.6111576520242684,0.8515336313702837,0.8474436057160116,0.8408839081766043,0.9335266316226892,0.8206598473723187,0.845059068729963,0.7889710555702946,0.8247124430027925,0.8477062142818398,0.7945998824895091,0.8545874921311636,0.8540086031875018,0.8254191028687151
BAC,0.9947028076819613,0.9985839750637732,0.17347832085122578,0.11114879565429896,0.8325782469431704,1.0,0.9936678669761858,0.9865948886278545,0.9929436278868744,0.9990312064047927,0.994868251787566,0.999482844354387,0.9764194082275511,0.998674407930132,0.9763753910609183,0.9892075873779649,0.9577239325561836,0.998628772922527,0.9986185405139568,0.9976295568673629,0.9946788721197786,0.9997084297295318,0.9993757649904969,0.9988699547334533,0.9917854293168152,0.9975290014594071,0.9272961799409254,0.9950008985107809,0.994530720721303,0.9921639386029667,0.9634514133108079,0.13280616945349524,0.990970486279437,0.9633060692308942,0.9967143425788201,0.9995388445002651,0.9975071739910089,0.9984158478535404,0.9928593843354412,0.80017458525883,0.9995034777796563,-0.0621228880832174,0.9945963572630995,0.998416926277432,0.13814443962095574,0.9808361719046389,0.990781300429835,0.9963152670210478,0.997044672435042,0.9980172259514453,0.9963753589869171,0.982151864524954,0.9994887975629084,0.980705387589558,0.14385360169949285,0.9968589412485539,0.9845413623585052,0.9236250759541806,0.9290232437895729,0.9954913955755633,0.9726262619490382,0.9944289169603288,0.9992223629773439,0.9951871365253426,0.9921992860257854,0.9806481734886336,0.9862389078344295,0.9984617684928488
BBT,0.9996819016191687,0.9945664470352015,0.19406151342367148,0.1585488016426827,0.8572999451001562,0.9936678669761858,1.0000000000000004,0.9956090203437826,0.9979533980530108,0.9930944132406249,0.9992405130303846,0.9909817944541854,0.9917433782810109,0.9907902134544803,0.9862398450567706,0.99538937084609,0.9677767156362729,0.9955510046075235,0.9889140142272511,0.9955238717062928,0.9983751852328326,0.9923876572734238,0.9953911975023432,0.9919721238737789,0.9992422672664569,0.9889334252090151,0.9138421443212581,0.9972161156034741,0.9980015608503466,0.998650976228537,0.9726499004383167,0.16290728814985073,0.9852142960629175,0.9844926584577921,0.9819931717493612,0.9950003545876307,0.9970426497008275,0.9916982919064168,0.9803670673856152,0.8062954391345619,0.9939792525980347,0.020972939092519585,0.9941843330841534,0.9910096711209224,0.15679643998704346,0.9791613778823173,0.9984455059958693,0.9970330329171353,0.9958472019620525,0.9900647293470112,0.9984180987924145,0.9580716640535053,0.9948634832377153,0.9557560356080037,0.1718414148826684,0.9988041027872815,0.9954936385470964,0.9547586491249475,0.95561848208617,0.9958637487384859,0.9896896855716352,0.9840525777715244,0.990919389270473,0.9935126255754199,0.9798176090342301,0.9920911240378623,0.9974616027301078,0.9953815476933703
BK,0.9938951636856428,0.983695127481368,0.18455711628903743,0.1387022674946874,0.8709085707228504,0.9865948886278545,0.9956090203437826,0.9999999999999998,0.9988076553637425,0.9896366040071867,0.9937933475546868,0.9822094228055136,0.9916935478071904,0.9873116828459472,0.9938210348505832,0.996805857143577,0.9846799768065468,0.9909202624862979,0.9814304604828973,0.9897964006998521,0.9908504966764539,0.987073396153263,0.9906993369990532,0.9808025352926292,0.9933915370765058,0.9761698568577514,0.9239074445973354,0.9893364560974824,0.9926242771515522,0.9959500237477754,0.9725017002265063,0.18006398628319464,0.98714717378943,0.9911179546924708,0.9726427934360083,0.989829057430286,0.9897616276545226,0.9801909471564061,0.9639635514240725,0.7973082365319002,0.9897226653841263,0.0928070647235964,0.9953753782338824,0.9846641107752302,0.17947174121648407,0.9666187870527797,0.9932071778160276,0.9907391041444872,0.9948890017773192,0.9775432977265132,0.990732886335735,0.9386247799309635,0.9883967106762921,0.9371898741709326,0.19273788019979263,0.9959757294260343,0.997872955193792,0.9708436998459743,0.972086419220616,0.990545654987126,0.9945684809892894,0.9714834500911784,0.9817498257256804,0.9952616211627138,0.9627827418539693,0.9979074409945204,0.995754120897947,0.9885573887846784
BOKF,0.9968627935993774,0.9908103592812281,0.17866081125409716,0.1302650386364615,0.8560752689715676,0.9929436278868744,0.9979533980530108,0.9988076553637425,0.9999999999999999,0.994650296277689,0.9973506742635162,0.9897562776954988,0.991218712615451,0.9931830493922617,0.9899861663870426,0.9969285146256197,0.978367721161905,0.9960742460465954,0.9887356597806787,0.9943602059207706,0.9953343446558864,0.9931342887497577,0.9957364459874326,0.9884014965286484,0.9963619813031249,0.9845195604128213,0.9234944650759744,0.9940742158203075,0.9966227350108496,0.9978478343228708,0.9694489339410983,0.1554691814703055,0.9904338785963112,0.9871402079357509,0.9813771702346068,0.9951890926484924,0.9943483063527546,0.9878929472349992,0.9747430567282053,0.7983724836329754,0.9949953537261728,0.04695310478096152,0.9980158173428528,0.9911421579575488,0.15530920355044905,0.9757725813830902,0.9961224654640233,0.9955982275302411,0.9981474710491018,0.9860677423735791,0.995370130155497,0.9529875810644828,0.9941305432314895,0.951361235369409,0.16837316973627164,0.998929668261974,0.9977008053900457,0.9614592761304559,0.961212992813875,0.9953288048105441,0.9922358888507365,0.9810768706434589,0.9891678131237048,0.9977568930831131,0.9736817292361647,0.9963089978013296,0.9964916732537145,0.9943401387926972
C,0.9934817726190444,0.9956182807505513,0.1811726263122126,0.10983542394422113,0.8436062529532151,0.9990312064047927,0.9930944132406249,0.9896366040071867,0.994650296277689,0.9999999999999999,0.9935222508903017,0.9975550153495246,0.976713553557851,0.9991572518020577,0.9821531785014697,0.9925302241053903,0.9678544919846547,0.9978946623177621,0.9970439377770519,0.9974547272511397,0.9922134563307676,0.9996382007764723,0.9994605977959796,0.996194637693468,0.990153936930568,0.9942150880127034,0.938994543816576,0.9923334411188434,0.9932371034272294,0.9926993483692496,0.9667634094202522,0.15003747066499185,0.9950384343557207,0.9655917830944809,0.9953720936949114,0.9990553767507938,0.9956638467356612,0.9951801127593715,0.9872981655007586,0.8056749201243497,0.999607191653075,-0.030779730347349005,0.996963161387324,0.9970644447302323,0.15943553177738895,0.976784989312821,0.9890556405726959,0.9944020797479969,0.9983640720759668,0.9948636785847966,0.9941820026158043,0.9769121878597242,0.9982404061684763,0.9752966296283404,0.1651777875191472,0.9970866320777061,0.9864594928006681,0.9289477498904486,0.9384553175719165,0.9937895444715444,0.9750172725425911,0.9899541939223251,0.997084014388715,0.9976181070529112,0.9863940227221107,0.9837595359659946,0.986856155807306,0.9966940398958811
CFG,0.9991653355722422,0.9960286919397997,0.16410914589695894,0.1298391496058445,0.8398219602021437,0.994868251787566,0.9992405130303846,0.9937933475546868,0.9973506742635162,0.9935222508903017,1.0,0.9932438322360437,0.9920912270860096,0.9927053750477149,0.9807955859233329,0.9923556369003477,0.9629229242705181,0.9973149624658707,0.991566212010474,0.9944610557836364,0.9996138000599615,0.9935918008107799,0.9957374047594358,0.9931222239424187,0.9992379410606649,0.990112333588928,0.9045446913730468,0.9989697045627611,0.9995823327888024,0.9969710613176762,0.9647210145802951,0.12797230396862658,0.983606535181037,0.9832988132383611,0.9839517256034702,0.9963329546608855,0.9975454405204613,0.993523796299588,0.9841332148516234,0.789224781028464,0.99507625840257,-0.005566343447504725,0.9939740137015961,0.9937003528991085,0.12391296238115182,0.9844143385081835,0.999337585858783,0.9991274656188655,0.9958517848110456,0.9915228572128895,0.9994538875562435,0.9619745545671134,0.9963998122120089,0.9606468828487874,0.13638452990943423,0.9986583366186075,0.9949879238248434,0.9526152344568878,0.9472320654731844,0.9984643911340899,0.9881605281047183,0.9887997341848942,0.9930413295608608,0.9939803792289531,0.9834317562719714,0.9916764312745584,0.9957215544112052,0.9975988681388798
CFR,0.9925913285937041,0.998513195261758,0.15208230032910003,0.0910219110580023,0.819562421734888,0.999482844354387,0.9909817944541854,0.9822094228055136,0.9897562776954988,0.9975550153495246,0.9932438322360437,1.0000000000000002,0.9730425756232606,0.9981823022882063,0.9698277538040292,0.9842903215746682,0.9502528288641928,0.9980261587944265,0.9995017512540006,0.9954103861019109,0.9936507755106216,0.9990123493697631,0.9978675393744786,0.9989338779887886,0.9894803734331349,0.9980468389820458,0.9190709616725272,0.9946429803710926,0.9933022451562018,0.9884974406163897,0.9572788847590712,0.11184647143886295,0.9872685223788922,0.9581489735238183,0.9976612250788076,0.9988724671896513,0.9967554976528568,0.9990702562917433,0.9957274556797148,0.7864051159090729,0.9986240996181847,-0.09110666968536603,0.9916593758241419,0.9990392497857569,0.11801977433447051,0.9815422680476644,0.9889549963482962,0.9958694811485946,0.9947903230129213,0.9982950019368534,0.9954596844587575,0.9858244159966612,0.9992098828647245,0.9853262308565678,0.12123486334963275,0.9946846413480915,0.9805433252924469,0.9164134098194603,0.9188390379718107,0.9952602631690126,0.9673172905272801,0.9971320800405534,0.9998424495420362,0.9930224087096949,0.9950892249949664,0.9765110461882742,0.9819242524922833,0.9984478557963877
CIT,0.989650621098182,0.9779111037329086,0.13249846066321025,0.11654433472632293,0.8465110777620269,0.9764194082275511,0.9917433782810109,0.9916935478071904,0.991218712615451,0.976713553557851,0.9920912270860096,0.9730425756232606,1.0000000000000004,0.9756614629596041,0.9779307630287275,0.9861057564010622,0.9671243047275071,0.9829861376979042,0.9714622457409976,0.9762107230251452,0.9899010076258798,0.9752272530388422,0.9791574770825365,0.9717390799941054,0.9924675566215896,0.9657281178958127,0.8767449645430093,0.9891760837082854,0.9928841128241227,0.9881128491016912,0.955282832894229,0.12273064684983591,0.9658337263005533,0.9943667966992942,0.9574065878722863,0.980820790430201,0.9831530947576098,0.9729585965708708,0.9577427051694817,0.7591066140707411,0.9785538244333047,0.07668137496150554,0.9825580356073884,0.9767950466230945,0.12528992523835883,0.9776710834225468,0.9948596703376438,0.9890277779190735,0.9826754599071608,0.9684548486816861,0.9885797243982476,0.9237655553193319,0.9801090189785219,0.9233901785728317,0.13199921881555207,0.9879584918003735,0.9959691381445145,0.9778663427785862,0.9629006919574989,0.989117216148601,0.9937912996598259,0.9681568319051593,0.9728656941068652,0.9835934873922944,0.9563067959381103,0.9958282559849503,0.9926716675793265,0.9836634130168912
CMA,0.991319252185039,0.9950765933579386,0.14767385678781586,0.07644664693672151,0.8251071797569071,0.998674407930132,0.9907902134544803,0.9873116828459472,0.9931830493922617,0.9991572518020577,0.9927053750477149,0.9981823022882063,0.9756614629596041,0.9999999999999999,0.9762265668655448,0.9881801347587293,0.9631713945280852,0.9984790545403114,0.9983178444759675,0.9949216977451,0.9917558574880738,0.99949238700516,0.9984823430498068,0.9953364716969415,0.9885148799815342,0.9932944480784428,0.9294392633744067,0.9923413796847654,0.9931668587917472,0.9896551561220198,0.9572610282361336,0.11411413946790291,0.9927813015333368,0.9640537460942665,0.9956803893335352,0.9990437336114879,0.9945707706265422,0.9950302727143143,0.9887898055545159,0.7852953516274865,0.9994836571219484,-0.051816159693697614,0.996092738698531,0.9984595744941617,0.1257021267310068,0.9794975449810036,0.9884090723364113,0.9950088417214015,0.9974762599872313,0.9941791464352923,0.9934363993977317,0.9782794621031015,0.9983681071212965,0.9778721480186774,0.1277340729353369,0.9957555499870587,0.9850547334244492,0.9274226598190671,0.9296235936373742,0.9950779485320844,0.9729425097742983,0.9928669098372566,0.9975251264261804,0.9974720495971494,0.9876522491235991,0.9828869147455334,0.9837248091971971,0.9974338284122817
CNND,0.9845719394341276,0.9709625541986554,0.23942706420387033,0.17779337817030297,0.9167253924716083,0.9763753910609183,0.9862398450567706,0.9938210348505832,0.9899861663870426,0.9821531785014697,0.9807955859233329,0.9698277538040292,0.9779307630287275,0.9762265668655448,1.0,0.995280795288191,0.9919195104957493,0.9777226555676397,0.9693416171427367,0.9830937919593419,0.9759855783472053,0.9775073972235014,0.9816171666898391,0.9703880208601959,0.9802761062454063,0.9660843942938038,0.9490796763991975,0.9750701212891152,0.9782284086671182,0.987678711566703,0.9881417539612826,0.2791351599400855,0.9835945299942358,0.9778790413075635,0.9642184385877174,0.9792379316605974,0.98020047098207,0.968297065143667,0.9484938063335605,0.8242813686936415,0.9800422622531373,0.1432951898501974,0.9862052740630238,0.9719706014889872,0.28610027996177895,0.9413901017634111,0.9782381861103402,0.9756253347571454,0.9859234963055681,0.9656375206684836,0.9780593440659886,0.9262482118877734,0.9771221465167063,0.9240214850185615,0.2953119931630997,0.9866976814340374,0.9861119667915965,0.9588597526116885,0.9835939711104573,0.974305461736691,0.9822026818944406,0.9529993323389857,0.9702187523606695,0.98691853376132,0.9475207190657128,0.9875054442233373,0.9858219457649544,0.9746958295379525
COF,0.9939102735007629,0.9862429934772682,0.23599448813082904,0.17828988008133972,0.8836432611055917,0.9892075873779649,0.99538937084609,0.996805857143577,0.9969285146256197,0.9925302241053903,0.9923556369003477,0.9842903215746682,0.9861057564010622,0.9881801347587293,0.995280795288191,1.0,0.9838563847425095,0.9898753584126073,0.982331141866629,0.9935208163735544,0.9892470039266917,0.9895687776512939,0.9929154989075446,0.9849805733535799,0.9919927398393876,0.9810841549262401,0.9424070479038982,0.9874669653415742,0.9908724975072902,0.9968151163251512,0.9801724746417955,0.21751413585047755,0.9917054576333126,0.9812972640842675,0.9778549382313249,0.9906237302927574,0.9900758379308068,0.9828876518935478,0.9670026563657816,0.8320500284068338,0.9909753313419006,0.07915487594828587,0.9950653222894157,0.9842501646499398,0.21926466887434434,0.9668407065407508,0.9900657096606335,0.988487582154174,0.9948619553131239,0.982427063129125,0.9903286603381917,0.94815927784779,0.9889011533030571,0.9443004586218171,0.23684724652746494,0.9955214982511753,0.9938975194171319,0.9549519174446552,0.9708409635795242,0.9871318128252546,0.9882979411672763,0.9709929270061809,0.9838704131920656,0.9938751193481324,0.9661843298729899,0.9918753764015981,0.9950648813084267,0.9876999951324564
DFS,0.9646279360953115,0.9474289427260061,0.19222635263657192,0.11519869758439542,0.9061092387585785,0.9577239325561836,0.9677767156362729,0.9846799768065468,0.978367721161905,0.9678544919846547,0.9629229242705181,0.9502528288641928,0.9671243047275071,0.9631713945280852,0.9919195104957493,0.9838563847425095,1.0000000000000002,0.9619809844394479,0.9515927138353756,0.9627933159752878,0.9555639739988521,0.9613269191766689,0.9647004306395877,0.9464144542023191,0.9603264199994302,0.93997778488544,0.9443865193519924,0.9552511359407562,0.962213490743274,0.97029094342256,0.9681887703278906,0.26453414526317676,0.9734839690296148,0.9712009853974436,0.9444505622220464,0.9630050220656143,0.9594603796739536,0.9444175112500601,0.920695828566415,0.7868716344805142,0.964752747446045,0.20072230736375846,0.9755828362536366,0.9555468066964736,0.2829200008842295,0.9222485393330572,0.9601820569400619,0.9580679176605896,0.9727801186728133,0.9404602863484797,0.9578166713109753,0.8964671538158883,0.9590028220304244,0.8963975672116781,0.2925616225874547,0.970923589080662,0.9768233498583142,0.9624905857671364,0.9869923945468909,0.9584608276114616,0.9732462748621555,0.9310621792041773,0.94989496854245,0.9783831620604321,0.9188157776304655,0.9823382078007213,0.9695310860121219,0.9569668271019703
EWBC,0.9960637378955618,0.9973242101271567,0.14862138504669475,0.09550509635341266,0.8263485104710341,0.998628772922527,0.9955510046075235,0.9909202624862979,0.9960742460465954,0.9978946623177621,0.9973149624658707,0.9980261587944265,0.9829861376979042,0.9984790545403114,0.9777226555676397,0.9898753584126073,0.9619809844394479,1.0,0.9975022293285553,0.9962681815014827,0.9970144713196177,0.9984521807345804,0.998771105533994,0.9961674938281014,0.9946018823681352,0.9939866942825875,0.9166887667481389,0.9970045775881403,0.9972260663909976,0.9939516433315907,0.9594671473425064,0.11144463523976013,0.9896603696401617,0.9734091533399508,0.9924869857730253,0.99947211778017,0.9976475509553272,0.9964143075263256,0.9895473753439669,0.7834173176408711,0.9991683705782303,-0.03986897359554196,0.9965052293932577,0.9983747149003418,0.1125667709127695,0.9823449264531471,0.9946206674342214,0.9986069976755433,0.9983281243272106,0.9949754210318598,0.997637483482775,0.9737863945698343,0.9993365740897712,0.9733277214067686,0.12145326769300271,0.9984357993961506,0.9901524584162769,0.9387103129616108,0.9352941268125751,0.9984987133344926,0.9804151566786138,0.9938246841344536,0.9975251784198998,0.9972163633234336,0.9886878704501656,0.9872780017249515,0.9896828739741025,0.9994128070459602
FCNCA,0.990772311036761,0.9966713898954545,0.12868775968344934,0.06440076562502428,0.8199135452967886,0.9986185405139568,0.9889140142272511,0.9814304604828973,0.9887356597806787,0.9970439377770519,0.991566212010474,0.9995017512540006,0.9714622457409976,0.9983178444759675,0.9693416171427367,0.982331141866629,0.9515927138353756,0.9975022293285553,1.0,0.9932969965395787,0.9916966531589142,0.9985384515087459,0.9966935402228086,0.9974094733880077,0.9868033844014623,0.9965232164374048,0.9183667072985771,0.9936377191618274,0.9919493820936566,0.985622276950023,0.9564021908042039,0.10823008189843174,0.9859015543738299,0.9564380430433436,0.9978633781990839,0.9985168844886007,0.9960164209187934,0.9980566948829872,0.9951669297620221,0.7717009077013695,0.9983425479610091,-0.0940597697828204,0.9905881363014639,0.9996474771912491,0.11910429479909301,0.9783944042817029,0.986934510163303,0.9950145825181067,0.9939661572266371,0.9962003423979864,0.9939599319612421,0.9850508559003026,0.9988537328225192,0.9860734956529958,0.1163143776441714,0.9935735372569532,0.9786956100620562,0.9158320779943774,0.9178571124214213,0.9948304535111598,0.9646502161883248,0.997313674201913,0.9995661489559364,0.9934429972280288,0.9943430781044839,0.976056382836005,0.9785120731037013,0.99799515417837
FFIN,0.9959976259426918,0.9966128852504318,0.22946800339804688,0.17100303409476508,0.8503778125319881,0.9976295568673629,0.9955238717062928,0.9897964006998521,0.9943602059207706,0.9974547272511397,0.9944610557836364,0.9954103861019109,0.9762107230251452,0.9949216977451,0.9830937919593419,0.9935208163735544,0.9627933159752878,0.9962681815014827,0.9932969965395787,1.0,0.9940552637999269,0.9970874200027802,0.9988492508069503,0.9967613328020156,0.9935072805679827,0.9954123021808734,0.9372459189464991,0.9924622551803634,0.9924333342688596,0.9965088424950468,0.9718252004509766,0.17639181474900556,0.993634178794239,0.967868308163357,0.9918572790127681,0.9968611076662959,0.9963711114048311,0.9951194011694015,0.9863493608562997,0.8310027313314647,0.9971863131545758,-0.017585111281363166,0.9957249676387232,0.9930308482822744,0.16929816083243138,0.97342341655348,0.9907496429557261,0.9934052442658952,0.9974993484342503,0.9960424053189901,0.9951023863081764,0.9744655699699902,0.9965748615567035,0.970656152956176,0.18866201101290006,0.997415997939925,0.9868567351803799,0.9295474911526879,0.9408129036720627,0.9917926486046317,0.9779826586517564,0.9864886871832711,0.9949744751777846,0.9937651894060053,0.9861170579684431,0.9816799615838874,0.9911046850382236,0.9948467746618586
FHB,0.9986904461414254,0.9969280467509376,0.1625056005910191,0.1327658984805437,0.8298707652803237,0.9946788721197786,0.9983751852328326,0.9908504966764539,0.9953343446558864,0.9922134563307676,0.9996138000599615,0.9936507755106216,0.9899010076258798,0.9917558574880738,0.9759855783472053,0.9892470039266917,0.9555639739988521,0.9970144713196177,0.9916966531589142,0.9940552637999269,1.0000000000000002,0.992935453361732,0.995027431484897,0.9939316625090928,0.9990884521898845,0.9914109363582084,0.8977599510865938,0.9992292143058898,0.999040471729311,0.995867910368696,0.9608102621773609,0.11575871604225142,0.9810867078482222,0.9805027140672211,0.9841824536139265,0.9957341299837826,0.9975223824521469,0.9945515991643201,0.9866549796961309,0.7870838372152428,0.9942596718837171,-0.025496783973067413,0.9920686837027509,0.9935374484371532,0.1074856500172108,0.9854279712961955,0.9990719008582427,0.9991140987971522,0.9944557769524758,0.9928029688308632,0.9995497007321132,0.9648635611065052,0.9962343622656098,0.9634393376826461,0.12223723361491244,0.9975810292267501,0.9926842957402536,0.9475688311071987,0.9396082859897843,0.9983457086054289,0.9856611508908228,0.9905513985557227,0.9934505785846603,0.9916856326691191,0.9861445451918466,0.9883994857629816,0.9943298228953831,0.9976436807336114
FITB,0.9931852875264955,0.9970488224164155,0.16989478005353176,0.101091431940209,0.8329005974076763,0.9997084297295318,0.9923876572734238,0.987073396153263,0.9931342887497577,0.9996382007764723,0.9935918008107799,0.9990123493697631,0.9752272530388422,0.99949238700516,0.9775073972235014,0.9895687776512939,0.9613269191766689,0.9984521807345804,0.9985384515087459,0.9970874200027802,0.992935453361732,0.9999999999999999,0.9993844931095782,0.9976092398170475,0.9900174701569638,0.9960298365220907,0.9323850862250065,0.9933084943305386,0.9934644678995904,0.9913429524951606,0.9625480044724034,0.13279630530250358,0.9929883391814965,0.9627683763693278,0.9968828495316834,0.9994506848264133,0.9962175001583664,0.9969785790765796,0.9908824723398397,0.7987324562814768,0.9997759698675306,-0.05493232832694601,0.9956335323086737,0.9983268348428982,0.14122377889545604,0.9792006291125032,0.9891380474267372,0.9952523517028757,0.9975507631229442,0.9966146762574178,0.9948041718595457,0.9810784111082395,0.9990334429079226,0.9798151816356059,0.1456064721829208,0.9964859606557728,0.984468743524113,0.9240597244371592,0.9303415593639741,0.9947024220011348,0.9723251833895455,0.9931719838275412,0.998583174805601,0.9964417376267604,0.9900388816940107,0.9812737068490769,0.9851365976229043,0.9977466214744957
FMAO,0.9957396011249284,0.9973899753002147,0.19056065928798613,0.12796511989385767,0.8401204497918804,0.9993757649904969,0.9953911975023432,0.9906993369990532,0.9957364459874326,0.9994605977959796,0.9957374047594358,0.9978675393744786,0.9791574770825365,0.9984823430498068,0.9816171666898391,0.9929154989075446,0.9647004306395877,0.998771105533994,0.9966935402228086,0.9988492508069503,0.995027431484897,0.9993844931095782,1.0,0.9972940482181307,0.9934351692760663,0.9954071548538475,0.9330293179346297,0.9943922359437493,0.9949799914255039,0.9952336556901556,0.9663731338540806,0.14552779322559795,0.9941841176459035,0.9691771841592971,0.9942244366884461,0.9992652470327632,0.9970476847730275,0.9963209431183451,0.9884193992478698,0.810274147185542,0.9995140086998423,-0.030059928577269447,0.9974084104671068,0.9968427557937395,0.14767774177615178,0.9791171594850538,0.9920614198975175,0.9960834828888617,0.9989004206368928,0.9963315415223553,0.9962442927408243,0.9763466113469181,0.9987817891279444,0.9740429628819512,0.15838645630589548,0.9983364982696344,0.9885330283583124,0.9322819687289056,0.9382384310466283,0.9952607355718207,0.9784593576653472,0.9907287414696584,0.9973199182291079,0.9969584990170168,0.9877174457402377,0.984804086817045,0.9900869062863699,0.9976556025882025
FMBH,0.993800065378466,0.9993927556280182,0.18627356542347534,0.13032951098441792,0.8292608249516094,0.9988699547334533,0.9919721238737789,0.9808025352926292,0.9884014965286484,0.996194637693468,0.9931222239424187,0.9989338779887886,0.9717390799941054,0.9953364716969415,0.9703880208601959,0.9849805733535799,0.9464144542023191,0.9961674938281014,0.9974094733880077,0.9967613328020156,0.9939316625090928,0.9976092398170475,0.9972940482181307,1.0000000000000002,0.9905277641092723,0.9996294605397804,0.9208355348606744,0.9943598658129841,0.992281380551718,0.9898114215281726,0.9629878548601623,0.13788752691971928,0.985842503552346,0.9562150826942832,0.9966356192819997,0.9974457152268847,0.9971968028660274,0.9996186586848045,0.9960721353785422,0.8056026092505476,0.9970026640420122,-0.08986095718457653,0.9895525395957564,0.9965817190727062,0.1384679804371507,0.9798083454503621,0.9888800368263068,0.9945749914317659,0.9932485292182714,0.99962911398737,0.995789263231351,0.9865703019803452,0.9981152901254678,0.9846193805244658,0.14620144575664862,0.9941766147735002,0.9789455480382179,0.9121842816737612,0.9195738238199749,0.9930780992837132,0.9662232220426832,0.995138386605114,0.9990314505562652,0.9897879464241017,0.9958513936848672,0.9733618558767058,0.9832267597488931,0.9969768615456688
FNB,0.9987674597899079,0.9941279069288153,0.1890865521749827,0.162247915210573,0.8409167180211164,0.9917854293168152,0.9992422672664569,0.9933915370765058,0.9963619813031249,0.990153936930568,0.9992379410606649,0.9894803734331349,0.9924675566215896,0.9885148799815342,0.9802761062454063,0.9919927398393876,0.9603264199994302,0.9946018823681352,0.9868033844014623,0.9935072805679827,0.9990884521898845,0.9900174701569638,0.9934351692760663,0.9905277641092723,1.0,0.9873657077276293,0.9008798106325263,0.9972205492843556,0.9981318773719835,0.9979217389462858,0.9643671473685865,0.1363463719364097,0.9814509557316257,0.9856559451413431,0.9786144302099724,0.9930887651316661,0.9954143569580973,0.9905055284641798,0.9798079991817583,0.801351969872848,0.9916784856697731,0.011726659081740986,0.9923431491740485,0.9891451048420684,0.12497394289219325,0.9828932700787002,0.9994291390189787,0.9970801312253376,0.9938539884249596,0.9892646362980686,0.9981431688943783,0.9559726891768447,0.993217310021519,0.9531718893868997,0.1441303325373613,0.9972791040266532,0.9954659316194814,0.9557137942285475,0.9492176504644306,0.9960056202847919,0.9907045361909069,0.9840535566686327,0.9891081247722214,0.9906414896195759,0.9793118238558619,0.9910286444611959,0.9977480342234696,0.9946269603395539
GBCI,0.9913561190482261,0.9984075759764097,0.19001116806794663,0.13349713403831945,0.8258710003447687,0.9975290014594071,0.9889334252090151,0.9761698568577514,0.9845195604128213,0.9942150880127034,0.990112333588928,0.9980468389820458,0.9657281178958127,0.9932944480784428,0.9660843942938038,0.9810841549262401,0.93997778488544,0.9939866942825875,0.9965232164374048,0.9954123021808734,0.9914109363582084,0.9960298365220907,0.9954071548538475,0.9996294605397804,0.9873657077276293,1.0000000000000002,0.9197522001071436,0.9920672913168918,0.9889361009603099,0.9866414684186122,0.961446893878706,0.14141092606524186,0.9831954404991062,0.9493421081798151,0.9968964132732724,0.9955528068543962,0.9957745776569303,0.9992723655065711,0.997146567649561,0.8060209539689593,0.9951422525216875,-0.10803551501442284,0.9861338954500823,0.995093303892746,0.13979540475765717,0.9758969212938259,0.9852984814255662,0.9919546869658944,0.9905319268134699,0.9994785033159806,0.9935620521876327,0.989423539340503,0.9965576787575858,0.9875464510378369,0.14835649990906163,0.9914398666315576,0.9736090526058945,0.9025410307725331,0.9120954592469459,0.9902203068340449,0.9599693285437888,0.9947518157460511,0.9983212070449192,0.9864364120068188,0.9971549174298946,0.96738415831867,0.9789410466842936,0.9950155847707053
GS,0.9125370856888139,0.9121008068372864,0.38450055176505116,0.23121836008442312,0.8914282778091489,0.9272961799409254,0.9138421443212581,0.9239074445973354,0.9234944650759744,0.938994543816576,0.9045446913730468,0.9190709616725272,0.8767449645430093,0.9294392633744067,0.9490796763991975,0.9424070479038982,0.9443865193519924,0.9166887667481389,0.9183667072985771,0.9372459189464991,0.8977599510865938,0.9323850862250065,0.9330293179346297,0.9208355348606744,0.9008798106325263,0.9197522001071436,0.9999999999999999,0.895429236195612,0.9002560374244097,0.9241154158487135,0.9446591553143439,0.3822533404047718,0.9595786142461803,0.8728095897687452,0.9320848201100761,0.9241376470186664,0.9145764582182382,0.9124625832870242,0.8943133874641532,0.8861564256111873,0.9300599368043823,0.10643934178882536,0.9355834567343164,0.9144642167986095,0.40802375989008116,0.8624776663027891,0.8923504123615571,0.9003576738576805,0.9329962565043279,0.9184642927374532,0.9045231211526995,0.9070181035780267,0.9195112026522977,0.8981595298772104,0.4188006436110502,0.9233703581958748,0.9056847656342736,0.8358850801160471,0.9098546054578398,0.8972809503893484,0.893088011505282,0.8891436476705329,0.9182310033859259,0.9325312380844962,0.8936156480183296,0.9043419283320958,0.911072321229293,0.9088534635197887
HBAN,0.9981386251020584,0.9968952980042336,0.13608821662888773,0.10489526263889618,0.8330521636996505,0.9950008985107809,0.9972161156034741,0.9893364560974824,0.9940742158203075,0.9923334411188434,0.9989697045627611,0.9946429803710926,0.9891760837082854,0.9923413796847654,0.9750701212891152,0.9874669653415742,0.9552511359407562,0.9970045775881403,0.9936377191618274,0.9924622551803634,0.9992292143058898,0.9933084943305386,0.9943922359437493,0.9943598658129841,0.9972205492843556,0.9920672913168918,0.895429236195612,0.9999999999999999,0.9989164977189177,0.9929874200054639,0.9622647824114795,0.11509955788622345,0.9784550491182312,0.9774041041785061,0.9861591757134941,0.9963741476890614,0.9984296629357664,0.9957033736713099,0.9890863767666812,0.771323709921799,0.9946810396173273,-0.0405044307949053,0.9900672077105659,0.995506020029412,0.11357246898870915,0.9843102613903171,0.9979516847955728,0.9994522494849003,0.9933664222300147,0.9925861501518926,0.9996439647164038,0.9672704359419194,0.997096332908608,0.9676475694619129,0.11993087958499324,0.9969124812623377,0.9902304042375699,0.9442931853004208,0.9377289920407426,0.9988835897023987,0.9814270549546255,0.9930250490367499,0.9949578857233616,0.9918220164247,0.9884724822898762,0.987147623050064,0.9907921922222154,0.9984800388369305
HBHC,0.9978381494881083,0.9953996129187769,0.1441954300332076,0.108368949480826,0.8327031593186729,0.994530720721303,0.9980015608503466,0.9926242771515522,0.9966227350108496,0.9932371034272294,0.9995823327888024,0.9933022451562018,0.9928841128241227,0.9931668587917472,0.9782284086671182,0.9908724975072902,0.962213490743274,0.9972260663909976,0.9919493820936566,0.9924333342688596,0.999040471729311,0.9934644678995904,0.9949799914255039,0.992281380551718,0.9981318773719835,0.9889361009603099,0.9002560374244097,0.9989164977189177,1.0,0.9950324939084026,0.960279419025426,0.10996825949740593,0.9822417505697224,0.9825496135426678,0.9838472467858863,0.9962731853549595,0.9965593963378951,0.9930093029591057,0.9841491049454306,0.7780878454059443,0.9948921101795613,-0.014129249263237734,0.9932775617169094,0.994322217225752,0.1115274344959077,0.9874737301398615,0.9989809034147824,0.9993895256079964,0.9950378594556049,0.9906443203865577,0.9989918708655704,0.9619725171499144,0.9962104200442198,0.9612851444744862,0.11994350753477996,0.9977377353099446,0.9946787749986318,0.9523951331156393,0.9445449814551259,0.9990738906400359,0.9870442977741438,0.9899171345624106,0.99302500548176,0.9940541965422195,0.9832111409640959,0.9919209848166716,0.9941068100149962,0.9978487622348451
HOMB,0.9976478662466336,0.9922291283674952,0.23028149050149563,0.18866729077236122,0.8564311851522225,0.9921639386029667,0.998650976228537,0.9959500237477754,0.9978478343228708,0.9926993483692496,0.9969710613176762,0.9884974406163897,0.9881128491016912,0.9896551561220198,0.987678711566703,0.9968151163251512,0.97029094342256,0.9939516433315907,0.985622276950023,0.9965088424950468,0.995867910368696,0.9913429524951606,0.9952336556901556,0.9898114215281726,0.9979217389462858,0.9866414684186122,0.9241154158487135,0.9929874200054639,0.9950324939084026,1.0000000000000002,0.971213714575345,0.17425104116818418,0.9896764664397177,0.9841776006395546,0.979787950475514,0.9930188392900553,0.9938462971645917,0.9883416404376327,0.975222756351216,0.8276807555688018,0.9927234435948078,0.04285229963028727,0.9960305281674633,0.9873225725171227,0.16176067091186033,0.9754657031204265,0.9959284165525408,0.9937212554916401,0.9964082201456308,0.9885703745606318,0.9953273981669097,0.9549203082512349,0.992313903361213,0.9505131424188101,0.18734198305056926,0.997903145033154,0.9957249743241474,0.954373262480913,0.9577869681337837,0.9923554412709779,0.9913769363670257,0.9786127541713192,0.9877621755376541,0.993011682815082,0.974775515712363,0.9912515758140197,0.9986509273635575,0.9922114301332027
