Ticker,ABCB,ABTX,AJX,ARI,AXP,BAC,BBT,BK,BOKF,C,CFG,CFR,CIT,CMA,CNND,COF,DFS,EWBC,FCNCA,FFIN,FHB,FITB,FMAO,FMBH,FNB,GBCI,GS,HBAN,HBHC,HOMB,HTH,IBKR,IBOC,ISBC,JPM,KEY,LARK,MBWM,MCBC,MS,MTB,NAVI,NKSH,NTRS,OPY,PACW,PBCT,PGC,PNC,PNFP,RF,SCHW,SFBC,SIVB,SLFC,SRCE,STBA,STT,SYF,TFSL,TSC,UMBF,USB,WAL,WFC,WSBC,ZION
ABCB,0.9999999999999996,0.9996611873118388,0.9878159337061315,0.9096021061047408,0.9377816339058134,0.9905148538799238,0.9965425076619333,0.9886092331710223,0.9831463344661479,0.9877150833430599,0.9986769695199814,0.9931246533296649,0.9988587759343968,0.9975316106298712,0.9986116352421858,0.9909477623931975,0.9951555853307396,0.9988683314292675,0.9934200864828457,0.9842460395664153,0.9939472859691783,0.9889796771090096,0.998422580679517,0.9982589978712938,0.9986585947951475,0.9935277378948606,0.9688917874744852,0.9967495309717745,0.9969735311704598,0.9991072418162475,0.9961143047196644,0.9871816393406799,0.9925256036883987,0.9987705395695523,0.9872154605273546,0.9904561826597159,0.9949488308384614,0.9995778796344675,0.9989827343045324,0.9385182771984407,0.9986570528298531,0.9941906626517845,0.9863138641537281,0.9885937490667885,0.8975971702902871,0.9945556723170168,0.9992661015438757,0.9990785461697815,0.9973284870598099,0.9994080517816217,0.9985487961435342,0.9436469861722607,0.9987145440059022,0.9820123896863711,0.9928781391667102,0.9990489853634407,0.9992960631922492,0.9877790002428842,0.9968725128601372,0.9985971527427313,0.9979604611382117,0.9915843344076078,0.99487908692503,0.998591188450125,0.9911005128644532,0.9986700244271504,0.9976576441918468
ABTX,0.9996611873118388,1.0000000000000002,0.9886996453487895,0.9156268503021185,0.9400619499671923,0.992878784778413,0.9977049633399747,0.9908315309113024,0.9859719403831594,0.9903577869988923,0.9995045056047288,0.9950779683412571,0.9993929805895725,0.9983638458079782,0.9987606918684019,0.9924831901752168,0.9940829042517668,0.9994177270251852,0.9951715104293485,0.9867225445661093,0.9958114362529512,0.9913329483793094,0.9990147123788478,0.9991318967996312,0.9995078384024931,0.9952130748385845,0.972857996476321,0.9980221127508463,0.9983326477791639,0.9993457254757125,0.9944847636095323,0.9899058883074067,0.9938396413658982,0.9995535193634385,0.9898284474490298,0.992642030909422,0.9961853810949675,0.9996400523964258,0.9994707489138671,0.9431425123311463,0.9981337160555244,0.9938772618583945,0.9888134302103205,0.9910070550598131,0.890473517407867,0.9966707115880489,0.9998848498326964,0.9995406532719815,0.9982934256088294,0.9998989698413883,0.99933348324495,0.9493146862589033,0.9980718851256591,0.9851117464567396,0.9901877293511255,0.9994652409501122,0.9993262859926785,0.9902673079408087,0.995135657262302,0.9984181446523583,0.998301648778956,0.9936450016383904,0.9962083852815411,0.99929476100947,0.9932635249500533,0.9992458713887377,0.9987558958906797
AJX,0.9878159337061315,0.9886996453487895,1.0000000000000004,0.9502532107749588,0.9503151910515016,0.9861711617607963,0.9916778369778689,0.986549668377526,0.9849148057860415,0.9840242398697613,0.9894911917362902,0.987708791437158,0.9847547302580351,0.9850698053136607,0.9833465531594298,0.9908110911109009,0.977594813166067,0.986093137855963,0.9854890494431192,0.9896189843186701,0.9903646317216647,0.9870350591870691,0.9901246857303507,0.9901437285228268,0.9910581280333965,0.9906949730133976,0.9727468276812754,0.9876854407196749,0.9880170764910695,0.9924513921414657,0.985609369716236,0.9802956410488199,0.9910363930650856,0.987500678637362,0.983187920738797,0.9868773614674947,0.9888797563137717,0.9845663338272704,0.9848240326702528,0.9697480233101605,0.9820480468903859,0.9672058379199158,0.9883329425697087,0.9826556306417114,0.8991320233863734,0.9858203786874068,0.9885839286825093,0.9839967118026081,0.9888882792005393,0.990440852713897,0.9895455331145251,0.9571814140637673,0.9804984735665582,0.9800120908464173,0.9814818496583467,0.9895137318573359,0.9867453165263388,0.9840194510654531,0.9821723440834522,0.9823389993093412,0.9789024281923309,0.9863899427192999,0.9859840706783427,0.9860945375817753,0.9856725590823535,0.9932566725328952,0.986962731188775
ARI,0.9096021061047408,0.9156268503021185,0.9502532107749588,1.0000000000000002,0.9690608261160345,0.9467539107146639,0.9381832296363192,0.9507465253992307,0.9598539705428677,0.9493663510113239,0.925257633918973,0.942019793854718,0.9129399639549175,0.9158524455420054,0.9103778011914199,0.9498146353242768,0.8909482311120241,0.9131023210684288,0.9366704669362699,0.9633559798753691,0.9451538450474929,0.9501771548973791,0.922970766958384,0.9287189928689459,0.9275207023939976,0.9465677969077966,0.9663412245379113,0.9317340912570393,0.9305868936679732,0.9220238261818561,0.9125262511396977,0.9445271683591143,0.9369537703093437,0.9198149982398014,0.949407854861763,0.947371840401219,0.9397896551041897,0.90625953312618,0.9129023429549692,0.9941191676598287,0.8928906656111473,0.8699310598182503,0.9542194553426077,0.9452648866996225,0.8436453970471344,0.9232899850449157,0.9191892166392863,0.9084706390388492,0.9257578250561105,0.9198353991025099,0.9267637555519442,0.9809721071882496,0.889624021068661,0.956288572619852,0.9011391559253897,0.920941744178359,0.9059388950743364,0.9494467098540135,0.8960976559651771,0.8932186089078273,0.8965525305816557,0.9447790802766733,0.9294753579072913,0.9190494136166409,0.9432170271429426,0.9263575278493348,0.9250524822348416
AXP,0.9377816339058134,0.9400619499671923,0.9503151910515016,0.9690608261160345,1.0,0.9679899655091704,0.95978855315433,0.9733175024630224,0.9783556075014928,0.9712385021730404,0.9490710311803343,0.9645278578069467,0.9413829780043025,0.9458638174381072,0.9452728445944852,0.9720969588107791,0.9359378569570217,0.9412612929564265,0.9633999027368968,0.977693661624162,0.9630683242900262,0.9713454233233139,0.9487302744653233,0.9525397046598688,0.94833863111036,0.9662766728378495,0.9846161150181892,0.9558439847599296,0.9543024333304948,0.9441207322284235,0.9528984931516428,0.9665679369491408,0.9592320468075615,0.9457500857801855,0.9721943400959074,0.969797778666601,0.9648960989972301,0.9354551278910785,0.9399662195709196,0.9822297303345797,0.9262996311304947,0.9084256501759903,0.9721526009871304,0.9704043217102036,0.9245616814050089,0.9370626082961273,0.9427786188085432,0.9370221251479052,0.9519103516048542,0.9421402278389243,0.9509174042279105,0.9857453169759732,0.9235480779612223,0.976863932722246,0.9459356468500307,0.9478297278718697,0.9332513474574229,0.9726531819035811,0.9380290899849627,0.9211542363833574,0.9271389382996128,0.968081496264601,0.9586096456670447,0.9445793763875736,0.9675305125189962,0.9458018097636842,0.9515115980129111
BAC,0.9905148538799238,0.992878784778413,0.9861711617607963,0.9467539107146639,0.9679899655091704,1.0,0.9981377154353475,0.9995780707313462,0.9984510949551422,0.9997814975954205,0.9960787241129309,0.9997632418911252,0.9933781577604232,0.9951998127400397,0.9938290903443455,0.9983467323702783,0.9855660197891527,0.9939420189872852,0.9994669608707126,0.9975559897951763,0.9991947421250515,0.999666638247844,0.99529329349587,0.9968444775913374,0.9956440216626092,0.999282187426348,0.9933700938768867,0.997938780700613,0.9978490945998375,0.9930253654199487,0.9876823185241882,0.9986695623564235,0.9958849686708163,0.9954996989987789,0.9996863412428849,0.9998914721257004,0.9989142878332864,0.9912008112574212,0.993225143666037,0.9689681515046006,0.9866417229519577,0.9800238340050014,0.9982060007918756,0.9997349523764667,0.8886638049098862,0.9928881080634726,0.994146233998592,0.9925183407239935,0.9966904033096485,0.9936159955733658,0.9963036846481225,0.9793293558617486,0.9855528376766212,0.998475193277564,0.9803704443499432,0.9949876966134895,0.9900711500910653,0.9997204627634049,0.9845069761834844,0.9859508679536849,0.9890866839575855,0.9999227679537197,0.9981316355565366,0.9947625772826915,0.9998150973894995,0.9938485302955058,0.9972215388754041
BBT,0.9965425076619333,0.9977049633399747,0.9916778369778689,0.9381832296363192,0.95978855315433,0.9981377154353475,1.0000000000000002,0.9973699427314009,0.9947118809426351,0.9967832855077489,0.9992358775793014,0.9990685432975757,0.9972821117902911,0.9975562213741079,0.9972051982553088,0.9981221385241329,0.990761068775622,0.9975147286903333,0.9987168570881503,0.9952457947058005,0.999485881040953,0.9975283177586695,0.9986704193399226,0.9995989131228753,0.9991983616221977,0.9994684654202104,0.9856302763007904,0.9994474683010793,0.999415129539508,0.9980467335761255,0.9939281952068895,0.9956742256545241,0.9969534310609742,0.9985969281122258,0.996489157626115,0.9981666901909176,0.9995820877622639,0.99625224275585,0.9972150955180981,0.9621222221223924,0.992989751404214,0.9859631304241324,0.995874324782748,0.9969119278627552,0.8982566359057341,0.9954124265609029,0.9982663947522405,0.9966490439719639,0.9988389517351517,0.998207836438307,0.9993866151564302,0.9677008688794548,0.9922875773861762,0.9937579309283244,0.9884940660923386,0.9987235862591052,0.9956701500086516,0.9968192059638462,0.9916966871593951,0.9925850044147222,0.993717467809933,0.9985390825669936,0.9984472448504949,0.9980985400681077,0.9981508500271093,0.9984644757189604,0.9991190712465163
BK,0.9886092331710223,0.9908315309113024,0.986549668377526,0.9507465253992307,0.9733175024630224,0.9995780707313462,0.9973699427314009,1.0,0.9993710879470605,0.9997067173051277,0.9944566711760342,0.9992096817160873,0.9910042965346382,0.9938415315173452,0.9922892898367682,0.999083801569733,0.9849102479337772,0.9921560429065902,0.9988930275623791,0.9987688274538564,0.9983425661842159,0.9999208899069171,0.994317588293067,0.9955627935476336,0.9939923604774752,0.998910850797336,0.9950308756745533,0.9964205316302177,0.996332003776279,0.9918306124991462,0.9878072573206009,0.9976098512936575,0.9964544302872856,0.9937366835145298,0.9996677482128026,0.9998400733293458,0.9984300019385396,0.9887849399583913,0.9907499937565916,0.9733281455097648,0.9844668665158427,0.9758632553636316,0.9991692137484715,0.9995411318757708,0.8970791491720124,0.989850496851745,0.9920556580024419,0.990034702714587,0.9958142883042305,0.9918168962441506,0.9947505327601281,0.9817130471004893,0.9829745525777829,0.9987307574475417,0.9808748371878018,0.9937689221224925,0.9880595638582783,0.9998124892847439,0.9838728120421146,0.9830474547592296,0.9858366664916947,0.9995518137683337,0.9976518368902867,0.99253817795367,0.9995374335708703,0.992523152970998,0.9957068625771589
BOKF,0.9831463344661479,0.9859719403831594,0.9849148057860415,0.9598539705428677,0.9783556075014928,0.9984510949551422,0.9947118809426351,0.9993710879470605,0.9999999999999998,0.9991345459462351,0.9905623623240928,0.9974333008393522,0.9861224898632314,0.9895847079035719,0.9873552921450544,0.9980673062368134,0.9788423904931745,0.9873910988167084,0.9967213369663714,0.9993780903846362,0.9965409871234375,0.9992432619597951,0.9903550895987611,0.9920102026125546,0.9901994251876406,0.9972746014590802,0.9976107291205188,0.9932790094343932,0.9931698585881878,0.9875114175990396,0.9828475462722834,0.9965104878876245,0.9943374462002129,0.9894753180590604,0.9991416811497044,0.9987798225041365,0.9961455461172742,0.9832081566460995,0.985773262965107,0.97995407171448,0.9779507619209805,0.9679386166220441,0.9990760546104184,0.9985793826524315,0.8940527185234829,0.9862123205453859,0.9875418246945769,0.9847888945022382,0.9922941430401276,0.9873159795763432,0.9909647267317226,0.9874975497551571,0.976124814516959,0.9992088246169847,0.9751879117048483,0.9895314957269602,0.9825409770262432,0.9992291463276118,0.9777212828442406,0.9764636881376288,0.9796943850624263,0.9981519493505076,0.99481043146598,0.9881053148673876,0.9981446697620401,0.9885810456194006,0.9920458468986869
C,0.9877150833430599,0.9903577869988923,0.9840242398697613,0.9493663510113239,0.9712385021730404,0.9997814975954205,0.9967832855077489,0.9997067173051277,0.9991345459462351,1.0000000000000007,0.9941460595955384,0.9991991612861293,0.9910842057729999,0.9936543673191298,0.9919176782454071,0.9980807694783911,0.983634042856278,0.9918854237199175,0.9989294998247693,0.9978828097775068,0.9982094493246497,0.9997477375243328,0.9935267799743938,0.9951043286718906,0.993556377782352,0.9984668108867575,0.9953750083697472,0.9964667807818562,0.9964137476634694,0.9907038733655044,0.9854530442118482,0.9985387521477265,0.9952402676557551,0.9935491431301418,0.9999610498265096,0.9997631817217817,0.9979560118033155,0.9885241650187016,0.990781359889704,0.9713560567853197,0.9837697219135849,0.9766752380267492,0.9985497827117031,0.999863329222737,0.888268646868667,0.9907745476923814,0.9917974526695214,0.9900952442324419,0.9952959885773309,0.9912276544052416,0.9943998335106783,0.9825041870454899,0.9824265009501879,0.9992038854773743,0.9778349446506619,0.993040009367947,0.9874384966944947,0.9999473572044707,0.9819665658490527,0.9827317911824144,0.9863051684630375,0.9995887971925496,0.9973911747938662,0.992554874535175,0.9996376115353793,0.991606635776219,0.9956839698500041
CFG,0.9986769695199814,0.9995045056047288,0.9894911917362902,0.925257633918973,0.9490710311803343,0.9960787241129309,0.9992358775793014,0.9944566711760342,0.9905623623240928,0.9941460595955384,0.9999999999999998,0.9976347765591815,0.9992517840879539,0.9987938253929487,0.9988174636916722,0.9954177197781245,0.9932004665631307,0.999269083875517,0.9976136510590813,0.990896463112064,0.9980796749155417,0.9948339913593487,0.99934742234019,0.9999034401897485,0.9998767640446895,0.9976595867798856,0.9795233033896473,0.9994254276265762,0.9995923037907389,0.9990409925128585,0.9942736136404363,0.9936411471201775,0.995587925769351,0.9998193832726016,0.9937346701929308,0.9958818818281495,0.9983039428064006,0.9987956359849377,0.9992129391408738,0.951275141222266,0.9964248900503615,0.9915196014321924,0.9925121542987543,0.9946065320171348,0.8920919638290943,0.9970245843009538,0.9997662673357595,0.9990432998232923,0.9991522629239826,0.9996156425814013,0.9999579149245573,0.9584877442450034,0.9961096658941562,0.9899466142292996,0.9892757940743253,0.999645116191779,0.9982250513272485,0.9940612365572785,0.9938611839613491,0.9964361385307902,0.9972241275491086,0.9966354334658163,0.9980007854563487,0.9994927921802998,0.9963129522278563,0.9992130271799226,0.9996998414241874
CFR,0.9931246533296649,0.9950779683412571,0.987708791437158,0.942019793854718,0.9645278578069467,0.9997632418911252,0.9990685432975757,0.9992096817160873,0.9974333008393522,0.9991991612861293,0.9976347765591815,0.9999999999999999,0.9953037268926354,0.9969666427619395,0.9958091415582377,0.9986112999824162,0.9886669576090229,0.9959991891222938,0.999813977750219,0.9968602206266363,0.9995083644307113,0.9993725796464389,0.9971539387714049,0.9982495115986649,0.9972427286300184,0.9995712089996883,0.9909378894331541,0.9988157264373607,0.9988777961947365,0.9952672245456262,0.9901855493201703,0.9978675580591365,0.9970422400741336,0.9972123128482209,0.9990160800118792,0.9997254396305026,0.9994585510791598,0.9936070913543348,0.9951370471426417,0.9656984873798923,0.9898431563835782,0.9832734637468946,0.9979099718851981,0.9992676383206894,0.8916000847046356,0.9942402124228493,0.9960418203426309,0.9946678473921231,0.9981924538217941,0.9957054864484884,0.9977660072293331,0.9749783255320031,0.9888236265833424,0.9971102906114426,0.9835798141348607,0.9969006703238078,0.9928231030678993,0.9991554716697034,0.9878241195012718,0.9891312081534999,0.9915154457651061,0.9998583762140949,0.9990545496740981,0.9963705044356526,0.9997777450436336,0.9958509607648524,0.9984907303464212
CIT,0.9988587759343968,0.9993929805895725,0.9847547302580351,0.9129399639549175,0.9413829780043025,0.9933781577604232,0.9972821117902911,0.9910042965346382,0.9861224898632314,0.9910842057729999,0.9992517840879539,0.9953037268926354,0.9999999999999998,0.9983790832158634,0.9990323659314325,0.9920012152294605,0.9939488478163817,0.9990893588291444,0.9956663372156983,0.9858104246505172,0.9956404747656583,0.9914902475765978,0.9981973147612924,0.9987315635013041,0.9988835790390123,0.9948576271036883,0.9739571418511517,0.9983699437752516,0.9986813980298267,0.9978712655797672,0.9936484518794702,0.9913513270372722,0.9924476322360287,0.9993560762715543,0.9906174653509976,0.9929641218921826,0.9961530837206612,0.9994655052028864,0.9995452494710553,0.9405493250027389,0.9975171079775934,0.9949257191396327,0.9881628822996973,0.9919482346949281,0.8887827692641321,0.9972897002955291,0.9995646425182383,0.9997036405548666,0.9977848592443934,0.9990203899982601,0.9991357631457336,0.9505460204042027,0.9976411138870458,0.9861228781656242,0.9888416526782833,0.9988365196515407,0.99859800281959,0.9909539442491067,0.9944127208042308,0.9977413461660228,0.9988277247917297,0.9941070747750278,0.9963844400513906,0.9993110069211949,0.9939107978464277,0.9980020163997961,0.9989514873865581
CMA,0.9975316106298712,0.9983638458079782,0.9850698053136607,0.9158524455420054,0.9458638174381072,0.9951998127400397,0.9975562213741079,0.9938415315173452,0.9895847079035719,0.9936543673191298,0.9987938253929487,0.9969666427619395,0.9983790832158634,1.0000000000000004,0.9992991113602674,0.9945634600894486,0.996277798111029,0.9996299238669081,0.9975862674868348,0.9890945600427826,0.9959887008833831,0.9943924132401006,0.9994053124105048,0.998737142120538,0.998145412856786,0.9958009966164888,0.9788530619520939,0.9978177240052958,0.9985666031567114,0.9980456305081182,0.9931075578875029,0.9919622500271758,0.9967151545519739,0.9993605614602541,0.9931803019653196,0.995253230539105,0.9968351197573025,0.9981382300989846,0.9979503607965194,0.9461064601237456,0.9975012926597271,0.9927935974243829,0.9925796607408182,0.9943231069539845,0.8912049899327213,0.9955200663429139,0.9983823908761524,0.998695744035912,0.9995837400819456,0.9984327554643907,0.9984609138024192,0.9555221091763462,0.9967055657391418,0.9887199351829166,0.9883311937172563,0.9992960485550431,0.9984381250907549,0.9935399642363497,0.9946114273599297,0.996631211736927,0.9971511893939529,0.9957637543934924,0.998974103843247,0.9979451888066281,0.9961524530762885,0.9977724240780027,0.9992667485321762
CNND,0.9986116352421858,0.9987606918684019,0.9833465531594298,0.9103778011914199,0.9452728445944852,0.9938290903443455,0.9972051982553088,0.9922892898367682,0.9873552921450544,0.9919176782454071,0.9988174636916722,0.9958091415582377,0.9990323659314325,0.9992991113602674,1.0,0.9931153498829028,0.9966758624398802,0.9994923497242562,0.9966927154132105,0.9868989171205648,0.9952440940635114,0.9925207522443069,0.9988231939243725,0.9986583641574872,0.9981306461884731,0.99508075351521,0.9758325387027098,0.997953014110952,0.9981879002868875,0.9978269527288792,0.995526632683087,0.9912990809631952,0.9943007804707225,0.9993293348801423,0.9916285553679933,0.9938090052256608,0.9967661813357167,0.9991078107983766,0.9989159585634161,0.9408380577216912,0.9980608168697687,0.9945282227608776,0.9897455667143332,0.9930396851237768,0.8977324476444031,0.9941965786296968,0.9987303010272996,0.9992371905391797,0.9986658690994494,0.9984505973656151,0.9987005824574575,0.9514336879859523,0.997820703153167,0.9870920665098722,0.9913829857443694,0.9992394802673679,0.9984102602736311,0.992018042357472,0.9962071761002188,0.9971591316445053,0.9981162963974848,0.9947527982312034,0.9978513164691332,0.9987465540534789,0.9947039457781383,0.9973188698946406,0.9990675655597238
COF,0.9909477623931975,0.9924831901752168,0.9908110911109009,0.9498146353242768,0.9720969588107791,0.9983467323702783,0.9981221385241329,0.999083801569733,0.9980673062368134,0.9980807694783911,0.9954177197781245,0.9986112999824162,0.9920012152294605,0.9945634600894486,0.9931153498829028,0.9999999999999998,0.9879245868933785,0.9931632728215867,0.9980681996225064,0.9985240976454101,0.9981144660807454,0.999109873374086,0.9959349852569961,0.9964559605400239,0.9951992613055151,0.9988600613674697,0.991741433886275,0.9963039590117245,0.9965984114738405,0.9943245447499917,0.9913300642968627,0.9947594167636435,0.9980611797656277,0.994465850007334,0.9978308816094514,0.9989852301597398,0.9984216975450282,0.9900939572007673,0.991283154520085,0.9733827329364697,0.9868781860447913,0.9762878098500463,0.9989144011661583,0.9977554620268311,0.9081726101713997,0.9903620819973071,0.993233100540553,0.9908814910726419,0.9967657324610638,0.9935592525738153,0.9956520589211246,0.9766848125558198,0.9852115177555649,0.9960579102397271,0.9859917100852508,0.9953221922869804,0.9904702394150647,0.9982679683776381,0.9880661089388205,0.9851840931111611,0.9862515840761577,0.9985753420663105,0.9976967127893074,0.9928428198111573,0.9986341641146963,0.9948661774680109,0.9958955101941439
DFS,0.9951555853307396,0.9940829042517668,0.977594813166067,0.8909482311120241,0.9359378569570217,0.9855660197891527,0.990761068775622,0.9849102479337772,0.9788423904931745,0.983634042856278,0.9932004665631307,0.9886669576090229,0.9939488478163817,0.996277798111029,0.9966758624398802,0.9879245868933785,0.9999999999999997,0.9958501331499302,0.9902165658603191,0.9787306558406792,0.9867658446689956,0.9853499067770553,0.9955556047844294,0.9929760500726975,0.992024210247766,0.9872663333890023,0.9651499669892099,0.9905488682120003,0.9917645503294226,0.9944042567563441,0.9946333245184191,0.9804027850223381,0.9920719935196056,0.9942828396990067,0.9830850093384427,0.9864437864891878,0.9897687693391817,0.9947953002687627,0.992798348444982,0.9282380066420225,0.9973992811328013,0.991579063010117,0.9836809456744995,0.9849042123168167,0.9108625744005456,0.9865156190496062,0.9930999812722919,0.9945416872032796,0.9949556824000781,0.9937814659248011,0.9927376681461928,0.9353451541583638,0.9963620092500638,0.976627633624941,0.9935433408580341,0.9955489487983072,0.9963734315022008,0.9838418305702791,0.9985043899018317,0.9946956749173729,0.9933156513360637,0.9869461033699755,0.9937861554006144,0.9919801426829229,0.9878162084633371,0.9930071805775927,0.9933966769858181
EWBC,0.9988683314292675,0.9994177270251852,0.986093137855963,0.9131023210684288,0.9412612929564265,0.9939420189872852,0.9975147286903333,0.9921560429065902,0.9873910988167084,0.9918854237199175,0.999269083875517,0.9959991891222938,0.9990893588291444,0.9996299238669081,0.9994923497242562,0.9931632728215867,0.9958501331499302,1.0,0.9965099430817471,0.9874010444006113,0.9957277289374291,0.9926899435682703,0.9994299076445451,0.9990255116385397,0.998867577176331,0.9953228803191017,0.9753469273127482,0.9979706869392387,0.9984787509839542,0.9988199022425928,0.9937375822712139,0.9909371989381858,0.9953231796502924,0.9997703410000722,0.9914084691873215,0.9938194988502251,0.9964495054989466,0.9993331148607135,0.9990880341459983,0.9426967819690176,0.9984855123887549,0.9944442974587232,0.9904695890987353,0.9926413011037484,0.8889860081791675,0.9959798869337635,0.9993221577672264,0.9995511987421929,0.9991918542276869,0.9993520705368351,0.9989718413351811,0.9513412631579955,0.9980745607099551,0.9866823724581263,0.9892930848988286,0.9996051714782288,0.9992657740915699,0.9917598620766676,0.9952019492158255,0.998160966135748,0.9984076286092944,0.9946234313871356,0.9978439914582927,0.9989241654694769,0.9946433329697836,0.9984673717796928,0.9992450300634196
FCNCA,0.9934200864828457,0.9951715104293485,0.9854890494431192,0.9366704669362699,0.9633999027368968,0.9994669608707126,0.9987168570881503,0.9988930275623791,0.9967213369663714,0.9989294998247693,0.9976136510590813,0.999813977750219,0.9956663372156983,0.9975862674868348,0.9966927154132105,0.9980681996225064,0.9902165658603191,0.9965099430817471,1.0,0.9957530456080016,0.998917564507603,0.9989940008555518,0.9972975926290427,0.9981898785270141,0.9969750435524073,0.9990489623287891,0.9901795794886009,0.9987756550184123,0.9988068798978084,0.9950859849853811,0.9908159450941039,0.9977625695498903,0.9968376306829108,0.9974720166942221,0.9988122203384262,0.999454035542101,0.9993364888074864,0.9941490661064325,0.9955142320829979,0.9619738576057645,0.9907975259619884,0.9849710132849363,0.9972777144589703,0.9992628234971446,0.8929024207164854,0.9936366851526417,0.9960697731369966,0.995197553451818,0.998397772668316,0.9956295487712491,0.9977200358295732,0.9730477698394912,0.9898259337243829,0.9966762991946791,0.9844037402499229,0.9971108073414368,0.9932022975421899,0.9989348143186663,0.9888462712630219,0.9897744963599596,0.9923951341088609,0.9996726574687075,0.999462330640823,0.9965881339289516,0.9996927612226313,0.9954238475394099,0.9987342911630155
FFIN,0.9842460395664153,0.9867225445661093,0.9896189843186701,0.9633559798753691,0.977693661624162,0.9975559897951763,0.9952457947058005,0.9987688274538564,0.9993780903846362,0.9978828097775068,0.990896463112064,0.9968602206266363,0.9858104246505172,0.9890945600427826,0.9868989171205648,0.9985240976454101,0.9787306558406792,0.9874010444006113,0.9957530456080016,1.0,0.9966735092777904,0.9986316647899359,0.9909898944397916,0.9924172937901619,0.9909747883427521,0.9975452848867337,0.9956978412707339,0.9929748872998817,0.9928323795956768,0.989094741064815,0.9844279529059483,0.9946929783791031,0.9951513410650017,0.9895103421288245,0.9977974158689485,0.9980731514709079,0.996117583064447,0.9834370729846417,0.9857290357364659,0.9827348428229693,0.9784266134599243,0.966549372063663,0.9990746976459687,0.9970814258091262,0.8989072448080688,0.985878000955987,0.9880207335355058,0.9845671862648876,0.9924158052671931,0.9882974395865668,0.9913130516485424,0.9855254096634367,0.9765164224416621,0.9976189737339858,0.9775146898704828,0.9901082545245955,0.9832879671241429,0.9980422268666661,0.9789102500606638,0.9770740142912694,0.9790194465058587,0.9973561829885945,0.9940909604392019,0.9880973255258142,0.9970969816136636,0.9900724708288843,0.9916558514245185
FHB,0.9939472859691783,0.9958114362529512,0.9903646317216647,0.9451538450474929,0.9630683242900262,0.9991947421250515,0.999485881040953,0.9983425661842159,0.9965409871234375,0.9982094493246497,0.9980796749155417,0.9995083644307113,0.9956404747656583,0.9959887008833831,0.9952440940635114,0.9981144660807454,0.9867658446689956,0.9957277289374291,0.998917564507603,0.9966735092777904,1.0000000000000002,0.9984754422357398,0.9969454372642034,0.9985999185390579,0.9980945445124789,0.9998472080987649,0.9891790126656811,0.9991632290839503,0.9989601477091075,0.9959357040142747,0.9904947035517312,0.997488985922564,0.9958806785196437,0.9972939918245524,0.9980073266695382,0.998982976974593,0.9995075589597358,0.9940841101656103,0.9957983509423344,0.9666154637747209,0.9895658946464462,0.9829557835713213,0.9967688404918849,0.9981619079829557,0.8901687434311528,0.9950447206446743,0.9967965029771327,0.9948605710800109,0.9975874321837586,0.9964426868507671,0.9983192418756395,0.9739319577534837,0.988881437028268,0.996217114330523,0.98393978292895,0.9969314284489115,0.9929466829786554,0.9981581336907277,0.9873972160297415,0.9895465455909924,0.9916886131154111,0.9993184655673829,0.997770615310063,0.9970789832395038,0.9987863050205488,0.9966987993488261,0.9983080358691433
FITB,0.9889796771090096,0.9913329483793094,0.9870350591870691,0.9501771548973791,0.9713454233233139,0.999666638247844,0.9975283177586695,0.9999208899069171,0.9992432619597951,0.9997477375243328,0.9948339913593487,0.9993725796464389,0.9914902475765978,0.9943924132401006,0.9925207522443069,0.999109873374086,0.9853499067770553,0.9926899435682703,0.9989940008555518,0.9986316647899359,0.9984754422357398,1.0000000000000002,0.9947798415096719,0.9958461443996293,0.9943914259699156,0.9989178920717294,0.9946361837480678,0.996582636009493,0.9967013760068334,0.992332524009236,0.987362841651359,0.9974926602755672,0.9969446151846557,0.9941671046705122,0.9996116091987824,0.9998928948460613,0.9983301716965183,0.9892310588976995,0.9910868074962781,0.9728993338252906,0.9851647339819618,0.9766352334593134,0.9993578595122511,0.99948862684451,0.8940732813721219,0.9909738915069759,0.9925143784719994,0.9905699924581595,0.9962589736362327,0.9923467392679898,0.9950310383097811,0.9810440476808323,0.9836104276732209,0.9984678929327033,0.9803597930903342,0.9941504265892205,0.9888206530370267,0.9997526270691234,0.9840508263643991,0.9839028300728209,0.986463260713454,0.9995624342398204,0.9979417659192906,0.9927936306452206,0.9996817414460529,0.9931003765019032,0.9960393317709764
FMAO,0.998422580679517,0.9990147123788478,0.9901246857303507,0.922970766958384,0.9487302744653233,0.99529329349587,0.9986704193399226,0.994317588293067,0.9903550895987611,0.9935267799743938,0.99934742234019,0.9971539387714049,0.9981973147612924,0.9994053124105048,0.9988231939243725,0.9959349852569961,0.9955556047844294,0.9994299076445451,0.9972975926290427,0.9909898944397916,0.9969454372642034,0.9947798415096719,1.0000000000000002,0.9994339707736823,0.9991355107076552,0.9969231854266873,0.9789514209854862,0.9980991662947727,0.9987073771323979,0.9994800923763489,0.9949489184163519,0.9914124542856478,0.9976745726095386,0.9994363390242362,0.9930107722162752,0.9955197850328678,0.9975845129078428,0.9981488191195654,0.997935981054794,0.9515978011198584,0.9972464009257191,0.9905670342442296,0.9934682209613833,0.9939152609799026,0.8978539313532792,0.995455383618961,0.9989220069794327,0.9983329718419598,0.9997722275267223,0.9993319991327823,0.9991240717891295,0.9565358016115353,0.9963902934811419,0.9886725174477304,0.9906489186251335,0.9998752854956537,0.9987248564852994,0.9935136150461555,0.9954013378934141,0.9964975824369582,0.9961230624328336,0.9959223778642109,0.9985929065145163,0.9981169738470731,0.9960043565065503,0.9992810908487565,0.9991541304281718
FMBH,0.9982589978712938,0.9991318967996312,0.9901437285228268,0.9287189928689459,0.9525397046598688,0.9968444775913374,0.9995989131228753,0.9955627935476336,0.9920102026125546,0.9951043286718906,0.9999034401897485,0.9982495115986649,0.9987315635013041,0.998737142120538,0.9986583641574872,0.9964559605400239,0.9929760500726975,0.9990255116385397,0.9981898785270141,0.9924172937901619,0.9985999185390579,0.9958461443996293,0.9994339707736823,1.0,0.9997981304288025,0.9983687849881181,0.9815421961051757,0.9995203783567124,0.999638071104429,0.9989798502836674,0.9945767578590209,0.9942255096394871,0.9963936798669377,0.9996664445227783,0.994746979749796,0.9967538175375532,0.9989026498843794,0.9982401673160737,0.9987716825486512,0.9545061997166308,0.9957266973674193,0.9901020726417143,0.9938129380065576,0.9955165275249033,0.8949455181055643,0.9963672987555201,0.9994397241145649,0.9985047748826462,0.9993566314770269,0.9993557431018977,0.9999110528979488,0.9612324069171033,0.9952751413486327,0.9912464895784892,0.9895171686789712,0.9996233612559473,0.9976898247825566,0.995098248189554,0.9936116666847814,0.9955156963677209,0.9963216410602166,0.9973941103172577,0.9984443724507626,0.9992259005641246,0.9970441709144535,0.9991193119514119,0.9997150013088897
FNB,0.9986585947951475,0.9995078384024931,0.9910581280333965,0.9275207023939976,0.94833863111036,0.9956440216626092,0.9991983616221977,0.9939923604774752,0.9901994251876406,0.993556377782352,0.9998767640446895,0.9972427286300184,0.9988835790390123,0.998145412856786,0.9981306461884731,0.9951992613055151,0.992024210247766,0.998867577176331,0.9969750435524073,0.9909747883427521,0.9980945445124789,0.9943914259699156,0.9991355107076552,0.9997981304288025,0.9999999999999998,0.9976220375335572,0.9787840759770363,0.9991597065927026,0.999306629335363,0.9992270892431265,0.993978829858951,0.9929552221248792,0.9953292068365525,0.9995443849679121,0.9931023626050604,0.995417716467595,0.9980421174113879,0.998541574291004,0.9989964547724918,0.9525785464363737,0.9959601919848732,0.9906095508395771,0.9922290882230654,0.993893505964027,0.8912159500389258,0.9971325269574248,0.9997400394431049,0.9986836270147877,0.9987745961831292,0.999698708010279,0.9998480732072471,0.9581882274474355,0.9956965559551871,0.9893544303768276,0.988913432812859,0.9994263032600997,0.9980388836798944,0.9934760707608629,0.993236339829284,0.9962674787072168,0.9966976688126005,0.9961856820063968,0.9972655456341918,0.9993234043614821,0.9957014962597752,0.999483475136499,0.9992879098016004
GBCI,0.9935277378948606,0.9952130748385845,0.9906949730133976,0.9465677969077966,0.9662766728378495,0.999282187426348,0.9994684654202104,0.998910850797336,0.9972746014590802,0.9984668108867575,0.9976595867798856,0.9995712089996883,0.9948576271036883,0.9958009966164888,0.99508075351521,0.9988600613674697,0.9872663333890023,0.9953228803191017,0.9990489623287891,0.9975452848867337,0.9998472080987649,0.9989178920717294,0.9969231854266873,0.9983687849881181,0.9976220375335572,1.0000000000000002,0.9902235178728448,0.9987761064542074,0.9985385839496692,0.9957747933501544,0.9914066965308105,0.9972373534337104,0.9965863191475461,0.9968469775380768,0.9983204156528642,0.9992960277271707,0.999707421003499,0.9933823103776197,0.9950163663308581,0.9686016318132186,0.9890865602155191,0.981488401730999,0.9975451359257544,0.9984238677628842,0.8962627118852708,0.9935378730853364,0.9961360766646633,0.9940773690778383,0.9976107754014065,0.9959399253597572,0.9979459260505271,0.975057788233516,0.9882071871597194,0.9966205193373917,0.9851816328232448,0.996810091525037,0.992411040622311,0.9985377360242708,0.9879075752323888,0.9885803466779718,0.9905434684249188,0.9994835506044496,0.9980103278561818,0.9964013924712197,0.9989891028037559,0.9963870656706835,0.9979707088710204
GS,0.9688917874744852,0.972857996476321,0.9727468276812754,0.9663412245379113,0.9846161150181892,0.9933700938768867,0.9856302763007904,0.9950308756745533,0.9976107291205188,0.9953750083697472,0.9795233033896473,0.9909378894331541,0.9739571418511517,0.9788530619520939,0.9758325387027098,0.991741433886275,0.9651499669892099,0.9753469273127482,0.9901795794886009,0.9956978412707339,0.9891790126656811,0.9946361837480678,0.9789514209854862,0.9815421961051757,0.9787840759770363,0.9902235178728448,1.0000000000000004,0.9842929749298346,0.983876911017635,0.974447556478903,0.9697548616433905,0.9928263868410518,0.9857366551647934,0.9782051910067991,0.9956790365730008,0.9936698936525513,0.9885315506085502,0.9696512157555331,0.9735147497680424,0.983534983946048,0.9625904369055548,0.9522159337002747,0.9947172788169404,0.9945778636806882,0.8832471899410669,0.975060205570875,0.9752642537816186,0.9720878032452765,0.9821698562900502,0.9745321726820756,0.9801593823099098,0.9951316237301209,0.960327304969492,0.9977626725847379,0.9602799556287542,0.9778068443831527,0.968194226932631,0.99548026027644,0.9625806179120979,0.9605768354824181,0.9660786826842955,0.9926117287484255,0.9868386150812242,0.9767405274498598,0.9927553430396004,0.976013294455276,0.9822497653006774
HBAN,0.9967495309717745,0.9980221127508463,0.9876854407196749,0.9317340912570393,0.9558439847599296,0.997938780700613,0.9994474683010793,0.9964205316302177,0.9932790094343932,0.9964667807818562,0.9994254276265762,0.9988157264373607,0.9983699437752516,0.9978177240052958,0.997953014110952,0.9963039590117245,0.9905488682120003,0.9979706869392387,0.9987756550184123,0.9929748872998817,0.9991632290839503,0.996582636009493,0.9980991662947727,0.9995203783567124,0.9991597065927026,0.9987761064542074,0.9842929749298346,1.0000000000000002,0.9997747800802144,0.9971947933898471,0.9928367549914341,0.9966984462321452,0.9947977144098772,0.9990545119243686,0.9962640999963881,0.9975866768389414,0.9992903373861952,0.9972712975740312,0.9984729655117903,0.9557868375118321,0.9935450525419854,0.9892102331360709,0.9938813647632155,0.9969331622101169,0.8904441417183288,0.9963027360704245,0.9987534625764576,0.9978262243053935,0.9984251346489124,0.998151165491907,0.9995891632952246,0.9657525431403683,0.9933067370144385,0.9935300770744191,0.9869429715180345,0.9984864376149873,0.9957817888313193,0.9964095501292172,0.9910605701819597,0.9935434079387204,0.9957886205873926,0.9983430268905443,0.9981943249887879,0.999163742567148,0.9978576252744888,0.9976346436306442,0.9996052552195197
HBHC,0.9969735311704598,0.9983326477791639,0.9880170764910695,0.9305868936679732,0.9543024333304948,0.9978490945998375,0.999415129539508,0.996332003776279,0.9931698585881878,0.9964137476634694,0.9995923037907389,0.9988777961947365,0.9986813980298267,0.9985666031567114,0.9981879002868875,0.9965984114738405,0.9917645503294226,0.9984787509839542,0.9988068798978084,0.9928323795956768,0.9989601477091075,0.9967013760068334,0.9987073771323979,0.999638071104429,0.999306629335363,0.9985385839496692,0.983876911017635,0.9997747800802144,0.9999999999999998,0.9977144918954592,0.9926194404872475,0.9958284411229118,0.9958546775581791,0.9993274898296948,0.9960566802352093,0.9975880150968172,0.9989674245229954,0.9974687306308799,0.9983651637807028,0.9555057511809799,0.9943968815952173,0.9896671726877118,0.9943608150920201,0.9967703923793942,0.889910506133246,0.9972641646786126,0.9989344423108915,0.9981572556694517,0.999028240841436,0.9985132770064187,0.9996075894515155,0.9646683148324506,0.9939498524786908,0.9929572694379051,0.9868273857540001,0.9988815550723847,0.9966881949234144,0.9962898645086047,0.9917611409692576,0.9943189763149445,0.9960229559889204,0.9982086421267652,0.9986758929538087,0.9989295917148593,0.9980258534022743,0.9981950713858934,0.9997830694701909
HOMB,0.9991072418162475,0.9993457254757125,0.9924513921414657,0.9220238261818561,0.9441207322284235,0.9930253654199487,0.9980467335761255,0.9918306124991462,0.9875114175990396,0.9907038733655044,0.9990409925128585,0.9952672245456262,0.9978712655797672,0.9980456305081182,0.9978269527288792,0.9943245447499917,0.9944042567563441,0.9988199022425928,0.9950859849853811,0.989094741064815,0.9959357040142747,0.992332524009236,0.9994800923763489,0.9989798502836674,0.9992270892431265,0.9957747933501544,0.974447556478903,0.9971947933898471,0.9977144918954592,1.0000000000000002,0.9952816607611062,0.9887694431462123,0.9961937359130683,0.9988809155839058,0.9900943287955466,0.9932201909077801,0.9963304813413527,0.9982753709463418,0.9978471814975276,0.9496885445589107,0.9973772963710416,0.9902359179913856,0.9910096854065191,0.9909892421079679,0.8979962360621296,0.9952067581204019,0.9990375726497687,0.9980330521870926,0.9986694352410967,0.9996726933854415,0.9988374840617733,0.9515053796249315,0.996748211306808,0.9853875209626999,0.9916150285510522,0.9995305499590551,0.9989700054748137,0.9906881398440607,0.9956741545542712,0.9971250060252236,0.995862230950815,0.993772737682357,0.9965124725760752,0.9979025846305962,0.9935286025897185,0.9997955189848201,0.9980782944871429
HTH,0.9961143047196644,0.9944847636095323,0.985609369716236,0.9125262511396977,0.9528984931516428,0.9876823185241882,0.9939281952068895,0.9878072573206009,0.9828475462722834,0.9854530442118482,0.9942736136404363,0.9901855493201703,0.9936484518794702,0.9931075578875029,0.995526632683087,0.9913300642968627,0.9946333245184191,0.9937375822712139,0.9908159450941039,0.9844279529059483,0.9904947035517312,0.987362841651359,0.9949489184163519,0.9945767578590209,0.993978829858951,0.9914066965308105,0.9697548616433905,0.9928367549914341,0.9926194404872475,0.9952816607611062,1.0,0.9834230308218862,0.9908569789635061,0.9938458427066459,0.9852975196162299,0.9885967353579695,0.9935075359611341,0.9941929488138517,0.9933514470163377,0.9430221636980518,0.9934970807628707,0.9853210127662271,0.9851938180535446,0.9866169024751134,0.9320886762877277,0.9850527195514779,0.9939228405853531,0.9931113523528572,0.9937874847078796,0.9943182942581896,0.9946239162295623,0.9448587725848803,0.9931614302841094,0.9806648511669454,0.9986392938988294,0.9956252406774111,0.9938771766510748,0.9862616521494719,0.997850935149076,0.9912194620563014,0.9903846629182593,0.9893801996361667,0.9923397702105726,0.9933585068652935,0.9887951194090608,0.9943721458943506,0.9933476979661557
