Ticker,ABCB,ABTX,AJX,ALTA,ARI,AXP,BAC,BBT,BK,BOH,BOKF,C,CFG,CFR,CIT,CMA,CNND,COF,DFS,EWBC,FCNCA,FFIN,FHB,FITB,FMAO,FMBH,FNB,GBCI,GS,HBAN,HOMB,HTH,HWC,IBKR,IBOC,ISBC,JPM,KEY,LARK,MBWM,MCBC,MS,MTB,NAVI,NKSH,NTRS,OPY,PACW,PBCT,PGC,PNC,PNFP,RF,SCHW,SFBC,SIVB,SLFC,SRCE,STBA,STT,SYF,TCBI,TFSL,TSC,UMBF,UMPQ,USB,WAL,WFC,WSBC,ZION
ABCB,0.9999999999999999,0.9991355135531224,0.9954374760064962,0.9981405023921838,0.9763999040768683,0.9731396184547247,0.9975419702166994,0.9995897382735849,0.997542540882726,0.9955886851439505,0.9982733276503577,0.9969183642894678,0.9992337647457129,0.9979360162984585,0.9988208700642373,0.9956620776876147,0.9980017093883278,0.9976819003752208,0.986813305796957,0.9975446420830263,0.9972274124126391,0.9990932561099509,0.9986523732690553,0.9975351692321188,0.9981982834681623,0.998654500516209,0.9989118273924799,0.9996338764733824,0.9964200533739613,0.9985389027894106,0.9990602762311512,0.9902759528587833,0.9983481075407945,0.992067037863876,0.9925862581499498,0.9985416276796055,0.996937503288884,0.9980542108592229,0.9996596996557171,0.9987552709134495,0.9979406163619757,0.9983729421590444,0.9976672431150136,0.9940094035123912,0.9952309828176502,0.9968790225434506,0.7832033970336878,0.9989370628759877,0.9984466516358756,0.9979801615142997,0.9971454846115058,0.999178896470092,0.9992949772753604,0.9972150140532466,0.9986403811313885,0.9970285972531875,0.9774854859396391,0.9991353302726875,0.9978852692090675,0.9973711960425407,0.9923968610690809,0.9969763969113234,0.9976640279553937,0.9955019271209904,0.998415381105814,0.9969847042026188,0.9952765763702759,0.9974897064898807,0.9968129999297706,0.998739455579492,0.9981759634351023
ABTX,0.9991355135531224,1.0,0.9946199551157967,0.9987776362279869,0.9746527646433767,0.964136984485823,0.9990685623609765,0.9998275143103259,0.9986103230573165,0.9971025680098298,0.9984884602403065,0.998300048539004,0.999979301665996,0.999205634645584,0.9994412042765185,0.996376554310496,0.9977813272352831,0.9958090763768916,0.9833197705879912,0.9988005454215061,0.9981379076124,0.9987282500697694,0.9998888538760365,0.99813329307411,0.998429372811362,0.9998594467637747,0.9998864923897994,0.9998030269174903,0.9969658634307729,0.9993812220059906,0.9986405328445604,0.9841222135633839,0.9996563379568841,0.9945921402496908,0.9925306395909285,0.9996998662501979,0.9981165011759755,0.9986767972911443,0.9990577344574052,0.9996749178953276,0.9992260863900564,0.9983988420275953,0.998132118083008,0.9961318786956356,0.9958088839904029,0.9978673471969864,0.759543776023321,0.9998309547366429,0.9998363626670121,0.9994830567949363,0.9975575608817723,0.9998064100774411,0.9998187667234962,0.9990917310356869,0.9991627175385026,0.9983492047288258,0.968057617764884,0.9990961178483446,0.9988365765514611,0.9983207754199603,0.9879099683057772,0.9989637533986022,0.9993786322851161,0.9981054218454062,0.999137502800319,0.997419978273792,0.9956673708085313,0.998821624343908,0.9979230027545032,0.9991642090168312,0.9992659664274757
AJX,0.9954374760064962,0.9946199551157967,0.9999999999999999,0.991862185943565,0.9904667763415076,0.9614256369905931,0.9901921298316342,0.9944661267376106,0.9900669170025436,0.9861848558774376,0.992494858588698,0.9889297441332292,0.9947672563989635,0.9913819971290835,0.9914727267784452,0.9888864726175283,0.9888089153652018,0.9935599861232032,0.9772641679425182,0.99110460451152,0.9885854942862304,0.9959542376538828,0.9940275803060096,0.9910145779748553,0.9936497909040694,0.9927735518411765,0.9955360023134832,0.994683465810815,0.9870180387813812,0.9911165352522906,0.9972896217337835,0.9824133341480801,0.9917661417096578,0.9796558041409492,0.9901520752233836,0.9928653453018499,0.9879493019827346,0.9906029862839122,0.99283885592268,0.9919369037198953,0.9911059520034704,0.990151416778149,0.9911575074857736,0.9825152672524783,0.9918171310926167,0.987705665086963,0.7701477161380821,0.9938046524185022,0.9937321881240827,0.9909312773500696,0.9919814820729486,0.9961333311632937,0.9932730252241105,0.9898056718737805,0.9916432122013094,0.9877784496737504,0.9697063702554253,0.9939939380959987,0.9935736058357646,0.9890666932137002,0.9848976119062561,0.9892972839118369,0.9936927591244618,0.9870723591303511,0.9907460305536987,0.9896233261685248,0.9870028835814139,0.9906393928837045,0.9888377471040924,0.9971460618980461,0.9908324432208717
ALTA,0.9981405023921838,0.9987776362279869,0.991862185943565,0.9999999999999999,0.9661719422526086,0.9656225684068978,0.999508474476615,0.9989371116914573,0.9998205385354303,0.9991841971688379,0.9998592174684539,0.9996669919779294,0.9988775784691554,0.9997815674937989,0.9985250729509667,0.999295814945828,0.9991955088985939,0.9974218021431462,0.989727337736971,0.9998608142716705,0.9996428120384001,0.9991158773975717,0.9982057843303568,0.9998906493216683,0.9996417022721462,0.9989225769374223,0.9980358326843838,0.9989397592487734,0.9993687427548206,0.9980788558354128,0.998387030254534,0.984592043268801,0.9990077589450654,0.9940375492812478,0.9962228433294135,0.9995677399722086,0.9994148304766797,0.9998931313179524,0.9986658744276644,0.9988409641799709,0.9974944316451553,0.9995768840884146,0.9998831209003713,0.9969827954003164,0.9984319478209654,0.9994479642103559,0.7648269970558585,0.9980820331479957,0.998115303260605,0.9990223357237012,0.9995585033265475,0.9987837591400387,0.9986411960028044,0.9988706169854403,0.9998438330401904,0.9987096644235015,0.9692654428410163,0.9996973014788685,0.9994110460089115,0.999670668046351,0.9907269240613736,0.9988582329069273,0.9992125986584117,0.9973898780695588,0.999644392419967,0.9941233982498464,0.9989928022095708,0.9968475325927457,0.9995407221894343,0.9981117909120971,0.9995886311813273
ARI,0.9763999040768683,0.9746527646433767,0.9904667763415076,0.9661719422526086,1.0,0.9384742871845438,0.9645353838816189,0.9738435892608275,0.9631053927155445,0.9560639306183453,0.9670787492058667,0.9611857751388011,0.9746644324278274,0.9662099190285416,0.9690122045475204,0.9594150038312098,0.9612882490713764,0.970417792049917,0.9427925627471017,0.9652190271656494,0.9605072633698079,0.9748492400735685,0.9746832221619995,0.964043038314963,0.9693517645374577,0.9710440091521431,0.9774656014267102,0.9743625409749374,0.9569630637686347,0.9694090953023525,0.9784302687248124,0.9621026830760306,0.9688926742212348,0.9520216702781099,0.9627605625210286,0.9698156162780351,0.9599020485368791,0.9640570640167918,0.9708897531643927,0.9696608205056599,0.970400546745167,0.9635511520039958,0.9643436715993619,0.9531231264361466,0.9653233075140415,0.9589459717643835,0.7520320168293122,0.974567779478094,0.9741579047392802,0.9672325309696379,0.9656918675637396,0.9770070126346767,0.9724667073767086,0.9652093420366299,0.9665333037588898,0.9613593593220651,0.9517544591453643,0.9707376708637537,0.9701142788951821,0.9613247795953982,0.9594864813653637,0.9641529785451379,0.9713556433560049,0.9622391030060538,0.9653829621608698,0.9722969686822358,0.9559965382624583,0.9705024484876207,0.9605821388691372,0.9791560182491863,0.9657870399660438
AXP,0.9731396184547247,0.964136984485823,0.9614256369905931,0.9656225684068978,0.9384742871845438,0.9999999999999997,0.9616982498566761,0.9687381476690904,0.9646898463668349,0.9612382722057867,0.9683471022223473,0.9625004159035165,0.96511628966915,0.9627183298385729,0.9682568669630435,0.9642699798238473,0.9728604817273653,0.9775604536658077,0.9792294252018156,0.9616622338290385,0.9651791299286175,0.9686492345071742,0.9613755574909056,0.9663071149865736,0.9675083799280072,0.9632512753692601,0.9625677668487966,0.9674900290791926,0.9670834611515603,0.9652950644435815,0.9678367767630618,0.9953628941299436,0.9634937370074989,0.9526182307190586,0.9627365493835641,0.9629035819488416,0.9633479712079108,0.9670313171585783,0.9729992483097184,0.964787415925977,0.9611312364441464,0.9710586815783256,0.967027377337415,0.9562561543816683,0.9623259754645649,0.9656973476179864,0.9027818583589583,0.9633807378073148,0.9614603623194671,0.9620117772367717,0.9654050500159395,0.9640753655333867,0.9670602254636556,0.9589947780858455,0.9674488895656661,0.9620458527319943,0.9951993235331675,0.9696018210454701,0.9641602260389888,0.9659575386594954,0.9884499026118556,0.9591381603290887,0.9585509124057279,0.954209396428338,0.9665060593445521,0.9643981280322811,0.966708113041458,0.9595035270944094,0.9653930107035915,0.9647247056463517,0.964041840729514
BAC,0.9975419702166994,0.9990685623609765,0.9901921298316342,0.999508474476615,0.9645353838816189,0.9616982498566761,1.0,0.9989174901198573,0.999791151553702,0.9993896970091796,0.9989925996309198,0.9998130751638253,0.9990438422886604,0.9999254545092735,0.9991661898659924,0.9982149875889841,0.9988323133843696,0.9951185919969877,0.9857210080050742,0.9997650114911772,0.9996665416211437,0.9978647291881307,0.9988915916389786,0.9991978190621751,0.9985847601470865,0.9995313614215684,0.9984069272056402,0.9988604516956099,0.9989896459472417,0.999017167756249,0.9970869175766657,0.9816187553553969,0.999676877159013,0.9965384554300605,0.9935183718360185,0.9997656875258614,0.999727677759406,0.9996406598132268,0.9984204201946509,0.9994849412784262,0.9987141078421004,0.9992364927459814,0.9991204393425853,0.9984726578660936,0.9966942495712547,0.9995806167239877,0.7529695972865482,0.9987405940268859,0.9988930242691931,0.9998183998640315,0.9984005101311386,0.9985682323812115,0.999071322892786,0.9998243635547407,0.9996856855282585,0.9995527018612285,0.9644009315211556,0.9989062803153443,0.9988772870792243,0.9996977085876777,0.9873174826020014,0.9998536644997106,0.9993319285234615,0.9991122215999532,0.9998030466140228,0.9957426275484255,0.9978951228659361,0.9982047754211608,0.9994469693752139,0.9974784617398323,0.999927282532145
BBT,0.9995897382735849,0.9998275143103259,0.9944661267376106,0.9989371116914573,0.9738435892608275,0.9687381476690904,0.9989174901198573,0.9999999999999999,0.998742877363977,0.9971519082935757,0.998869083270276,0.9983170042261446,0.9998908911812301,0.9991136590336599,0.9996222937443681,0.9967316374840604,0.9984993595783342,0.9969743249240677,0.9856867883185869,0.998690593212459,0.9983306990789366,0.9990064730575318,0.9995124921768385,0.9984325468080802,0.998752867408241,0.999669641245758,0.9995782627769112,0.9998550887985257,0.9974175874493298,0.9993085649509257,0.9988335181088358,0.9870411064206789,0.9995270368061482,0.9940439702006311,0.9930926536737174,0.9995452936785848,0.9981719070446687,0.9989430585848832,0.9995423236298913,0.9995836535942474,0.9988441690105849,0.9989397993945632,0.9984771358778239,0.9957998209098626,0.9960592105174451,0.9981362590578767,0.7709640510948984,0.9995747236591119,0.9994977302949185,0.9992629915130314,0.9978140388459578,0.9996507139018049,0.999850287504536,0.9987120047253494,0.9993815293025201,0.9982280670248909,0.9719597971656421,0.9994578068869786,0.9989069977852445,0.9985611400539368,0.990361828153823,0.9986299691491163,0.9989727586301014,0.9974460478019203,0.9992811827507156,0.9972390544670913,0.9962527532313459,0.9983242910598693,0.9981997241109081,0.999114229240055,0.9992318745079857
BK,0.997542540882726,0.9986103230573165,0.9900669170025436,0.9998205385354303,0.9631053927155445,0.9646898463668349,0.999791151553702,0.998742877363977,0.9999999999999998,0.9996017358407233,0.9995643117456255,0.9999354160057159,0.9986908470404613,0.9998650737604852,0.9988056688518353,0.9991342843792885,0.9993336404927942,0.9964450624986746,0.9887454507058907,0.9998263232332865,0.999869719705325,0.9982762575232846,0.9981415720829492,0.9997615854260791,0.9991910012135097,0.9990309528187246,0.9977797002233495,0.9985859824749069,0.9995645662759695,0.9983217930335844,0.9973806225442177,0.9834398535922393,0.9992536256054139,0.9952255495750216,0.9952152923731492,0.9995305624327391,0.9997351830827009,0.9999304253862416,0.9984059367951691,0.9989730979755579,0.997715081453209,0.9996309244710839,0.9997134686308552,0.9978259091055938,0.9977708189706513,0.9998343090905548,0.761691955824222,0.9979943603739082,0.9981744209440974,0.9993326988481454,0.9991244340507556,0.9983055298447836,0.9986228233188594,0.9992472455696298,0.9998207534405363,0.9991208002009069,0.9669796482956957,0.9992884203860565,0.9991796757017309,0.9999487174015965,0.9895568408637317,0.999340329045234,0.9990913354084564,0.9981070489720785,0.9997700023403094,0.994357636255558,0.9989513399518953,0.9970286567154413,0.999860434232877,0.9974463215550479,0.9997482853362618
BOH,0.9955886851439505,0.9971025680098298,0.9861848558774376,0.9991841971688379,0.9560639306183453,0.9612382722057867,0.9993896970091796,0.9971519082935757,0.9996017358407233,1.0,0.9986459635704426,0.9998160601207602,0.9971271617113595,0.9992895615483159,0.9976475034498514,0.9989449175909871,0.9988517209380532,0.9945499442662171,0.9885305681843995,0.9994220408044273,0.9997930504652923,0.9966225483642188,0.9967050653067557,0.9991955156426757,0.9980043495047455,0.9979099112665728,0.9959481285101717,0.9971212965228182,0.9997055214763805,0.9973378007272129,0.9953074018014731,0.980428353424763,0.9983044142341201,0.996059889200426,0.9941551070972197,0.9986090411440307,0.9998037783166183,0.9994305167954713,0.9971018797349898,0.9980203609335804,0.9967708346536498,0.999029967981053,0.9991056627234228,0.9986764131148027,0.9968594052438352,0.9997959627394163,0.7537984696280655,0.9965541563487874,0.9966863088702723,0.9986346941050254,0.9983809673303076,0.9965446570775086,0.9972731382598178,0.9988720738834314,0.99910051682353,0.9991311900116945,0.9635182600759518,0.9980178856465493,0.9979374721036915,0.999672567626322,0.9876632152396458,0.9989938899178326,0.9979936419447487,0.9980470992940809,0.9992089696666292,0.9928649784751331,0.9990107668518285,0.9961469328916875,0.9995334396324913,0.9952337589828525,0.9992223757032196
BOKF,0.9982733276503577,0.9984884602403065,0.992494858588698,0.9998592174684539,0.9670787492058667,0.9683471022223473,0.9989925996309198,0.998869083270276,0.9995643117456255,0.9986459635704426,1.0000000000000002,0.9992636881418206,0.9986858454874624,0.9994096320205544,0.9982203855288977,0.9993843878874077,0.9991612659429254,0.9983899200517772,0.9911960488347884,0.9994818311014397,0.9992518677824684,0.9993623631339497,0.9977058274243132,0.9999032696417678,0.9999022709069939,0.9984899266185472,0.9977556938536228,0.9987142182761355,0.9991395671570599,0.9974714201952497,0.9987068400200085,0.9862955562820271,0.9985987217818313,0.9923841186946886,0.9970893826485938,0.9992066937861572,0.9988480565095097,0.9997228454678443,0.9985606882657679,0.9983240263103772,0.9966498120469327,0.9995040485676207,0.999932959552128,0.9957206960757798,0.9988653910639755,0.9991007169525548,0.7730374562887303,0.9975859966255591,0.9976801733816157,0.998448709267136,0.9997095555651956,0.9986860876811402,0.9983181141975699,0.9981035278143671,0.9996408475046397,0.9978769163563334,0.9715720554699672,0.999842219949155,0.9995600281394368,0.999409954679935,0.9923814074843699,0.9981539796153828,0.9989037672604187,0.9962614856343797,0.9992828569319915,0.9932468000804164,0.9990997485669023,0.9958482940608768,0.9994347069560834,0.9983407465805572,0.9991188737962735
C,0.9969183642894678,0.998300048539004,0.9889297441332292,0.9996669919779294,0.9611857751388011,0.9625004159035165,0.9998130751638253,0.9983170042261446,0.9999354160057159,0.9998160601207602,0.9992636881418206,1.0000000000000002,0.9983444317238739,0.9998093254122102,0.99852736556364,0.9990481374439512,0.9990969102710298,0.9956260959140583,0.9881362117872722,0.9998224906760866,0.9998897339544448,0.9977576021251553,0.9979165423092176,0.9995904281474606,0.9988205572772788,0.99885594134421,0.9974064832448497,0.9982157903927421,0.9995808207437338,0.9981678898885219,0.996758708035361,0.9818150455562222,0.9991301452209423,0.9957826242819326,0.994773252749992,0.9993947818679267,0.999843614833026,0.9998049393738142,0.9979756310275975,0.9988206328708971,0.9976474127917332,0.9993956690016905,0.9995222798179342,0.9982988160983103,0.9974765312598953,0.9998514236883215,0.7562423576162145,0.997743589565237,0.9979329211115264,0.9992931868251522,0.9988846459312304,0.9978992810907747,0.9983202910241861,0.9993460806586744,0.9996363671710402,0.999269786196043,0.9649953420065849,0.9988912699503867,0.9988951482696203,0.9998989829999261,0.9884751353062763,0.9994484864418328,0.9989504946586052,0.9983965425732061,0.9996599668164441,0.9940874599473408,0.9988942885411916,0.9970115875072283,0.9997910043362475,0.9968728672667221,0.9996981448261688
CFG,0.9992337647457129,0.999979301665996,0.9947672563989635,0.9988775784691554,0.9746644324278274,0.96511628966915,0.9990438422886604,0.9998908911812301,0.9986908470404613,0.9971271617113595,0.9986858454874624,0.9983444317238739,0.9999999999999999,0.9992216350505828,0.9994477667742726,0.9966082958025364,0.9979327298676688,0.9962677926004632,0.9840999222786838,0.9988280180033456,0.9981790377467565,0.9988975569181469,0.9997924596332152,0.9983075783213794,0.998658695739713,0.9998159687815844,0.999845626230832,0.9997960915764451,0.9970868793653311,0.999267213451133,0.9988121750121737,0.984725365156748,0.9996441560579268,0.9941933400045214,0.9930195202758113,0.9996977615910967,0.9980976727938622,0.9987774412829149,0.9991045443595551,0.9996003702158587,0.9990118167487582,0.9985249942119024,0.9983189540688426,0.9958833608178953,0.9961318415368607,0.9979356418193974,0.7622692131464588,0.9997315546939226,0.9997698753382822,0.9994109151206828,0.9977644208113494,0.9998441312846703,0.9997957554153651,0.9989653340738915,0.9992287989493862,0.9982122867736407,0.9688703934555883,0.9992645177536705,0.9990381574536591,0.9984034044065045,0.9886506304207097,0.9988757750365017,0.9993926188380625,0.997861047341279,0.9991508548531616,0.99713874456713,0.9959247851579428,0.9985442783594597,0.9980814593416389,0.9993053192459215,0.9992408454404128
CFR,0.9979360162984585,0.999205634645584,0.9913819971290835,0.9997815674937989,0.9662099190285416,0.9627183298385729,0.9999254545092735,0.9991136590336599,0.9998650737604852,0.9992895615483159,0.9994096320205544,0.9998093254122102,0.9992216350505828,1.0,0.9990451137490381,0.9986428860324745,0.9989107378912754,0.9960545778149545,0.9868827398929136,0.9999103593818552,0.9996567445475681,0.9985316109495946,0.9988993018214588,0.999522967504415,0.9991291632535223,0.9995009694681841,0.9985826830145926,0.9990766756168696,0.9990624077429712,0.9987996202892779,0.9978397310275267,0.982552516936622,0.999601336449775,0.9955589038208726,0.9946703501281532,0.9998659907409125,0.9996112587128927,0.9997863092356175,0.9985858083778818,0.9993879726862925,0.998437657924192,0.9993604987749595,0.9994681221628334,0.9978603718915264,0.9975047478187131,0.9995128867470309,0.7562696717105232,0.9987280408618691,0.9988706011510056,0.999670834229518,0.9989481805508716,0.9989340525005224,0.9990843056747944,0.9996015935835089,0.9998229958438603,0.9992562037692935,0.9658756643800721,0.9993350266622726,0.9992912612499909,0.9997150433729103,0.9884262679056313,0.9996108218934802,0.9995492398606223,0.9986057533838862,0.9998087292983151,0.9953161650026362,0.9982506439851946,0.9978801465509858,0.9995256090708864,0.9980567426973389,0.9998947457454076
CIT,0.9988208700642373,0.9994412042765185,0.9914727267784452,0.9985250729509667,0.9690122045475204,0.9682568669630435,0.9991661898659924,0.9996222937443681,0.9988056688518353,0.9976475034498514,0.9982203855288977,0.99852736556364,0.9994477667742726,0.9990451137490381,1.0000000000000002,0.9961697043981548,0.9987676964324016,0.9953945025283386,0.9843454100487046,0.998465112711699,0.998617950298347,0.9976391723978915,0.9993104774740147,0.998001658404099,0.9977786660928332,0.9996949758628747,0.9990095537046392,0.9993703197199412,0.9976728701680675,0.9997731500283704,0.9971803852879105,0.9860317200023734,0.9997142030831151,0.9961367058128224,0.990966173539129,0.9993264634638881,0.9986381939227931,0.9988813356709155,0.9993669872789552,0.9997959575123573,0.9992947423083359,0.999021126187337,0.9980067436805321,0.997241336915627,0.9945443347948691,0.9986060372406428,0.7680155327884026,0.9994497230373518,0.999388013835478,0.9995961650357936,0.9968795842561717,0.998740319897449,0.9998252298216246,0.9991650268903616,0.9992776032218545,0.9989688625998107,0.9699499373022089,0.9987125113006167,0.9981161207481801,0.9988151887738704,0.9889122226157128,0.9991664363346177,0.9984006809152713,0.9984298039181113,0.999445440731972,0.9979919109812845,0.9959721614975815,0.9988110133314129,0.9983563928324009,0.9977617798447962,0.9994054175792422
CMA,0.9956620776876147,0.996376554310496,0.9888864726175283,0.999295814945828,0.9594150038312098,0.9642699798238473,0.9982149875889841,0.9967316374840604,0.9991342843792885,0.9989449175909871,0.9993843878874077,0.9990481374439512,0.9966082958025364,0.9986428860324745,0.9961697043981548,1.0,0.9983508665476615,0.9971742055594018,0.9925411793988153,0.9990386777962775,0.9989443554231793,0.997910584498362,0.9954167636753372,0.999684274990858,0.9992062514220094,0.9966744927401069,0.9952791880101034,0.9965796295229282,0.9992923100373176,0.9952460421285253,0.996818564715141,0.982651251525297,0.9970039026957465,0.9912231858908359,0.9980170363947358,0.9979247670540857,0.9984954868504037,0.9991292972174092,0.9964227378483985,0.996457228458115,0.9943151499705346,0.9986460989647477,0.9996572305903602,0.9953824545124639,0.9992863649325578,0.9988629730389091,0.7662977908947872,0.9951124717225328,0.9954167952988376,0.9970542488211726,0.9996214691100441,0.9966460320516027,0.9960789694030802,0.9970071357817051,0.9986539945784333,0.9969354184067345,0.9671824805457809,0.9986174172916238,0.9986968746954206,0.9990182312117639,0.9909243405726169,0.9971686736427121,0.9978422320997337,0.9950872937002503,0.9982425009129521,0.9895211541544606,0.9998414260209276,0.9933674876705635,0.9992868621049636,0.9962253499883005,0.9980972537027191
CNND,0.9980017093883278,0.9977813272352831,0.9888089153652018,0.9991955088985939,0.9612882490713764,0.9728604817273653,0.9988323133843696,0.9984993595783342,0.9993336404927942,0.9988517209380532,0.9991612659429254,0.9990969102710298,0.9979327298676688,0.9989107378912754,0.9987676964324016,0.9983508665476615,0.9999999999999999,0.9972601034769162,0.9912661838892661,0.9987628376788997,0.9995030622365457,0.997843685567881,0.9970981374563223,0.9991700591671885,0.998539001408498,0.9982004524729339,0.9967165019921824,0.9983025673985049,0.9995217732016932,0.9981246922168493,0.9967896486092134,0.9885781206184333,0.9984560678275789,0.9946689649793161,0.9940046671464458,0.9985676171277852,0.9992482646269811,0.9995837351264267,0.999055619577829,0.9985248248554419,0.99708807756805,0.99992558204776,0.9992174466164347,0.9971768828425694,0.9964187531433448,0.9995420412171779,0.7815683801619555,0.9973179227328164,0.9970827359897031,0.9984597384500533,0.9983145180053737,0.9973058005126415,0.9983663239303119,0.9981116981653633,0.9995243677717391,0.9986937090677591,0.9743184954676771,0.9990404728260069,0.9980257047422516,0.9995420528644641,0.9929052345526973,0.9981787487390367,0.997360374582795,0.9966937130299429,0.9994796744193539,0.9947067735182668,0.9986763757090454,0.9963704582828771,0.9992438133204256,0.9963347111919975,0.9991309264330365
COF,0.9976819003752208,0.9958090763768916,0.9935599861232032,0.9974218021431462,0.970417792049917,0.9775604536658077,0.9951185919969877,0.9969743249240677,0.9964450624986746,0.9945499442662171,0.9983899200517772,0.9956260959140583,0.9962677926004632,0.9960545778149545,0.9953945025283386,0.9971742055594018,0.9972601034769162,0.9999999999999999,0.994444298725027,0.9961736911237753,0.9959485989199948,0.998700167103797,0.9943995567420894,0.9977004399890823,0.998597764446471,0.9951628641167354,0.9951102324089455,0.9966764698425219,0.9963092293100542,0.9940244193952327,0.9983507645456532,0.992060205672619,0.9951677294814112,0.9854182800422622,0.997200739909267,0.9960607241418531,0.9950286240060617,0.9971183637661878,0.9971432067219637,0.9950137476185905,0.9925334984606224,0.9974435326169239,0.9979082354536093,0.9897938923288815,0.9976683353532977,0.9957241096416369,0.8025215741137065,0.9945265813848221,0.9942982764979004,0.9945233519511459,0.9980541621021365,0.9966698718595934,0.9957190042379399,0.9935447045013633,0.997109111054346,0.9935008614172656,0.981291162828965,0.9985199520396063,0.9975303648618955,0.9962752274401158,0.9969701953555951,0.9935760896867282,0.9955481548372419,0.9904429131152002,0.9962749114868334,0.9897249377610318,0.9970395192013243,0.991476768559776,0.9964548511895718,0.997121108662962,0.9956715080455986
DFS,0.986813305796957,0.9833197705879912,0.9772641679425182,0.989727337736971,0.9427925627471017,0.9792294252018156,0.9857210080050742,0.9856867883185869,0.9887454507058907,0.9885305681843995,0.9911960488347884,0.9881362117872722,0.9840999222786838,0.9868827398929136,0.9843454100487046,0.9925411793988153,0.9912661838892661,0.994444298725027,0.9999999999999999,0.9877965051657734,0.9891142732916598,0.9894882680416797,0.9808551326277002,0.9910774256103523,0.990857730199915,0.9832830663329207,0.9811861541904678,0.985330597232302,0.9915214751853517,0.9821122287731859,0.9877490573407945,0.9885639243381711,0.9839946420256588,0.974743138005292,0.9935243356598,0.9855297871319719,0.9877217236215744,0.9897759615525606,0.9876407995154705,0.9836871183270428,0.9793267788521138,0.9905987672670014,0.9913900299065435,0.9815803453156077,0.9918630770027156,0.9891345535020255,0.8243628573806193,0.981245033716017,0.9806496985971729,0.9835175712399808,0.9916368318256832,0.9843339618255645,0.9839417919394362,0.9827178252314421,0.9887444378346681,0.9844761224490224,0.9817287860074833,0.9900202703463629,0.988278749605153,0.989129357109984,0.9967178314365276,0.9830256689225115,0.9841352104780624,0.9785155382516441,0.9876175854129964,0.9745656470119589,0.9937692357662846,0.9777771898101113,0.9896868757117725,0.9846037393860898,0.9863407349422659
EWBC,0.9975446420830263,0.9988005454215061,0.99110460451152,0.9998608142716705,0.9652190271656494,0.9616622338290385,0.9997650114911772,0.998690593212459,0.9998263232332865,0.9994220408044273,0.9994818311014397,0.9998224906760866,0.9988280180033456,0.9999103593818552,0.998465112711699,0.9990386777962775,0.9987628376788997,0.9961736911237753,0.9877965051657734,1.0,0.9996707007243525,0.998588970844622,0.9984320030945005,0.9996583070975121,0.9992226913383371,0.9990838881866034,0.9980907466615865,0.998763685875587,0.9992151904453903,0.9982370970460592,0.9978274470181555,0.9818816931023712,0.9991865043646216,0.9950663588262589,0.995437858122613,0.9996790435197099,0.9995983042032951,0.9997536281284378,0.9982258221789886,0.9989717144079688,0.9978817334351066,0.9992339387998636,0.9996045275559107,0.9977184477905433,0.9980081824375818,0.9994602745164641,0.75452126984794,0.9982252339754809,0.998327539508584,0.9993040615578951,0.9992419399182438,0.9986726208085529,0.9985928874818383,0.9993360469272332,0.9997010745516811,0.9990606753763788,0.9656064441540828,0.9992703209905559,0.9992365053503901,0.9996326798194025,0.9885290875297476,0.9993197166205832,0.999442379084833,0.9982061117826939,0.9996270127148552,0.9943342112395387,0.9986396116988469,0.9973331405041038,0.9994773025913608,0.997790144252023,0.999713519836551
FCNCA,0.9972274124126391,0.9981379076124,0.9885854942862304,0.9996428120384001,0.9605072633698079,0.9651791299286175,0.9996665416211437,0.9983306990789366,0.999869719705325,0.9997930504652923,0.9992518677824684,0.9998897339544448,0.9981790377467565,0.9996567445475681,0.998617950298347,0.9989443554231793,0.9995030622365457,0.9959485989199948,0.9891142732916598,0.9996707007243525,0.9999999999999999,0.9977790927414479,0.9977025178743865,0.9995344639140971,0.9986822072172409,0.998695865894682,0.9971351754627087,0.9983196361435113,0.9997993035776618,0.9982956918505064,0.996687176636103,0.9836438893297633,0.9989444063535073,0.9959975608316489,0.994400941676644,0.9992176409605779,0.9999396546879588,0.99985386843601,0.9984175753499578,0.9988582604264841,0.9976849256411956,0.9996812888968659,0.9994913790446368,0.9984615025936121,0.9970938067079101,0.9999443287547236,0.7622531272487758,0.9976737312227963,0.9976372595837015,0.9991519020942503,0.9987766466303433,0.9976693481754251,0.9983725736303921,0.9991719599800268,0.999716544948915,0.999430468292321,0.9676890598200314,0.9989273879548123,0.9984841135183162,0.9999204650876367,0.9895589109679473,0.9992091655455658,0.9984690244439567,0.9981461276321808,0.9997676894919936,0.9944696975225414,0.998971800910182,0.9970938772195014,0.9996649917627728,0.9964965323231553,0.9996946684476107
FFIN,0.9990932561099509,0.9987282500697694,0.9959542376538828,0.9991158773975717,0.9748492400735685,0.9686492345071742,0.9978647291881307,0.9990064730575318,0.9982762575232846,0.9966225483642188,0.9993623631339497,0.9977576021251553,0.9988975569181469,0.9985316109495946,0.9976391723978915,0.997910584498362,0.997843685567881,0.998700167103797,0.9894882680416797,0.998588970844622,0.9977790927414479,1.0,0.9979777144031644,0.9988556728353782,0.9995616986938202,0.9981782153398961,0.9983862587985392,0.9991189757012969,0.9973336947875668,0.9971240229546317,0.9998508973601418,0.9873802500796954,0.9979433457616266,0.9902925189016271,0.9965797774311226,0.9987873180616468,0.9973187053255836,0.9986395357779083,0.9986298091165755,0.9979551577245335,0.9965314342044309,0.9984279220519239,0.9989412535189804,0.9935836997485817,0.9982692028056006,0.9973406754156896,0.7751764552314483,0.9979174907984358,0.9977462870456109,0.9976376964259718,0.9990719834455589,0.9993246344511831,0.9983100122375542,0.9971016304296934,0.9988817951037755,0.996596798087722,0.974076004464796,0.9996942001431887,0.9990947842509705,0.997902985985387,0.992380162095756,0.9969204634496479,0.9986388939760887,0.9949362127479587,0.9983762850070802,0.9937654672391846,0.9972626979677882,0.995902637459247,0.9977418921339012,0.9992428709336717,0.998229214216206
FHB,0.9986523732690553,0.9998888538760365,0.9940275803060096,0.9982057843303568,0.9746832221619995,0.9613755574909056,0.9988915916389786,0.9995124921768385,0.9981415720829492,0.9967050653067557,0.9977058274243132,0.9979165423092176,0.9997924596332152,0.9988993018214588,0.9993104774740147,0.9954167636753372,0.9970981374563223,0.9943995567420894,0.9808551326277002,0.9984320030945005,0.9977025178743865,0.9979777144031644,0.9999999999999999,0.9973913503234093,0.9975921426458032,0.9998212850462967,0.9998606519050072,0.9995632167711724,0.9962841273545648,0.9994932438094082,0.9979381630082812,0.9822218878142152,0.9995744755022011,0.9953361991694969,0.9909314486532026,0.9994924492082659,0.9978339732231649,0.9981289015036958,0.9986488620779994,0.9996606127319074,0.9995562742048855,0.9977752551668966,0.9973651113027642,0.9963922675452973,0.9946613770598096,0.9974052164461099,0.7522550607823546,0.9999370999697049,0.9999257741018175,0.9994716847176893,0.9966653739777047,0.9995311107674346,0.9997194208933564,0.9991832491684408,0.9987059106314408,0.9983750892344582,0.9656015972452316,0.998409216304622,0.9982100219815451,0.997825148174228,0.9858319379578341,0.9990151824824439,0.9991608889024379,0.9985314684429036,0.9988156437383326,0.9979660075964161,0.9946316489752737,0.9992837740902606,0.9973124416751913,0.9986812358777645,0.9990532088410585
FITB,0.9975351692321188,0.99813329307411,0.9910145779748553,0.9998906493216683,0.964043038314963,0.9663071149865736,0.9991978190621751,0.9984325468080802,0.9997615854260791,0.9991955156426757,0.9999032696417678,0.9995904281474606,0.9983075783213794,0.999522967504415,0.998001658404099,0.999684274990858,0.9991700591671885,0.9977004399890823,0.9910774256103523,0.9996583070975121,0.9995344639140971,0.9988556728353782,0.9973913503234093,1.0,0.9997085230575957,0.9983334759504467,0.9972726511773244,0.9982816767223166,0.9994950812461338,0.9972845686355057,0.9980129380528483,0.9846352926360508,0.9985367492686439,0.9930539623822918,0.9970280727164109,0.999140917297056,0.9991954896912617,0.9998118357763338,0.9981129774197463,0.9981820506686109,0.9964955289848133,0.9994898766189984,0.9999925946368099,0.9964135813717386,0.9988808950392771,0.9994314299880808,0.7679651861882344,0.9972118510159076,0.9973855485974782,0.9985043574847742,0.9997230307580697,0.9982140005956438,0.9979755907137094,0.998317578151906,0.9996112965134762,0.998159983168847,0.9692330337597859,0.9995431439843805,0.9994164148450516,0.9996440064182949,0.9913759655184226,0.9984106201732794,0.9988640197344713,0.9966515607656916,0.9993241396769768,0.992710827205951,0.9994613492490496,0.9956882875496776,0.9997062479857957,0.9977010664590189,0.9992072509939675
FMAO,0.9981982834681623,0.998429372811362,0.9936497909040694,0.9996417022721462,0.9693517645374577,0.9675083799280072,0.9985847601470865,0.998752867408241,0.9991910012135097,0.9980043495047455,0.9999022709069939,0.9988205572772788,0.998658695739713,0.9991291632535223,0.9977786660928332,0.9992062514220094,0.998539001408498,0.998597764446471,0.990857730199915,0.9992226913383371,0.9986822072172409,0.9995616986938202,0.9975921426458032,0.9997085230575957,0.9999999999999999,0.9982500837825388,0.9978413834146329,0.998562066046729,0.9985130555894574,0.9969449736926275,0.9990888867179295,0.9858570742794827,0.9983056054229795,0.9910346092373185,0.9976549739506323,0.9990229623430679,0.9982019131940603,0.9993523459011182,0.9981538556473462,0.9979134096863478,0.9961462177378702,0.9990046848188541,0.9997457748345601,0.9946111520585014,0.9992081260258525,0.9984841393837613,0.772450975951664,0.9973847909331032,0.9975840369540842,0.9980476894657203,0.999725655620644,0.9988557292782554,0.9980345687008545,0.9976256883784673,0.999294088902337,0.9971087573273847,0.971134988044051,0.9997962874923486,0.9997270178652315,0.9989253127672241,0.9922551170958454,0.9976825301134014,0.9989889240152482,0.9955992780186415,0.9988152798924304,0.9925703806941992,0.9987273387381429,0.9952948664540436,0.9990649205326012,0.998783464505355,0.99868549884664
FMBH,0.998654500516209,0.9998594467637747,0.9927735518411765,0.9989225769374223,0.9710440091521431,0.9632512753692601,0.9995313614215684,0.999669641245758,0.9990309528187246,0.9979099112665728,0.9984899266185472,0.99885594134421,0.9998159687815844,0.9995009694681841,0.9996949758628747,0.9966744927401069,0.9982004524729339,0.9951628641167354,0.9832830663329207,0.9990838881866034,0.998695865894682,0.9981782153398961,0.9998212850462967,0.9983334759504467,0.9982500837825388,1.0,0.999583046626474,0.9995862132153844,0.9975909747232563,0.9996557803086239,0.9978605130696823,0.9831461538644477,0.9999316236603846,0.9959610522612263,0.9920699584119077,0.9998210720892713,0.9987673284610842,0.9989959010966766,0.998977120536543,0.9998910153917974,0.9994803403814564,0.9987156422945224,0.9983014155731751,0.9973125793097837,0.9955789672920211,0.9985327865107843,0.7563338294408548,0.9997615657986835,0.9998270448444447,0.9998684154649985,0.9975112487071865,0.9994061716570632,0.9998321921121744,0.999608133759418,0.9993764424457965,0.9990305892211644,0.9663888651992201,0.9989239461120714,0.9987526699281047,0.9988440083072898,0.9872615983974353,0.9995527042687983,0.999369059402613,0.9989006858430778,0.9994823925046028,0.9975299648914738,0.9961315047346188,0.9990690886283834,0.998450903956329,0.9985188981702856,0.9996310224245706
FNB,0.9989118273924799,0.9998864923897994,0.9955360023134832,0.9980358326843838,0.9774656014267102,0.9625677668487966,0.9984069272056402,0.9995782627769112,0.9977797002233495,0.9959481285101717,0.9977556938536228,0.9974064832448497,0.999845626230832,0.9985826830145926,0.9990095537046392,0.9952791880101034,0.9967165019921824,0.9951102324089455,0.9811861541904678,0.9980907466615865,0.9971351754627087,0.9983862587985392,0.9998606519050072,0.9972726511773244,0.9978413834146329,0.999583046626474,1.0000000000000002,0.9995489923851955,0.9957176934543598,0.9990131286880575,0.9985436536332618,0.9831618048197912,0.999270907828808,0.9936707722569311,0.991662189978028,0.9992873750364037,0.997127469568561,0.9978346928176984,0.998520381019853,0.9992764678284718,0.9989994098961742,0.9974702332463936,0.9972709272333116,0.9950236915568041,0.9950711929979315,0.996811079359836,0.7567332908101216,0.9997568933242819,0.9998237689637004,0.9990215567280196,0.996760046405526,0.9997781647927352,0.9995477975237926,0.998558171134355,0.9984551675505984,0.9975132057882636,0.9668302324202751,0.9985566999373748,0.998428615393306,0.9973902721844664,0.986619047571624,0.9983954540891475,0.9991451892731171,0.9975967725268651,0.9984052176315846,0.9974071051419501,0.994350014673124,0.9986330967738731,0.9969821883943262,0.9992821430443624,0.9986109926409285
GBCI,0.9996338764733824,0.9998030269174903,0.994683465810815,0.9989397592487734,0.9743625409749374,0.9674900290791926,0.9988604516956099,0.9998550887985257,0.9985859824749069,0.9971212965228182,0.9987142182761355,0.9982157903927421,0.9997960915764451,0.9990766756168696,0.9993703197199412,0.9965796295229282,0.9983025673985049,0.9966764698425219,0.985330597232302,0.998763685875587,0.9983196361435113,0.9991189757012969,0.9995632167711724,0.9982816767223166,0.998562066046729,0.9995862132153844,0.9995489923851955,0.9999999999999999,0.9973522775807749,0.9993484484100843,0.9989372434515071,0.9865768901416675,0.9993345615992115,0.9943756262098306,0.9928168793011408,0.9995309793587036,0.9982362952643598,0.9988374147790205,0.9996271238687967,0.9996213197477573,0.9990694239568751,0.9988009743949328,0.998325244895367,0.996102191854796,0.9958687270570958,0.9979699939288613,0.7675471235502013,0.9996705849634492,0.9993613799097119,0.999193436987084,0.9977922634659493,0.9996695943426454,0.9998077227377936,0.9987649271306654,0.9993330354492166,0.9984304753036424,0.9720129090230517,0.9993555201784643,0.9985436066997208,0.9983646593466665,0.9898172735994877,0.9985363636464204,0.9988991446534445,0.9975326911573015,0.9992708892791561,0.9975069459991945,0.9960627390025241,0.9987161319883135,0.9978129019250707,0.9989249971534369,0.9992495409864377
GS,0.9964200533739613,0.9969658634307729,0.9870180387813812,0.9993687427548206,0.9569630637686347,0.9670834611515603,0.9989896459472417,0.9974175874493298,0.9995645662759695,0.9997055214763805,0.9991395671570599,0.9995808207437338,0.9970868793653311,0.9990624077429712,0.9976728701680675,0.9992923100373176,0.9995217732016932,0.9963092293100542,0.9915214751853517,0.9992151904453903,0.9997993035776618,0.9973336947875668,0.9962841273545648,0.9994950812461338,0.9985130555894574,0.9975909747232563,0.9957176934543598,0.9973522775807749,1.0,0.9971099054162946,0.9960172448364111,0.984448190841459,0.9979636541699428,0.9947437822675509,0.9951494000366062,0.99838059205967,0.999605102950103,0.9996237671229656,0.9977825049166779,0.9978146783008793,0.9962167792869133,0.9995502618806507,0.9994753413659907,0.9977692036953024,0.9973458008232288,0.9997995176484867,0.7687777459028267,0.9962880235214537,0.996226274581633,0.9981690763495495,0.9988156686386092,0.9965832738185,0.9972945371403926,0.9981742252665933,0.999294902492089,0.9987107494948793,0.969210328862366,0.9985753684627819,0.9980188178071987,0.9997079213109645,0.9909342787125736,0.998275492087637,0.9975180859085933,0.9968533772967914,0.999246476430145,0.9926035102085562,0.9995466830756253,0.9954904919285076,0.9995638915253225,0.995478082069234,0.999034258287753
