Ticker,ABCB,ABTX,AJX,ALTA,ARI,AXP,BAC,BBT,BK,BOH,BOKF,C,CFG,CFR,CIT,CMA,CNND,COF,DFS,EWBC,FCNCA,FFIN,FHB,FITB,FMAO,FMBH,FNB,GBCI,GS,HBAN,HOMB,HTH,HWC,IBKR,IBOC,ISBC,JPM,KEY,LARK,MBWM,MCBC,MS,MTB,NAVI,NKSH,NTRS,OPY,PACW,PBCT,PGC,PNC,PNFP,RF,SCHW,SFBC,SIVB,SLFC,SRCE,STBA,STT,SYF,TCBI,TFSL,TSC,UMBF,USB,WAL,WFC,WSBC,ZION
ABCB,1.0,0.9996738309050016,0.7706537557921712,0.9984262039193421,0.7668825746686583,0.941126518951196,0.9912968637165045,0.9991285588955652,0.9945119874733492,0.9981583472709717,0.998845279186982,0.9827496887465633,0.9996614807795782,0.9992346394770542,0.9986607629631115,0.9976307411114531,0.9603997162547914,0.9962430541950366,0.9848968738939918,0.998684882429332,0.998890293336589,0.9988466801769823,0.9993248598878208,0.9983752218268671,0.9989062158739419,0.999400905576824,0.999291094133731,0.9998235418894476,0.8877977123117708,0.9997344357884803,0.9991265336560621,0.9859298142468033,0.9995520413894614,0.7699094461505518,0.994448045780225,0.9982897934233956,0.9896447512572073,0.9992235992533214,0.9998569431276603,0.9992225128710169,0.9990786182478748,0.9126328829015299,0.9987573545709659,0.7703427253951208,0.9970407171293099,0.9992175278657129,0.5985917135015403,0.9908088375081449,0.9994360742684685,0.9994822799379973,0.997962586263683,0.9993308895044304,0.9998270745170751,0.9931339952416952,0.9992856745239797,0.9992780886516992,0.7523384082524305,0.9994671641189219,0.9988842424370964,0.9986071839503887,0.9870032473956115,0.9991691981533034,0.9912105215166113,0.9984399717928241,0.9996287970592427,0.9972214105905939,0.9986663604316031,0.9969577679399204,0.9985875917395671,0.9993750514472813
ABTX,0.9996738309050016,1.0000000000000002,0.7677061591900484,0.9988295396487586,0.7638703403597858,0.9343129693822783,0.9912381203338911,0.9989159630167512,0.9939831265976005,0.9987692979530307,0.9987965784840122,0.9823784525609183,0.9998538931790193,0.999705482824179,0.9984151126375483,0.9979847027423392,0.9586249119802324,0.9953287188084263,0.9826045426322282,0.9992877721439606,0.9992267105332066,0.9986397605690412,0.9998570714084911,0.9984377224766747,0.9990607631546384,0.9993931712010674,0.9995797146068962,0.9997959189908396,0.8856311014118129,0.9998034811608816,0.9989703195160443,0.9820454937624594,0.9999289181025836,0.7677483102434117,0.9945104303143308,0.9984968659117014,0.9893159376311123,0.9992783778251185,0.9994960778649411,0.999280848054079,0.9995629544200935,0.9104133237392676,0.9989520994405451,0.768033522440343,0.997519668729606,0.9994271867339392,0.5809939185136274,0.9932875190552128,0.9998903232373082,0.9999449960727678,0.9980773662441875,0.9996433063124001,0.9999262812083892,0.9932993904034775,0.9994432168460463,0.9997254974505823,0.7436065109015688,0.9993662302460039,0.9993092847003658,0.9986489703220404,0.9840308050460157,0.9998368655579514,0.9914639828099896,0.9994365603141722,0.9997212715635756,0.9971417905439841,0.999216608802064,0.9969553001316893,0.9986801654537691,0.9998042635053752
AJX,0.7706537557921712,0.7677061591900484,0.9999999999999998,0.7452066708802891,0.9953924563862755,0.8847469892950361,0.844083995505654,0.7951473550701954,0.8272271796363733,0.7467753105757229,0.7822610069849733,0.8711260815589,0.7780339170386116,0.7666026394296589,0.8002943848098897,0.7598397013501019,0.9156339404942554,0.8094220051310771,0.8239722792885552,0.7543514475020311,0.7521823407144158,0.7905095271448798,0.7593599567427641,0.7868851823477684,0.7644663677594754,0.7885720897624957,0.7851367535489926,0.7763723649161983,0.9749024615255115,0.7764726661776361,0.7882472917087423,0.8289526567210702,0.768325661213337,0.9986088643017742,0.790700246035724,0.800077426143556,0.8509882874769622,0.7788340308546505,0.7614181105944472,0.7912822710658812,0.7532741346644193,0.9623612440356101,0.7610422811207483,0.9992664316173964,0.7600754744537258,0.7666873680099696,0.7604573328992031,0.7529174646061271,0.7705219737791802,0.7701003970407183,0.7846308812531007,0.7836917635600236,0.7643285540918424,0.8356141325038957,0.7559370276077242,0.7542793620111675,0.971253087043154,0.7756587939741642,0.7639100638667071,0.7914829053442437,0.8332741184900864,0.7676879417068468,0.842097252865202,0.7514916448952406,0.7756442054475081,0.7867712428788233,0.7489531500819893,0.805948266097232,0.7975224103871067,0.7603384932794806
ALTA,0.9984262039193421,0.9988295396487586,0.7452066708802891,1.0000000000000002,0.7384592691110133,0.9263022040739483,0.9862954240445847,0.9964360583363759,0.9908779491794674,0.9999302462479945,0.9982490554036149,0.976207141904578,0.9982219927204135,0.9993564119136666,0.9953475429042739,0.9992857960511645,0.9492416119443557,0.9934381072967525,0.9823447136613864,0.9998371752163882,0.99993224954758,0.9974042661702744,0.9988139775455203,0.9977462109353274,0.9994898089768648,0.9973454148881168,0.9972134864423636,0.9983569769722744,0.8708652210578759,0.9977842647158941,0.9976471967938948,0.9782387690782465,0.9988106914519604,0.7441220604171022,0.9951759053510157,0.9960340456079688,0.9842956497470405,0.9986064629964861,0.9989168013645845,0.9967832694388877,0.9985461270267696,0.8966225199509166,0.9996174582419088,0.745660564806254,0.9990171468775794,0.9993812963598177,0.5700336280015981,0.9913365631766483,0.9982046519542563,0.998753461750609,0.9977936999395209,0.9977905064484794,0.998825166519138,0.9884170396811526,0.9997960035914212,0.9995745855615906,0.7238546295250705,0.998822415584072,0.9994010416485741,0.9972574957403333,0.9814907377583817,0.9988654102529283,0.9866464757249178,0.9988136503562604,0.9987781004720696,0.997151614337078,0.9982615582777834,0.9949548704704372,0.996304431366461,0.9994911067193384
ARI,0.7668825746686583,0.7638703403597858,0.9953924563862755,0.7384592691110133,1.0,0.8762989876477917,0.8378625667949965,0.7906879307988286,0.8192404153873245,0.7395000122467293,0.7745453131140041,0.8632687270542064,0.7738429869633666,0.7605773053629448,0.7962656942612554,0.7502563264090155,0.9076521340995803,0.8005781512599512,0.808732587905429,0.7478875311218884,0.7455763699869469,0.7840130400435974,0.7564197420604624,0.7787129501505826,0.75673941747345,0.7839717988267425,0.7818410585582491,0.7724514156898366,0.9648074149996791,0.7736905920177028,0.7823631701498598,0.822825142423698,0.7638726450057862,0.9959606459646506,0.7780123518582613,0.7947256305810225,0.8440950282997582,0.7719175536422913,0.7574351387666453,0.7875283420859307,0.7513379307429097,0.9541643973440784,0.7531607915164075,0.9934584177891332,0.7498972475301906,0.7596936169023493,0.7420816747013179,0.7488413417250146,0.7673283048064168,0.7656731766676376,0.7758842750652836,0.7792609018754212,0.7608797611479049,0.8307611310459116,0.749720661566514,0.7498816258655601,0.9644438655626542,0.7691161193183798,0.7567214992997104,0.7842991049659569,0.8229227933079559,0.762861989050591,0.8357884136614415,0.7481447070935644,0.7700764824841142,0.7766227602689548,0.7476921405953121,0.7977220802910537,0.7921471026244451,0.7550404739061122
AXP,0.941126518951196,0.9343129693822783,0.8847469892950361,0.9263022040739483,0.8762989876477917,1.0000000000000002,0.9587617064386086,0.9482527246256955,0.9600831179996481,0.9252418025504222,0.9435450347634116,0.9654142777971979,0.9391449147064986,0.9333492755727263,0.9501482061526719,0.9324815595762879,0.9776436545197384,0.9593081342198158,0.970038015266549,0.9275958721385678,0.9296500575503233,0.946594911516533,0.9290232952619116,0.9440490299855309,0.9358477608404553,0.9444127786837243,0.940031713623284,0.9400882578958951,0.9522571734501789,0.939106752619274,0.9452844588632601,0.9835512123205129,0.9345459705919514,0.8768889285687549,0.9442941322680061,0.9458455984562283,0.9623098344731296,0.9414525264353694,0.9381830310444282,0.944195807774555,0.9266864426807329,0.9647927656276919,0.9343127444655253,0.8798565233098206,0.931185792703325,0.9363233174913226,0.8280500708596007,0.9075986346333813,0.9339897488361966,0.9342917515342923,0.9425289813043706,0.9397317859669281,0.9351283011356227,0.954527156351729,0.9326773139587544,0.9284831585624939,0.912694001940022,0.941604293149314,0.9333155349830247,0.9458225979562283,0.9786610354120235,0.931662836453476,0.9552871102460565,0.9221095546682649,0.9397330265885856,0.945255756008364,0.9238129128296165,0.9506289617191703,0.9464561449912233,0.9315380947339101
BAC,0.9912968637165045,0.9912381203338911,0.844083995505654,0.9862954240445847,0.8378625667949965,0.9587617064386086,1.0,0.9959013932427527,0.9990070260744789,0.9868030543041458,0.9939242057452108,0.9984192131414278,0.993278680604613,0.9913113568263892,0.9964687257910255,0.9892125482783406,0.9872159424113363,0.9966490025930818,0.9897584501017589,0.9885773399529418,0.9880159440548785,0.995083720421948,0.9893006608940514,0.9947236809589453,0.9905849580893578,0.9950575785238093,0.994336189531703,0.9926744763766369,0.9388796815171326,0.9925469836910462,0.9947823815354916,0.9875943822035981,0.9915294009781841,0.8439262489637356,0.9932080447973128,0.9969196053255289,0.9998233499657876,0.9934904003493514,0.9892466721381229,0.9953535886126923,0.9875337594042347,0.9565083331004196,0.9898423469131172,0.8449212919894206,0.9890538100270511,0.991221990272483,0.6369559475859258,0.9839436563701748,0.9916795114595236,0.9918951399472142,0.9940798367981597,0.9943604450492756,0.9903181306790338,0.9997550701778121,0.9888144786062631,0.9883975906580446,0.8163422650944177,0.9927543914846394,0.9907422072037438,0.9956394222603487,0.9915849922626658,0.9914992594964993,0.9999208840336231,0.9876278163960023,0.9929148931411342,0.9939973144872625,0.9862109208998209,0.9974524789205089,0.9965529287966639,0.9899645048223679
BBT,0.9991285588955652,0.9989159630167512,0.7951473550701954,0.9964360583363759,0.7906879307988286,0.9482527246256955,0.9959013932427527,1.0,0.99773717853793,0.9964255637155093,0.9991159061317357,0.989500391099282,0.9995484052147203,0.9986063284486096,0.9998932751154194,0.9967742899934102,0.970587918903135,0.9981717597150231,0.9879574163204151,0.9973431263567724,0.9973108437538563,0.9994545234303109,0.9980855913100943,0.9990467741303241,0.9981073194613752,0.9999162071891118,0.9996448593451224,0.9994313695081273,0.9054476427976199,0.9993825852969661,0.9995637825276359,0.9881380643794697,0.9989359431095096,0.7947301369050532,0.9957749038973674,0.9997336403279463,0.9946712063916747,0.9992567589641197,0.9983640906520319,0.9998997362110238,0.9973613858582464,0.9280978543123807,0.9977702218816455,0.7952488410947929,0.9963038134684824,0.9985612859003256,0.6112104501963082,0.9908498230441156,0.9989394023186018,0.9990036296566835,0.9985145566958892,0.9996540830707171,0.9987307937668839,0.9971119704635037,0.9978395046279931,0.9977271021170668,0.7734390095425535,0.9991816153211197,0.9981824296907631,0.9995322048518118,0.9900534334360909,0.9986712655519077,0.9958262993996895,0.9969752574096279,0.9993754613426435,0.9979804834716034,0.9966550875025685,0.998974083863318,0.999832477832249,0.9983008131631587
BK,0.9945119874733492,0.9939831265976005,0.8272271796363733,0.9908779491794674,0.8192404153873245,0.9600831179996481,0.9990070260744789,0.99773717853793,1.0,0.9911521081713012,0.9970838236192019,0.996210952213848,0.9956397379653088,0.9944615975719329,0.9978538220785441,0.9936114244574829,0.9829115704104519,0.9990809856648083,0.9939125603232221,0.9924064088400569,0.9922380113290964,0.9977869587381643,0.9921050432368285,0.9975926139599101,0.9945365759098609,0.9971193503054765,0.9960046085236919,0.995397975207307,0.9289269300614577,0.9948097414489023,0.9974328320855632,0.9909371034651374,0.9942326484091554,0.8256388373796217,0.9967685768873478,0.9982723070285987,0.9988485074815293,0.9965523209611122,0.9931088337879467,0.9970181906219495,0.9905222807472425,0.9479613471177557,0.99397274654367,0.8275472943541712,0.9934425245510999,0.994797576146208,0.6419499687255739,0.984389058875894,0.9939246845019547,0.9944564182850835,0.9971936333115857,0.996350780611154,0.9933763031180435,0.9988100957625721,0.9929026355555145,0.9919450045567206,0.806451945941724,0.9961046660813511,0.9942289665976207,0.9980039455418533,0.9947246318985988,0.9940526477937982,0.9987709081851779,0.9904269792836078,0.9958550132920307,0.9974049137285074,0.9892572974068692,0.9991370125729586,0.9981102461887282,0.993295938165726
BOH,0.9981583472709717,0.9987692979530307,0.7467753105757229,0.9999302462479945,0.7395000122467293,0.9252418025504222,0.9868030543041458,0.9964255637155093,0.9911521081713012,0.9999999999999999,0.9983426476471778,0.9769263134307146,0.9982178439934267,0.9994446413509723,0.9953800979181073,0.9994510603420048,0.94990956270466,0.9936060557463171,0.9823763969050688,0.9998859599726929,0.9998928309480752,0.9973764782759781,0.9987273461682347,0.9979382635165494,0.9995363582420188,0.9973581723032994,0.9972413340003026,0.9981913551118975,0.8722935319718973,0.9976528242386064,0.9975925836561838,0.9773025183506889,0.9988579285475484,0.7460359231411978,0.9956038533966617,0.9962350938583096,0.984767787471205,0.9986798340916746,0.9985498095937086,0.9967906151004364,0.9983296903440031,0.8977255657523014,0.9996626551993028,0.7476425104728011,0.9992537441447022,0.9994447027029612,0.5669988048233544,0.9923534009255898,0.9982176793477516,0.998809762644255,0.9979843828440775,0.9978721214241593,0.9986536853144466,0.9888573433651932,0.9997103620411757,0.9994626789982632,0.7234524673640325,0.9987862968005042,0.9995751833318952,0.9974516527653761,0.9811859380454839,0.9990101760935993,0.9872448569004003,0.9988761657519643,0.9987659283329853,0.9973937690909238,0.997982406923961,0.9953324265486051,0.9964860348113888,0.9995159302191529
BOKF,0.998845279186982,0.9987965784840122,0.7822610069849733,0.9982490554036149,0.7745453131140041,0.9435450347634116,0.9939242057452108,0.9991159061317357,0.9970838236192019,0.9983426476471778,1.0000000000000002,0.9870516690548418,0.9991917616631295,0.9993884969945231,0.9985373906084618,0.999149155107973,0.9660254209209594,0.9982669164693583,0.9900640365373153,0.9987845448724751,0.9987968026711251,0.999757178465527,0.9979234189845652,0.9999427499846577,0.9996008574208552,0.9993584062478409,0.9987190523254715,0.9991526885621488,0.8980994807132571,0.9985288022033708,0.9997142063553435,0.9861412125773794,0.9989334081018628,0.780857264479691,0.9983147549409355,0.9991178000449258,0.9927558158632095,0.9999342723487981,0.9985242738527217,0.9989467070562497,0.9970407612216744,0.9209381252971395,0.9994358726379665,0.7827047071332592,0.9989384055875633,0.9996181601916704,0.6043648808547176,0.9903327800917615,0.9983865546428712,0.9989771615147017,0.9998099199368615,0.9992491014372811,0.9985376545950305,0.9949708653751261,0.9990050885808107,0.9983534101545363,0.7617159305911145,0.9998575329908632,0.9993929494941924,0.9998029017402835,0.9897878401567363,0.9988745970855525,0.9939997382400687,0.9971874192538033,0.9996644440402415,0.9996235240727054,0.9962916295721749,0.9990362617868707,0.9992263303104879,0.9989451244863923
C,0.9827496887465633,0.9823784525609183,0.8711260815589,0.976207141904578,0.8632687270542064,0.9654142777971979,0.9984192131414278,0.989500391099282,0.996210952213848,0.9769263134307146,0.9870516690548418,1.0,0.9853467772481981,0.9827597413273177,0.9904325033377841,0.98087071952028,0.9942317960522619,0.9925353078127569,0.9890182415364223,0.9791395654951781,0.9784402497711779,0.9886999851076019,0.9796112448781675,0.9883212629572653,0.9822383007899426,0.9881003759097844,0.9868323730663817,0.9845831157094832,0.9563740562616412,0.9842515732307012,0.9880830463605321,0.9856907784173867,0.9828400762875136,0.8704946049548854,0.9882080624443026,0.9910857815062274,0.999090479827685,0.986150396588699,0.9799928720863612,0.9884718468040862,0.9771900512799124,0.9708536986861583,0.9812493256915543,0.8721070592680825,0.9808703244719421,0.9828755589342133,0.6612765065388818,0.9742144410699483,0.9829387494743033,0.9833217616922797,0.9876174486344464,0.9869460118964809,0.9811424264136871,0.9970827133228382,0.9794679888290238,0.9785642019661019,0.8438060672573598,0.9851047605584989,0.982231751191654,0.9894098267017172,0.9907096322723854,0.9827998923293122,0.998156680546051,0.9773532488632724,0.9850423224444799,0.9880424998424556,0.9754263283096152,0.9927018236796237,0.9905186091432338,0.9807791555737838
CFG,0.9996614807795782,0.9998538931790193,0.7780339170386116,0.9982219927204135,0.7738429869633666,0.9391449147064986,0.993278680604613,0.9995484052147203,0.9956397379653088,0.9982178439934267,0.9991917616631295,0.9853467772481981,1.0000000000000002,0.9995970727355945,0.9991939464410455,0.9978597805370253,0.9632773188604398,0.9966418910332143,0.9847797575993427,0.9988751839764504,0.9987952878216214,0.9991822577330978,0.9994638361148565,0.9989625959394111,0.9989941783217733,0.9998356668937651,0.999863098191285,0.999878762811215,0.8932576358361013,0.9998726377978555,0.9994274203907039,0.984172071287597,0.9998459270075197,0.7780093812288286,0.9953386049163346,0.9992456222186767,0.9915944252547326,0.9995453865668505,0.9992491972191221,0.9997565858163866,0.9989800028270455,0.917197115714665,0.9988045352204801,0.7783987583729947,0.9974157912943363,0.9993909805372376,0.5908497428726357,0.992928874327438,0.9998079045365901,0.9998792130097112,0.9985464277260041,0.999927358343807,0.9997107767017923,0.995020599429536,0.9991056930336304,0.999245303782162,0.7542640422413813,0.9995473212852728,0.9992164505496404,0.9992648080846537,0.9863465274561678,0.9997184373057107,0.9934247710172605,0.9988372107177778,0.9998501152284464,0.9977626151069452,0.9984926184904416,0.9980235056919948,0.9993901920503304,0.9995344546297578
CFR,0.9992346394770542,0.999705482824179,0.7666026394296589,0.9993564119136666,0.7605773053629448,0.9333492755727263,0.9913113568263892,0.9986063284486096,0.9944615975719329,0.9994446413509723,0.9993884969945231,0.9827597413273177,0.9995970727355945,1.0000000000000002,0.9979306091755887,0.9991727424981556,0.9586547213040333,0.9959143681000616,0.9846530507497294,0.9997730852174197,0.9996756213082688,0.9989501083951704,0.9994070913782784,0.9991531022086952,0.999729960680633,0.9991836519349003,0.9991096493695254,0.9994867538077334,0.8860396029635181,0.9991755031355123,0.9991395941229808,0.981356165169998,0.999762844811249,0.7662038630393972,0.9963935298220196,0.9985121221520353,0.9895275468376369,0.9996826921374158,0.999143207928371,0.9988772893014802,0.9988763730025839,0.9103305721213892,0.9996728716577361,0.767304832035275,0.9988985136194811,0.9998797231847684,0.5801448823499454,0.9931295921144376,0.9994187606347661,0.9997981876500555,0.9989948199373999,0.9994786018627861,0.9994907129616071,0.9930984855226404,0.9997340975812613,0.9996552462733348,0.742119195514076,0.9996724555595039,0.9998540140741602,0.9990673316317592,0.9846408650119942,0.9998284280474343,0.9916348341732658,0.9991663303973444,0.9998111336147373,0.9983293363706763,0.9984138603532622,0.9975591712123987,0.9986534117556115,0.9998972592840185
CIT,0.9986607629631115,0.9984151126375483,0.8002943848098897,0.9953475429042739,0.7962656942612554,0.9501482061526719,0.9964687257910255,0.9998932751154194,0.9978538220785441,0.9953800979181073,0.9985373906084618,0.9904325033377841,0.9991939464410455,0.9979306091755887,0.9999999999999998,0.9957352223406837,0.9724370676977673,0.9981101442319965,0.9874413482732923,0.9963973268798453,0.9963689025102825,0.9989322849090739,0.9975200711906257,0.9985187378642916,0.9972702605077504,0.9996781151485075,0.999447071348412,0.9989457773100662,0.9087550932686574,0.9990951166376186,0.9990499709370364,0.9885173126101647,0.99849443197292,0.8002908497350093,0.9949401402445968,0.9995940031860296,0.9952331985659372,0.9986994913090139,0.997693402159153,0.9997465532396391,0.9967417982672173,0.9311299680693135,0.9968755488461375,0.8005028611715441,0.99520263848964,0.9978804427654606,0.6152008502307824,0.99103825785256,0.9986109145823198,0.9985526136812469,0.9978367309070734,0.9993353150779162,0.9982214270265632,0.9976107810542802,0.9970029664093549,0.9969258383950433,0.7779794606089656,0.9985639803970389,0.9974791425864765,0.9992114859358784,0.9901231091536558,0.998178706597609,0.9963429549367001,0.9963271107606919,0.9988505261843492,0.9973081582644168,0.9959592171989403,0.998892534940321,0.9997212833279896,0.9976358228508995
CMA,0.9976307411114531,0.9979847027423392,0.7598397013501019,0.9992857960511645,0.7502563264090155,0.9324815595762879,0.9892125482783406,0.9967742899934102,0.9936114244574829,0.9994510603420048,0.999149155107973,0.98087071952028,0.9978597805370253,0.9991727424981556,0.9957352223406837,0.9999999999999999,0.956162287871875,0.995711932882685,0.9874546158675385,0.999377425736828,0.9994067996187789,0.9982428178896635,0.9974174205691532,0.9989743729363697,0.9997523336931097,0.997493321612502,0.9968499286062187,0.9978490020764348,0.882794535251152,0.9969207533174611,0.9982085697699673,0.9805160290286878,0.9981809469360873,0.7581520333374187,0.9980749404611273,0.9968871472188745,0.9877221244726591,0.9991201702264885,0.9978540888128463,0.9967811572417793,0.9966206898180027,0.9067396401455919,0.9998086765540646,0.760699034192181,0.9999565447760451,0.9994748444580612,0.5842925837486643,0.9902982570067541,0.9972717892262172,0.998184082288441,0.9991459421934148,0.9977341124570188,0.9977208111137436,0.9905603367692615,0.9992582327868464,0.9984421989933964,0.7384868895385046,0.9990982314781047,0.9994854037702752,0.9983252014174562,0.9853199262967786,0.9983529548842504,0.9895416570734741,0.9972921009684388,0.9987518009137789,0.9990153718194464,0.9959968902424763,0.9969100266859666,0.9970526790129758,0.9988435632458982
CNND,0.9603997162547914,0.9586249119802324,0.9156339404942554,0.9492416119443557,0.9076521340995803,0.9776436545197384,0.9872159424113363,0.970587918903135,0.9829115704104519,0.94990956270466,0.9660254209209594,0.9942317960522619,0.9632773188604398,0.9586547213040333,0.9724370676977673,0.956162287871875,1.0,0.9771276524545324,0.9790967492504011,0.953106352930537,0.9525383787253461,0.9690102578049921,0.9543867746407397,0.9678381730703338,0.9583528194205672,0.9678741164569925,0.9656700144905822,0.9625417464122268,0.9806804133052026,0.962155352242274,0.9679572885549284,0.9791803133027491,0.9591441924110177,0.9137920724483574,0.9686865915535698,0.9722674925671837,0.9894607619622343,0.9644384241583543,0.956383388470594,0.9685443885565724,0.9512030379341772,0.990249204413741,0.9568336118055395,0.9156096350714614,0.9560416746012144,0.9592417700763797,0.7188655071350767,0.9465973722252423,0.9594699224171452,0.9597469165623177,0.9667272723275958,0.9655021956805188,0.9572593873398493,0.9840781114588761,0.9543540523136441,0.952719865621195,0.8955981671571284,0.963137893093937,0.9578844967949539,0.9696430158525722,0.9829983393061167,0.9585975685124501,0.9861757673757083,0.9504198076390721,0.9627741697458866,0.9678909865434411,0.9487358636332178,0.9753067729565205,0.9715220434909959,0.9558643059187216
COF,0.9962430541950366,0.9953287188084263,0.8094220051310771,0.9934381072967525,0.8005781512599512,0.9593081342198158,0.9966490025930818,0.9981717597150231,0.9990809856648083,0.9936060557463171,0.9982669164693583,0.9925353078127569,0.9966418910332143,0.9959143681000616,0.9981101442319965,0.995711932882685,0.9771276524545324,1.0000000000000002,0.9948907366538193,0.9943449657630719,0.9945378780707649,0.9983567307302128,0.9936252805391748,0.9984826910325274,0.9964951206719237,0.9977342815711295,0.9964238884786111,0.9964384560139372,0.9175801024347477,0.995841033652459,0.9980507815268395,0.9919473327707922,0.9957494215358078,0.8076551237143098,0.9976360472378671,0.9981285313281173,0.9962484405736433,0.9978037972873895,0.9952325614056741,0.997330747820881,0.9922036998888242,0.9381582593600647,0.9960870533878932,0.8098315454131586,0.9954540861999729,0.9965955017519852,0.6434530296729521,0.985639212153777,0.9950750012886291,0.9956790536031651,0.9980951303364921,0.9969538987875323,0.9950832171723576,0.9966248692089836,0.9951647044872244,0.9938179977840095,0.7943783103753461,0.9975719494880521,0.9961852362497411,0.9986573828275392,0.9957106446967778,0.9953200638018258,0.9962459477056741,0.9920403786525029,0.9970887929018302,0.9985513944990101,0.9909569904877679,0.9992652123188542,0.9983260588408761,0.995146278175859
DFS,0.9848968738939918,0.9826045426322282,0.8239722792885552,0.9823447136613864,0.808732587905429,0.970038015266549,0.9897584501017589,0.9879574163204151,0.9939125603232221,0.9823763969050688,0.9900640365373153,0.9890182415364223,0.9847797575993427,0.9846530507497294,0.9874413482732923,0.9874546158675385,0.9790967492504011,0.9948907366538193,0.9999999999999999,0.9830049209260635,0.9835532176578459,0.9904016011498772,0.9795259093528597,0.9905785334753958,0.9872045810874721,0.9870525367173982,0.9839926180876397,0.9852145939985217,0.9278159544887601,0.983071514189469,0.9894087808215477,0.9923231461370038,0.9830774562114853,0.817927705937636,0.9939938636504111,0.9882191913956307,0.9910718127148828,0.9885272009860877,0.9839971937432463,0.9860210635558361,0.9773276629617974,0.9451886170465159,0.9867133598045725,0.8232996424393779,0.9875748525497239,0.98639398715122,0.6910199075746247,0.9654425593346101,0.9813821030118526,0.9830330426449858,0.9908043004983308,0.985403932747618,0.982306489170736,0.9878801495438905,0.9842338965156068,0.9810812923221691,0.8228587061491323,0.9883289414456268,0.9855020237567619,0.9898734460753579,0.9980220538915492,0.9824454818588301,0.9888085346353371,0.9768745366287647,0.986577263597149,0.9926037539148013,0.9755287808054736,0.9917063836134091,0.9882775613230873,0.9829372889863288
EWBC,0.998684882429332,0.9992877721439606,0.7543514475020311,0.9998371752163882,0.7478875311218884,0.9275958721385678,0.9885773399529418,0.9973431263567724,0.9924064088400569,0.9998859599726929,0.9987845448724751,0.9791395654951781,0.9988751839764504,0.9997730852174197,0.9963973268798453,0.999377425736828,0.953106352930537,0.9943449657630719,0.9830049209260635,1.0,0.9999133542702205,0.9981206941394931,0.9991930585128095,0.9984361602814377,0.9996655833559269,0.9981648126985101,0.9981186647417551,0.9988721389207988,0.8773403102860086,0.998395822723147,0.9983476879909214,0.9786096182903724,0.9993011497046187,0.7536882430935978,0.9958691739626769,0.9972247851524746,0.9866414020243429,0.9991230879932961,0.9989150985016201,0.9977326876441862,0.9987869457004559,0.9023598953229478,0.9997216142416747,0.7550529715551763,0.9991600821205936,0.9996532059978877,0.5696696274026402,0.9925190624973169,0.9988165784277007,0.9993104937671647,0.9984405162206601,0.9986349325087591,0.9991194547729365,0.9905934436153153,0.9998022179941368,0.9997285264040515,0.7302031793114767,0.9992029746284413,0.9997154358771368,0.9980821467537399,0.9822684637135526,0.9994454156150836,0.9890065380530195,0.9991898357963445,0.9992695094361724,0.9977292631569092,0.9984549430958027,0.9961294236665007,0.9973822617375064,0.999764270349342
FCNCA,0.998890293336589,0.9992267105332066,0.7521823407144158,0.99993224954758,0.7455763699869469,0.9296500575503233,0.9880159440548785,0.9973108437538563,0.9922380113290964,0.9998928309480752,0.9987968026711251,0.9784402497711779,0.9987952878216214,0.9996756213082688,0.9963689025102825,0.9994067996187789,0.9525383787253461,0.9945378780707649,0.9835532176578459,0.9999133542702205,0.9999999999999999,0.9980636546367606,0.9990923194490491,0.998364176662399,0.9997371449663276,0.9980871241908241,0.9979232076817663,0.9988644400072395,0.8759409120194676,0.9983708207286502,0.9982789371570322,0.9799125144338166,0.9992417939507414,0.7512313212713781,0.9957430630527896,0.9969370249735656,0.9861086132730453,0.9991166279490824,0.9992040929875501,0.9975866711049154,0.9987392106466015,0.9012692879404949,0.9998043028246236,0.7526581502810512,0.9991152119161588,0.999711574228115,0.5759284201568653,0.9918520172694228,0.9986983514142508,0.9991967465140901,0.9983295691483143,0.998435591941402,0.999191311081276,0.9899940396703437,0.9999478031888898,0.9997071473351884,0.7306342212461574,0.999278064994403,0.999684049484818,0.9980082251311572,0.9830336075074698,0.9992599426379588,0.9883139537628282,0.9989641909887182,0.9992644515685479,0.9977245214079159,0.9983756515238661,0.9959703754753608,0.9971937065822687,0.9997481038412033
FFIN,0.9988466801769823,0.9986397605690412,0.7905095271448798,0.9974042661702744,0.7840130400435974,0.946594911516533,0.995083720421948,0.9994545234303109,0.9977869587381643,0.9973764782759781,0.999757178465527,0.9886999851076019,0.9991822577330978,0.9989501083951704,0.9989322849090739,0.9982428178896635,0.9690102578049921,0.9983567307302128,0.9904016011498772,0.9981206941394931,0.9980636546367606,0.9999999999999998,0.9976925760427285,0.9997157685443053,0.9989841667019465,0.9995472383924203,0.9989556715544102,0.9993117679417904,0.9031340442349591,0.9986819015805285,0.9999692943639131,0.9877156031565976,0.9986016465238303,0.7888401180311669,0.9977798035063596,0.9994460194092888,0.9941109849576302,0.9996803550933553,0.998402836103388,0.9992968446571249,0.9968710602953473,0.9255611811159392,0.998731000351302,0.7904455353576678,0.9979847788175932,0.9990458064154639,0.609669253052438,0.9887556269555691,0.9982395456367298,0.998721621837372,0.9995751549543992,0.9993368906493252,0.9983739733800809,0.996089423905085,0.9983796118759061,0.9979364011562901,0.7704269857033169,0.9996435577975984,0.998661885793774,0.9997017224444478,0.9907801698183915,0.9984755299002622,0.9950840921621501,0.9966535120551022,0.9995119489762848,0.9992149359783713,0.996183507221191,0.9990313393368295,0.9994305705216918,0.9984113214058422
FHB,0.9993248598878208,0.9998570714084911,0.7593599567427641,0.9988139775455203,0.7564197420604624,0.9290232952619116,0.9893006608940514,0.9980855913100943,0.9921050432368285,0.9987273461682347,0.9979234189845652,0.9796112448781675,0.9994638361148565,0.9994070913782784,0.9975200711906257,0.9974174205691532,0.9543867746407397,0.9936252805391748,0.9795259093528597,0.9991930585128095,0.9990923194490491,0.9976925760427285,0.9999999999999998,0.997461459986682,0.9985558826227202,0.9987210191316126,0.999164189911913,0.9994027289706368,0.8790400876267571,0.9995435480643586,0.9981385887949167,0.9793235871649096,0.9997335789514027,0.7598275962999944,0.9929845065291163,0.9975890398069539,0.9871008076545612,0.9985700712153667,0.9992775981549912,0.9986556501749969,0.9998889069451252,0.9045527092782306,0.998501783477873,0.7597579846705781,0.9969163009548607,0.9989701965410288,0.5694489427908956,0.9938291324327041,0.9997928336194181,0.9997362548417128,0.9970867758856681,0.9991560223912147,0.9998273451997444,0.9917238784558652,0.9992354535155469,0.9997951429853016,0.7338670640251967,0.9987148788215358,0.9989370814406472,0.9976803142317817,0.981108652188798,0.9996847983948951,0.9896328470027769,0.9997840636554757,0.9992139950933359,0.9959266699874096,0.9996944769118539,0.9955999820458348,0.9977888903441015,0.9996806934815958
FITB,0.9983752218268671,0.9984377224766747,0.7868851823477684,0.9977462109353274,0.7787129501505826,0.9440490299855309,0.9947236809589453,0.9990467741303241,0.9975926139599101,0.9979382635165494,0.9999427499846577,0.9883212629572653,0.9989625959394111,0.9991531022086952,0.9985187378642916,0.9989743729363697,0.9678381730703338,0.9984826910325274,0.9905785334753958,0.9984361602814377,0.998364176662399,0.9997157685443053,0.997461459986682,0.9999999999999999,0.999347529065698,0.9992484720593647,0.9985697388795062,0.9988314640905755,0.901532293453832,0.9981849190377893,0.9996220826630884,0.9859257444919102,0.9986312244962801,0.7855782146871771,0.9986725266085542,0.9992590509679934,0.9936355399498421,0.9998126243945324,0.9979279509653697,0.9988514692994769,0.9964384874143372,0.9238259147430019,0.9991534160381402,0.7875388042770447,0.9988290194732955,0.9993705870504592,0.6050086870635736,0.9903951118065473,0.9980714254220098,0.9987130902022054,0.9998770933457544,0.9991385331364797,0.9980643338238477,0.9956205423264376,0.9985612737900962,0.9978666091997523,0.7649758598451242,0.9996371750627585,0.9991751080023554,0.99987172458829,0.9900383055866248,0.9986469090375271,0.9948462143933939,0.9967510288414196,0.9994410969791861,0.9997505366055224,0.9956170410277246,0.999362151991987,0.9993084464370178,0.9985835387433034
FMAO,0.9989062158739419,0.9990607631546384,0.7644663677594754,0.9994898089768648,0.75673941747345,0.9358477608404553,0.9905849580893578,0.9981073194613752,0.9945365759098609,0.9995363582420188,0.9996008574208552,0.9822383007899426,0.9989941783217733,0.999729960680633,0.9972702605077504,0.9997523336931097,0.9583528194205672,0.9964951206719237,0.9872045810874721,0.9996655833559269,0.9997371449663276,0.9989841667019465,0.9985558826227202,0.999347529065698,1.0000000000000002,0.9986750168928081,0.9982075148727102,0.9990111085525962,0.8854327731448668,0.9983704241846785,0.9990480622845708,0.9827557004535201,0.9991742242915366,0.7631608706986552,0.9974818024556357,0.9979412952178838,0.9890418237283481,0.9997003341194025,0.9989803118744137,0.9981424400279331,0.9979137869864122,0.9096043415445791,0.9999842840801638,0.7650156931118228,0.9995396808886792,0.9999211968264223,0.5891767571765724,0.9911475464736055,0.9985212935452222,0.9991512296935219,0.9993231460568146,0.9988199543117481,0.9989169306875405,0.992075185131704,0.999765511712975,0.9992121733933527,0.7438322867698235,0.9997471129370424,0.9998391164534229,0.9989958438608247,0.986446108305998,0.9991723710762073,0.9907872020582874,0.9981918416109304,0.9995727726444409,0.9989992243617904,0.9973463304834952,0.9975480532382343,0.9981477836378756,0.9995435479540273
FMBH,0.999400905576824,0.9993931712010674,0.7885720897624957,0.9973454148881168,0.7839717988267425,0.9444127786837243,0.9950575785238093,0.9999162071891118,0.9971193503054765,0.9973581723032994,0.9993584062478409,0.9881003759097844,0.9998356668937651,0.9991836519349003,0.9996781151485075,0.997493321612502,0.9678741164569925,0.9977342815711295,0.9870525367173982,0.9981648126985101,0.9980871241908241,0.9995472383924203,0.9987210191316126,0.9992484720593647,0.9986750168928081,1.0000000000000002,0.9998261026824566,0.9997184007484529,0.9009262871940344,0.9996337432291693,0.9996928626203481,0.9864905617747156,0.9994064532884006,0.7882406909916511,0.9959993619270227,0.9997069178244812,0.9936698171705864,0.9995602350499866,0.9987865361168018,0.9999425634936955,0.9980627533873486,0.9239938036572218,0.9984015642647001,0.7888220097888958,0.9970676041907738,0.9990728247661214,0.6024060966151228,0.9917563359964116,0.9993599161226011,0.99947416486081,0.9988061501967698,0.9998972541670885,0.9991911043374064,0.9964496755151745,0.998501210422652,0.9984654186241093,0.7657558755266575,0.9994989425467521,0.998789504985128,0.9996165018798356,0.9887184007991152,0.999230719854716,0.9950969780219886,0.9978323367196098,0.9997143771204643,0.9981840553303559,0.9974384248520257,0.9988098268660115,0.9998014521133464,0.9989333731707223
FNB,0.999291094133731,0.9995797146068962,0.7851367535489926,0.9972134864423636,0.7818410585582491,0.940031713623284,0.994336189531703,0.9996448593451224,0.9960046085236919,0.9972413340003026,0.9987190523254715,0.9868323730663817,0.999863098191285,0.9991096493695254,0.999447071348412,0.9968499286062187,0.9656700144905822,0.9964238884786111,0.9839926180876397,0.9981186647417551,0.9979232076817663,0.9989556715544102,0.999164189911913,0.9985697388795062,0.9982075148727102,0.9998261026824566,0.9999999999999996,0.9996757665721847,0.8976474625966094,0.9998248711591198,0.9992253144682955,0.984134562586664,0.999534797484001,0.7854995176487998,0.9945908136677297,0.9994538628899139,0.9926725248411065,0.9991122735910568,0.9986615736239799,0.9999090242209241,0.9986589803941198,0.9211459707997536,0.9979427156416448,0.7855170654775966,0.9963814177103694,0.9987435719198976,0.5910844210645788,0.9930463766702549,0.9996981088546273,0.9996342848888261,0.9980583334255306,0.9999098357961225,0.9993512106389941,0.996076141404807,0.9983092493246818,0.9986673999775574,0.7593732581788729,0.9990433817356164,0.9985426998491224,0.9990765144500782,0.9860776447122276,0.999429955832374,0.9945044676728084,0.9984683575089419,0.9994982995760568,0.9971403591812653,0.9981695594702272,0.9980300592836939,0.9995189439792795,0.9989871588766097
GBCI,0.9998235418894476,0.9997959189908396,0.7763723649161983,0.9983569769722744,0.7724514156898366,0.9400882578958951,0.9926744763766369,0.9994313695081273,0.995397975207307,0.9981913551118975,0.9991526885621488,0.9845831157094832,0.999878762811215,0.9994867538077334,0.9989457773100662,0.9978490020764348,0.9625417464122268,0.9964384560139372,0.9852145939985217,0.9988721389207988,0.9988644400072395,0.9993117679417904,0.9994027289706368,0.9988314640905755,0.9990111085525962,0.9997184007484529,0.9996757665721847,1.0000000000000002,0.8918342940966335,0.9998305923636364,0.9995562661558057,0.9851301703153847,0.9996385474340497,0.77569228298724,0.9952114673582635,0.998973727494061,0.9911031524142049,0.9994810255886599,0.9995691073294687,0.9996176179956677,0.9990421516341117,0.9160075829607278,0.9988299063670811,0.7762160602645692,0.9973737101995213,0.9993110188427937,0.5939433184589612,0.9912035755259426,0.9995842702910037,0.999689249269868,0.998504134574811,0.9997438672179876,0.9997436093110827,0.9944426916244997,0.9991870087122983,0.9993165562962902,0.7549210157948428,0.9996074393847147,0.9990016304267165,0.9990403580241319,0.9868233993686665,0.9994384069636469,0.9927399848898617,0.9986072918554033,0.9998281491363784,0.9976747132234847,0.9986343299510584,0.9975900133889893,0.9990942463177721,0.9994242104031997
GS,0.8877977123117708,0.8856311014118129,0.9749024615255115,0.8708652210578759,0.9648074149996791,0.9522571734501789,0.9388796815171326,0.9054476427976199,0.9289269300614577,0.8722935319718973,0.8980994807132571,0.9563740562616412,0.8932576358361013,0.8860396029635181,0.9087550932686574,0.882794535251152,0.9806804133052026,0.9175801024347477,0.9278159544887601,0.8773403102860086,0.8759409120194676,0.9031340442349591,0.8790400876267571,0.901532293453832,0.8854327731448668,0.9009262871940344,0.8976474625966094,0.8918342940966335,1.0000000000000002,0.8912875876705443,0.9012487562963314,0.9258727525536989,0.8865401638642724,0.9729269156130075,0.9056596935672472,0.9092459609590227,0.9436117679408343,0.8952940315312595,0.8811926165944242,0.9022823903429485,0.873929438862108,0.9981779875564031,0.8830306105760923,0.9754644606558177,0.88314101984914,0.8866868749975124,0.7543132389021637,0.8730442433557377,0.8872685045363136,0.8876848276004138,0.9000846002840349,0.8973445671623104,0.8830459907547629,0.9326008617333603,0.8785199370886246,0.8762004710330268,0.9496612550586303,0.8928596277981877,0.8848634202658597,0.9043251400945952,0.9323452350852687,0.886146568220012,0.9374918052188659,0.8733995479830954,0.892317773395804,0.902259702625525,0.8702590080934893,0.914813042088013,0.9076261056507753,0.8812333334150666
HBAN,0.9997344357884803,0.9998034811608816,0.7764726661776361,0.9977842647158941,0.7736905920177028,0.939106752619274,0.9925469836910462,0.9993825852969661,0.9948097414489023,0.9976528242386064,0.9985288022033708,0.9842515732307012,0.9998726377978555,0.9991755031355123,0.9990951166376186,0.9969207533174611,0.962155352242274,0.995841033652459,0.983071514189469,0.998395822723147,0.9983708207286502,0.9986819015805285,0.9995435480643586,0.9981849190377893,0.9983704241846785,0.9996337432291693,0.9998248711591198,0.9998305923636364,0.8912875876705443,1.0000000000000004,0.9990223409320208,0.984288371092164,0.9996924840191863,0.7766198028415028,0.9937966265986624,0.9988169281612264,0.9907575466977474,0.9990106858119009,0.9993348444759957,0.9996591391220992,0.9992540629102921,0.9157136654930482,0.9981631011078067,0.7765196975388128,0.996346036092628,0.9988800440714287,0.5907661083739124,0.9925548662421108,0.9998266595286595,0.9997074683295356,0.997665831287242,0.9997026777877427,0.9997832835438375,0.9945022778277789,0.9987694522140252,0.9991304438602371,0.7534527426238682,0.9991095966766462,0.9986315040702916,0.9986440580352869,0.9855180858730812,0.9994492485677852,0.9926210152208779,0.9988048135237302,0.9995362880425666,0.9966940080243105,0.9988651209033418,0.99718307631822,0.9989997391302892,0.9992688675118956
