Ticker,ABCB,ABTX,AJX,ALTA,ARI,AXP,BAC,BK,BOH,BOKF,C,CFG,CFR,CIT,CMA,CNND,COF,DFS,EWBC,FCNCA,FFIN,FHB,FITB,FMAO,FMBH,FNB,GBCI,GS,HBAN,HOMB,HTH,HWC,IBKR,IBOC,ISBC,JPM,KEY,LARK,MBWM,MCBC,MS,MTB,NAVI,NKSH,NTRS,OMF,OPY,PACW,PBCT,PGC,PNC,PNFP,PROV,RF,SCHW,SF,SFBC,SIVB,SRCE,STBA,STT,SYF,TCBI,TFC,TFSL,TSC,UMBF,UMPQ,USB,WAL,WFC,WSBC,ZION
ABCB,1.0,0.9426930501986263,0.9248990192111607,0.9661334226702745,0.9231127042072413,0.9195279708197903,0.9452003971913272,0.9430399500502391,0.9401707412513489,0.9578852334057913,0.941643998603422,0.9452767647097127,0.9436261272509625,0.9382862620436123,0.9416762645049723,0.9368473044022546,0.9434794898484107,0.9294006623691212,0.9404660185183426,0.9404264407604608,0.9395566327597976,0.9444452965549391,0.9585092911572852,0.9437779969018807,0.9511354573112453,0.9547881906036563,0.940438102329398,0.933990774419337,0.9446616298796849,0.951707667729255,0.904047360489299,0.9443274982094186,0.9250055890516251,0.9363678734400245,0.9479549660070599,0.9442930881940654,0.9609327896783664,0.9960515699826733,0.9715827438447878,0.9411375821994671,0.9488590562868899,0.9411308927036608,0.9417893985779487,0.946843603068585,0.9361323371697368,0.9198423892616525,0.784327582408961,0.9465956799231948,0.9422011678424639,0.9519748235835623,0.9448503810698351,0.9412259817949602,0.9379819156774162,0.9459110115630295,0.9375380761961684,0.9245574959891255,0.9938209206345727,0.9392621883858131,0.9521658726682777,0.9436025176802901,0.9483367184876672,0.9421696241008067,0.9862351366570177,0.9441548506116251,0.9423550718907886,0.9434827525324678,0.9419409417755177,0.9833895049496861,0.9436938246305441,0.9401587851162605,0.9600283607554073,0.9455190684188335,0.9418240931637778
ABTX,0.9426930501986263,1.0,0.9889261988466785,0.9958922840014123,0.9736918343380055,0.9815637605910842,0.9992933378757645,0.999143034458111,0.9978924868276541,0.9978502700972826,0.9988911816301667,0.9999574535565794,0.9994614340654242,0.9996064458494083,0.9978952102302093,0.9984911124238803,0.9974114273404004,0.9903706417368326,0.999230698196625,0.9987221332516436,0.9991300210577491,0.9999201884975396,0.9974493131070816,0.999080900764522,0.9994958157787212,0.9991603267865464,0.9998615290505819,0.9978386909221291,0.9996026335199881,0.9985185259670755,0.9874679304951925,0.9997068460632795,0.996072506322656,0.9953659400102733,0.9996470215106633,0.9986022862239976,0.9972471903242847,0.9675869881688851,0.9943482671807681,0.9994035128125082,0.9988246012718509,0.9989354629263106,0.9966403570041071,0.9973440974954974,0.998353990948774,0.9802919750189432,0.8317465392924347,0.9946660658885073,0.9998989585098731,0.9990253056355602,0.9985670533472397,0.9997861636808267,0.9951827051882554,0.9998268760950538,0.9993428077911471,0.9877534584238935,0.9716907626911755,0.9986821148718408,0.9990353770461513,0.999325834434973,0.9985945546225155,0.9928584852587788,0.9820289961030916,0.9998777468630504,0.999659179758988,0.9985315912726674,0.999341308438409,0.9845551433419578,0.9974569527106271,0.9991548618356655,0.9968627103607156,0.9990547231431839,0.9994749016741855
AJX,0.9248990192111607,0.9889261988466785,1.0,0.9803734603844113,0.9923014456177919,0.9749853120320967,0.9838399874671324,0.9845197121544603,0.9795250640791735,0.9846082277286292,0.9831375108103783,0.9889936217975389,0.9851949351877005,0.9861963327771431,0.9838860665238363,0.9829833633121801,0.9904499933946745,0.9792556990669455,0.9850360834515144,0.9824897962315726,0.9915285843420291,0.9880243156466456,0.9832112508139472,0.9888032790551196,0.9854921397496744,0.9884406689008742,0.9890581090003537,0.9815695419887782,0.9856779851679015,0.9919550731926766,0.9835858626370506,0.9853870275093289,0.9776733410133062,0.9887930019008421,0.9861596083640551,0.9813188247525817,0.9815268210277469,0.948468639486808,0.9772579293906183,0.9845018273070969,0.9837031287095789,0.9863704373033751,0.9743096069562494,0.9877743092936405,0.9814246874300753,0.9784772679792152,0.847765455651923,0.9794800641607269,0.9882621045392753,0.9829129166956406,0.986919804434989,0.9915307844313246,0.9825499941480142,0.9868857506155605,0.984586452179271,0.9836086027776276,0.9515184928357044,0.9811788091592288,0.987883016694203,0.9888630960167472,0.981839443610155,0.9852923772452755,0.9606186742518373,0.9896316561665349,0.9882781947101371,0.9803379288276942,0.9841371649347948,0.9654684341893283,0.9825108669401912,0.9840358765807892,0.9802421287219825,0.9931948994809958,0.9847113022254816
ALTA,0.9661334226702745,0.9958922840014123,0.9803734603844113,1.0,0.9644628277233306,0.9763265150903596,0.9971811337008336,0.9968653807830586,0.9959551340371551,0.9994142950297694,0.9965139963007407,0.9965291919717284,0.996923214076075,0.9947753524183337,0.9964781888735028,0.9949115934383429,0.9951483039071125,0.9890265666965248,0.9962453322864387,0.9961492846158791,0.9950317182085003,0.996083747026443,0.99954635104363,0.9966928390475643,0.9979149290364676,0.9978146652187964,0.9953484364045728,0.994362598253587,0.9961251300445344,0.9970703055125565,0.9766821716726295,0.9966146041990054,0.989362455394603,0.9932238437364084,0.9976669782517318,0.9969597005677333,0.9997587427507182,0.9847089497134733,0.9991222840389834,0.9950518769619485,0.9979400541386106,0.9963661931242794,0.9950003106526061,0.9968994071725156,0.9949316923565137,0.974875928235989,0.8279930373664639,0.9926810709367722,0.9954860591619427,0.9981842739414927,0.9970999266237275,0.9952705787226216,0.9944627612221122,0.9966348124027291,0.994964982961741,0.9820192957540342,0.9880768829940729,0.9953156696120388,0.9983491365178094,0.9965692395872505,0.9979398102583589,0.9917107163069127,0.9939716867932535,0.9961759465563503,0.996250250064761,0.9958147848788519,0.9963877926478418,0.9931970018380438,0.9968346372419193,0.9945084455664637,0.9995688618155273,0.9955534698714588,0.9963540150325191
ARI,0.9231127042072413,0.9736918343380055,0.9923014456177919,0.9644628277233306,0.9999999999999999,0.9536139443491568,0.9653901581306349,0.9649179889151781,0.9577046290396855,0.9676390565914683,0.9629338058145245,0.9739427196249628,0.9668325583763886,0.9686529486451388,0.9626196854702836,0.9618376042019434,0.9728416971208391,0.9525911350886692,0.9658569058708227,0.96176769339486,0.9751157495909158,0.9734438924396785,0.96547549041329,0.970920936983496,0.9701176311305841,0.9760178440483207,0.9731034643626792,0.9588388301651973,0.9693824813264316,0.9785257686104037,0.9628737690021649,0.968479494065356,0.9559848485133378,0.9686229432210104,0.9695759687513948,0.9611036793935532,0.9642783728909792,0.9413036200270734,0.964284143373911,0.9685192570010435,0.9646287117500819,0.9665387542724189,0.9532303849570756,0.9692555437649615,0.9598304192050335,0.9603857241184187,0.8242556684290434,0.9662711751600771,0.9733330844019468,0.9664618799645189,0.9680258326305098,0.9768108288446264,0.9592909236399972,0.9712362995709808,0.9660286395957092,0.9642242069786658,0.9420146009486537,0.9613702051067157,0.9714784913988443,0.971684440621561,0.962283789850142,0.965322175067312,0.9492812287104303,0.9739912206864105,0.9718789442462482,0.9624449604706449,0.9652005773909768,0.9577785639260747,0.9603687624120825,0.9682891076356426,0.9620200676329586,0.9799188738000125,0.9660937515511571
AXP,0.9195279708197903,0.9815637605910842,0.9749853120320967,0.9763265150903596,0.9536139443491568,1.0000000000000002,0.9794672871728654,0.9812800943215266,0.979174936895497,0.9807804399949643,0.980270296422504,0.9818093744588755,0.9803990313235967,0.983388361788255,0.9812776850181232,0.9855539325079246,0.9885528351409838,0.9899016029336941,0.980422775046965,0.9816069096003708,0.9846656265208892,0.9799825088152033,0.979353313440518,0.983258587273402,0.9795715802538499,0.9787626637269081,0.9836848283948754,0.9828486554054672,0.9816596266748663,0.9827096790747175,0.9960806195664528,0.9805883461667675,0.9757337809895343,0.9811563491478887,0.9802113526185559,0.9802138195003397,0.9788418856167758,0.9463692534885433,0.9729143188002212,0.9797128067775781,0.9836586833918848,0.9831110620223162,0.9754603200361547,0.9800206742049452,0.981681982929769,0.9980849950446302,0.9198500794044776,0.961852832453657,0.9800260972955697,0.9783001894856118,0.981938299497051,0.9819760087172127,0.9789381666678088,0.9825125289275493,0.9789767327286585,0.9989451823169636,0.9479987020406206,0.980025677952787,0.9831498936472326,0.9815917881533095,0.9806809692712051,0.9942074870652021,0.9555172048641664,0.9837803984673149,0.978686123815524,0.9753114531179952,0.9822660828969862,0.9619595828253414,0.9822248327363187,0.9791128372748638,0.9776107783963851,0.9815250894643636,0.9811991441579389
BAC,0.9452003971913272,0.9992933378757645,0.9838399874671324,0.9971811337008336,0.9653901581306349,0.9794672871728654,1.0,0.999859767121193,0.9994814282040982,0.9985614448576352,0.9998482787411574,0.9993035676280283,0.9999377668648292,0.9992903366777403,0.9989722786889579,0.999095406199853,0.9965980779699293,0.9913699863077087,0.9997749500040363,0.9997107439127149,0.9981425059961848,0.9992899167432894,0.9985373154314467,0.9989640680968619,0.9995815435499177,0.9984623326888339,0.9990816376203089,0.9989478757208393,0.9994127857954516,0.9973911688285907,0.9846051804720318,0.9998102397081152,0.9968676377615898,0.995341633792591,0.9998268633202624,0.9998130445951043,0.9984562379567488,0.969944305452113,0.9954310810817647,0.9992091504986447,0.9995737004406129,0.9993563422906586,0.998630061749415,0.9977129471341802,0.9994053017436954,0.9771923270018092,0.8251513604298397,0.9950761786501637,0.9992014509483592,0.9996747222407966,0.9989835759747945,0.9986301781651252,0.9966305559268329,0.9994546696360528,0.9996462629831717,0.9853461888095069,0.9745796697529312,0.9995554829172569,0.998997738775084,0.9991255971490847,0.999774037770138,0.9921675058807472,0.984726421192391,0.9991031066823891,0.9994671608841074,0.9994569501204384,0.9998318610826417,0.9855655700368604,0.9988305752104792,0.9989088085851854,0.9984152649878432,0.9975625218554277,0.9998962675719022
BK,0.9430399500502391,0.999143034458111,0.9845197121544603,0.9968653807830586,0.9649179889151781,0.9812800943215266,0.999859767121193,1.0,0.9995867068193943,0.9986191296069759,0.9999499925603282,0.9991637971026996,0.9999324536968783,0.9992134163647927,0.9995215707849026,0.9994525912798219,0.9974627965113441,0.9932654596393918,0.9999040122318219,0.999858303007717,0.998601042169257,0.9989348448974766,0.9985641653098819,0.9993928286277127,0.9991845547793423,0.9979777652954345,0.9990796554885857,0.9994022828748848,0.9990466992762842,0.9975680087236428,0.9862733620532103,0.9995844760086655,0.9964652360493452,0.996561245931481,0.9996606508211853,0.9997658662581205,0.9982485750137283,0.9682749257418692,0.9944896016845228,0.9987145133403668,0.9996711072195321,0.9997882781452112,0.9981489829815133,0.9983506163079888,0.9996244559687718,0.9789879369367032,0.8310482933125866,0.9940457732198771,0.9989044935763169,0.9992208356351571,0.9994269048644001,0.9986803521366402,0.997675459873578,0.999204810240532,0.999476818030691,0.9869636435351394,0.9730981296532836,0.9993624844643654,0.9991250073288263,0.9993959136330696,0.9997669282740155,0.9934898275434229,0.9832147053328458,0.9990976189676806,0.9994473780088472,0.9988592883088137,0.9998393300379076,0.9836961972167831,0.9994007021178353,0.9983365924762764,0.9982605340228987,0.997692132626663,0.9998491056709262
BOH,0.9401707412513489,0.9978924868276541,0.9795250640791735,0.9959551340371551,0.9577046290396855,0.979174936895497,0.9994814282040982,0.9995867068193943,1.0,0.9975487400437919,0.999799694153153,0.9978170807164479,0.9994134818152116,0.9984279289173085,0.9992119757305435,0.9993078653016856,0.9956190732722342,0.992846976511812,0.9995305199425815,0.9998392824557872,0.9970149608450929,0.9977461873854503,0.9976969376513747,0.9981938870485145,0.998227704787456,0.9962599757475609,0.9979000293710244,0.9996209843698578,0.9982158233603485,0.9953891847001409,0.984415339739632,0.9988767161562546,0.997031517118721,0.9951278608832042,0.9988121004001765,0.9998208188587042,0.9975114741212325,0.9663608097583606,0.9934387322472624,0.9981513839155276,0.9991500107729658,0.9991191921098418,0.9991087798666561,0.997101905976555,0.9998036255083027,0.9762706328716156,0.8247169809708801,0.9930447280976437,0.9976755394653716,0.9986673286917035,0.9985659268893523,0.997010278515735,0.9973178634950288,0.9981695698766546,0.9991363459987659,0.9844832540401246,0.9716431089152964,0.9995125571524235,0.9977884808680192,0.9981565967100057,0.9995723157588932,0.9916714955249931,0.9823325363274004,0.9976449934633825,0.9983942918091562,0.9989026138044329,0.9994997037513769,0.9822108244656728,0.9992129679090117,0.9978408496231097,0.9976857433469505,0.9954217250303858,0.9994365545353195
BOKF,0.9578852334057913,0.9978502700972826,0.9846082277286292,0.9994142950297694,0.9676390565914683,0.9807804399949643,0.9985614448576352,0.9986191296069759,0.9975487400437919,1.0,0.9982485562900847,0.9983136353115826,0.9985877270574006,0.9970032000877487,0.9984714283441045,0.9972569609102205,0.9977726902519972,0.9925325235860539,0.9981869306720983,0.9979695099272444,0.9976907367935869,0.9977225449192036,0.9999388285639886,0.9988487517264955,0.9988629751600319,0.9986159325858286,0.9975676796317268,0.9967893732476879,0.9976141126010277,0.9986670291985327,0.9825582742385354,0.9981978498521545,0.9916461712223443,0.9962600022792352,0.9989945133878206,0.9982840275164054,0.9997483706337447,0.9788151264631776,0.9976105485200069,0.9966319693436281,0.9992288967873242,0.99855247273279,0.9957786195796724,0.9987652082028894,0.997080398446031,0.979335329147553,0.8366233940934059,0.9931373758583256,0.997370748425271,0.9988419995506981,0.9989989440894448,0.9975903285064874,0.9968724388527663,0.9981996511344003,0.9969435880957171,0.9864422123231477,0.9826326354959803,0.9969428945050909,0.9996551000173218,0.9986739351746726,0.9990559315335479,0.9945374393723232,0.9897690819220473,0.9981845981083601,0.9981786557924172,0.9968179503051892,0.9981628575157937,0.9894707751440466,0.998613509576146,0.9960693180782074,0.9995853739174125,0.9977106813404556,0.9981169404603691
C,0.941643998603422,0.9988911816301667,0.9831375108103783,0.9965139963007407,0.9629338058145245,0.980270296422504,0.9998482787411574,0.9999499925603282,0.999799694153153,0.9982485562900847,0.9999999999999997,0.9988613330590236,0.9998737954445491,0.9991007070361901,0.9994533889195066,0.9994499467241829,0.9968299200484364,0.9929435772434786,0.9998947479418306,0.9999268524900294,0.9981718136679424,0.9987185187614571,0.9982594272631132,0.9990671341066579,0.9989837768555606,0.9975375872133375,0.9988221539253206,0.9995382840966365,0.9989126526071173,0.9969048810638014,0.9856145788407811,0.9994962926332923,0.9968983452899577,0.9961181271167077,0.9994919677968108,0.9998540860628066,0.9979845732143523,0.967307175473494,0.9941147798564948,0.9987035301260081,0.9995111899453558,0.9996354866924696,0.9985628206801325,0.9979717186429203,0.9997717366892561,0.9778002069961026,0.8277174144067926,0.9940531112265919,0.9986939165147409,0.9991373381985812,0.9991888190657698,0.9982959068027392,0.997564678115837,0.9989841171035975,0.9995474111590189,0.9859544397096319,0.9723267421504966,0.9995314232030126,0.9987166039908808,0.9991077298256055,0.9997446338219801,0.9927266555558941,0.9827854312955816,0.9987416607186412,0.999268367121909,0.9990518693165388,0.9998186896611284,0.9831116408944008,0.999338049515585,0.998358324895824,0.9980575702282167,0.9970928749990352,0.9998292053188198
CFG,0.9452767647097127,0.9999574535565794,0.9889936217975389,0.9965291919717284,0.9739427196249628,0.9818093744588755,0.9993035676280283,0.9991637971026996,0.9978170807164479,0.9983136353115826,0.9988613330590236,1.0,0.9994576151156815,0.9994627467966115,0.9979934491550955,0.9983841846438846,0.9977092222406864,0.9906211265288556,0.9991642406485305,0.9986517067022544,0.9991503894538676,0.9998791801635869,0.9979251059238329,0.9992243087742672,0.9996348264617395,0.9994167656288814,0.9997673583609066,0.9976733567460895,0.9995474082142198,0.9988514927293696,0.9870728374392425,0.9996964133147649,0.9954860875919391,0.9955963142363935,0.99973614788315,0.9985907630762277,0.9977314680893322,0.9694856313116913,0.9950418482236575,0.9992062003849062,0.9989915518138274,0.9989834430443278,0.9964613168926413,0.9976673017698388,0.9981959115097128,0.9805357542210017,0.833241225904193,0.9947997632473917,0.9998293653799585,0.9991646444561566,0.9987262920057047,0.9997694359706903,0.9953942706614287,0.9998424470681042,0.9991291666989894,0.98796452531773,0.9734655433754176,0.9984847280872962,0.9993348802261407,0.9994515835493972,0.9987297684108682,0.9933489465645712,0.9833233651432576,0.9999221605118588,0.9996490936258234,0.998393286496945,0.9992792054476972,0.9856082767461996,0.9976193432244873,0.99890523616802,0.9973662039304133,0.999233386639664,0.9993985017900592
CFR,0.9436261272509625,0.9994614340654242,0.9851949351877005,0.996923214076075,0.9668325583763886,0.9803990313235967,0.9999377668648292,0.9999324536968783,0.9994134818152116,0.9985877270574006,0.9998737954445491,0.9994576151156815,1.0000000000000002,0.9993570560379303,0.9992455020317698,0.9992450376685215,0.9972624810343941,0.9922303608754193,0.999920463159124,0.99974232115525,0.998708289708698,0.9993406503218224,0.9984865709154094,0.9993522684908587,0.9994691148169454,0.9984510028654687,0.9993341729108273,0.9991164515584321,0.999319579258132,0.9978239023136818,0.9858211117274983,0.9997817165078695,0.9965737837212463,0.9962042761028056,0.9998463890228577,0.999705470094978,0.9982394196512696,0.96866956977714,0.994832086602693,0.9990984943635296,0.9995718421739728,0.9996425757767263,0.9981728815111566,0.998187011453574,0.9994545108865733,0.9784256787576523,0.8281323871160142,0.9946354151567248,0.9992755228946268,0.9994436596807668,0.99932556118874,0.9989983267845031,0.9971302218772378,0.9994744798162302,0.9996387661654107,0.9863444689143851,0.9733659857527036,0.9994231329586747,0.9991781573082076,0.9994482530632914,0.9996806046871399,0.9929048624118775,0.9835583699549059,0.9993097113632258,0.9996718221613269,0.9991226688866129,0.9998672466599462,0.9844174153486576,0.9990251047550035,0.9987767192857138,0.9981596092003043,0.998019352781654,0.9999240279419704
CIT,0.9382862620436123,0.9996064458494083,0.9861963327771431,0.9947753524183337,0.9686529486451388,0.983388361788255,0.9992903366777403,0.9992134163647927,0.9984279289173085,0.9970032000877487,0.9991007070361901,0.9994627467966115,0.9993570560379303,1.0000000000000002,0.9977770250928911,0.9992331158666391,0.9967564327030493,0.9909866039635137,0.9991890670403989,0.9991284159439668,0.9984206929617705,0.9994980260764758,0.9966607121859399,0.9985145303466667,0.9990737668651876,0.9980627638375124,0.9996240502710763,0.9985846529031119,0.9996991654486402,0.9970566754860575,0.9889852969325041,0.999687560267635,0.9975775729756896,0.9943186059724359,0.9992501423353816,0.9989265179148961,0.9965922466496885,0.9646359329694659,0.9932046376892588,0.9995712035033628,0.9988852697825654,0.9988386068181987,0.9975496870813383,0.996248205354503,0.9990645470226273,0.9810211418325796,0.8348986022442519,0.9938238577077343,0.9995988182083869,0.9987788315336168,0.9979989242388614,0.9990522244466774,0.9948508045401592,0.9996701236823802,0.9996042932405653,0.9887463281484786,0.9689277954020618,0.9992864138035047,0.9983028683399534,0.9987332037998238,0.9986867147366089,0.9928716435128222,0.9800645845879077,0.9995266288148513,0.9990679086077564,0.9988275966132191,0.99958147810201,0.982890634774985,0.9975203710464982,0.9993507591805509,0.9963462395582177,0.9977961068749558,0.9996138116021892
CMA,0.9416762645049723,0.9978952102302093,0.9838860665238363,0.9964781888735028,0.9626196854702836,0.9812776850181232,0.9989722786889579,0.9995215707849026,0.9992119757305435,0.9984714283441045,0.9994533889195066,0.9979934491550955,0.9992455020317698,0.9977770250928911,1.0,0.9989448015727779,0.9979155259981758,0.995464150540655,0.9994571971490172,0.999348370015276,0.9984133705821118,0.9973982300894576,0.9984679563743711,0.9994106287613171,0.9978437587788198,0.9965307623459433,0.9979670294859747,0.99927475411029,0.9973294156395004,0.9972250728761164,0.9860481801971679,0.9983331224573949,0.9942799511649542,0.9981899069331502,0.9987391578837799,0.9990631128249754,0.9977400437277084,0.9669315579021494,0.9929835631510969,0.9968270802406192,0.9991183951029948,0.9997674195401709,0.9967886739623943,0.9991954702898797,0.9991115023344045,0.9792333807190965,0.8348824072387945,0.9920316537988721,0.9973535593683223,0.997929040929656,0.9997046556569046,0.9977503904112401,0.9992229852875795,0.9977832155086728,0.9982374806621118,0.9869886856132545,0.9722069670226964,0.9981536315071959,0.9987285125550819,0.9991417827997141,0.999237388867325,0.9943253310856742,0.9818191132070053,0.9979746578306816,0.998741120626332,0.9971726079040035,0.99899792196715,0.9808675176761426,0.9998913037674921,0.9963000625779048,0.9978892563835372,0.997000796926028,0.9989328463362797
CNND,0.9368473044022546,0.9984911124238803,0.9829833633121801,0.9949115934383429,0.9618376042019434,0.9855539325079246,0.999095406199853,0.9994525912798219,0.9993078653016856,0.9972569609102205,0.9994499467241829,0.9983841846438846,0.9992450376685215,0.9992331158666391,0.9989448015727779,1.0,0.9973573769398674,0.9947152859804279,0.9993725982832037,0.9997068839730718,0.9982111270316624,0.9981078781572029,0.9970562200462487,0.998677203806515,0.9981109035723223,0.9964230241529538,0.9988691571338822,0.9997518859157852,0.9986642170176441,0.9963103131707387,0.9901156326278373,0.9989424765114782,0.9969550729515113,0.9956313540075669,0.9987103423771918,0.9993677573236659,0.9967798237285658,0.9638279210460733,0.9922776973006594,0.998415258912974,0.9993060013241442,0.9993790093475651,0.9979583697836741,0.9969571723598658,0.9997537276726792,0.982982958680594,0.8421949347330413,0.9910067983132468,0.9981129419179939,0.9981324987976075,0.9986120812750141,0.9978997306652563,0.996791090806681,0.9987360009730267,0.9990310877530744,0.990014809003863,0.9685306597065088,0.9993253710630027,0.9981647876156837,0.9984406071789976,0.9991182944324046,0.9946578237144618,0.9792429966617088,0.9985780263183657,0.9983122384319788,0.9980410090275861,0.9996465546499831,0.9807772113894443,0.998959746831219,0.9981095775982358,0.9966531816124722,0.9964167315897396,0.9994644903667698
COF,0.9434794898484107,0.9974114273404004,0.9904499933946745,0.9951483039071125,0.9728416971208391,0.9885528351409838,0.9965980779699293,0.9974627965113441,0.9956190732722342,0.9977726902519972,0.9968299200484364,0.9977092222406864,0.9972624810343941,0.9967564327030493,0.9979155259981758,0.9973573769398674,1.0000000000000002,0.9963703581067826,0.9972909780254479,0.9968095741030255,0.9991883696635132,0.9965959316163966,0.9971778993539181,0.999107356056478,0.9965732293465471,0.9965593713742088,0.997826013739921,0.9966352375366385,0.9962142475595135,0.9988416536531087,0.9913332294979353,0.9967263647881612,0.9901394586382816,0.9983509974308954,0.9973260505276214,0.9962157588465592,0.9962431608495163,0.9673618078858555,0.9917292269653415,0.9950615130118413,0.9978057037660545,0.9985067522599966,0.9920129138213475,0.9985978768228605,0.9962550863367302,0.9881496929546107,0.8610303998484818,0.9881199882920988,0.9965049652091487,0.9958030789681158,0.9987125593515244,0.9980785744681745,0.9970204487668702,0.9971640405839495,0.9957078948601833,0.9935800699261369,0.971230308723875,0.9951835963959931,0.9987431269646873,0.9985672806662362,0.9968321480789529,0.9982377380051065,0.979307970655457,0.9981630685672693,0.9973300576819926,0.9935619558524836,0.9971092556231628,0.9804744002989569,0.9978084149795133,0.9944373156438748,0.9958120159615503,0.9983172136544846,0.9969311120142884
DFS,0.9294006623691212,0.9903706417368326,0.9792556990669455,0.9890265666965248,0.9525911350886692,0.9899016029336941,0.9913699863077087,0.9932654596393918,0.992846976511812,0.9925325235860539,0.9929435772434786,0.9906211265288556,0.9922303608754193,0.9909866039635137,0.995464150540655,0.9947152859804279,0.9963703581067826,0.9999999999999999,0.9929676057261919,0.9934493081595314,0.9939551254268119,0.9888822896744259,0.9922124316761921,0.9945342823104459,0.9894050647054431,0.9876203330535624,0.9916251362781047,0.9948696163663217,0.989479994586878,0.991694197305299,0.9911614102965715,0.9905340464454337,0.9855688821011297,0.9961318757191097,0.9911436585809393,0.9923512924680293,0.9907884910785594,0.956191415646029,0.9831611501399021,0.9880759007659433,0.9936828854638915,0.9949755599302653,0.9881611188592814,0.9946836092339496,0.9934105552557153,0.9885443513045715,0.8749608132786316,0.9772749851945213,0.9888139560770504,0.9892189809640305,0.994903884279001,0.9909484073981695,0.9961891707895486,0.990433932489656,0.9901904270645745,0.9928052793163437,0.9611910073592029,0.9908099538161355,0.9931269653987914,0.9931783805227576,0.9927029715184735,0.9975196317192533,0.9694602121072879,0.9915268320008805,0.9908925455874975,0.9872330447793795,0.9926100168880813,0.9683671839077627,0.995956823476616,0.9872818352960021,0.9907372284850006,0.9904128125191722,0.991994712007707
EWBC,0.9404660185183426,0.999230698196625,0.9850360834515144,0.9962453322864387,0.9658569058708227,0.980422775046965,0.9997749500040363,0.9999040122318219,0.9995305199425815,0.9981869306720983,0.9998947479418306,0.9991642406485305,0.999920463159124,0.9991890670403989,0.9994571971490172,0.9993725982832037,0.9972909780254479,0.9929676057261919,0.9999999999999999,0.9998141095895995,0.9987880049059782,0.9990106066481651,0.9980878328086714,0.9993569758003127,0.9990068660372413,0.9978106674101047,0.9992232755087765,0.9994310137408214,0.9989620796750532,0.9975006869847532,0.9864317710279473,0.9995202494157106,0.9966523529502841,0.996658788848041,0.9995828898082062,0.9996465226833282,0.9976921066676014,0.9662851101293893,0.9937095727434568,0.9988284763917594,0.9993728614064674,0.9997474659613481,0.9980707718743297,0.9982627990230261,0.9996189014209296,0.97862349537245,0.8282479274942249,0.9938536426292899,0.9989576564152496,0.9989955302799509,0.9994046220978297,0.9988489552196368,0.9975741263158728,0.9991363039703798,0.9995993520468264,0.9863666763282477,0.9712519154563559,0.9993963761037427,0.9988763726703429,0.9993725757655121,0.9995044364493634,0.992924192655959,0.9817910840863471,0.9990369543266476,0.9995750577168616,0.9988405260848182,0.9998123152984966,0.9824529024862972,0.9991843025803153,0.9985184195217582,0.9976313853539486,0.9977217780252383,0.9998516154081813
FCNCA,0.9404264407604608,0.9987221332516436,0.9824897962315726,0.9961492846158791,0.96176769339486,0.9816069096003708,0.9997107439127149,0.999858303007717,0.9998392824557872,0.9979695099272444,0.9999268524900294,0.9986517067022544,0.99974232115525,0.9991284159439668,0.999348370015276,0.9997068839730718,0.9968095741030255,0.9934493081595314,0.9998141095895995,0.9999999999999999,0.9980867939951134,0.998517279220276,0.997951607055199,0.9988649466624133,0.998747513326482,0.9971361729380437,0.9988304001457262,0.9997402133456819,0.9989006935842533,0.9965905816169773,0.9867399103435531,0.999337269500155,0.9971858529466386,0.9957732085058355,0.9992844857151923,0.9998890990974486,0.9977264062332808,0.9665298474089312,0.9937200675647433,0.9987332787670042,0.9995424269781725,0.9995567432462185,0.9987466205255497,0.9975645348157576,0.9998936879985982,0.9791854365322488,0.8309295297481909,0.9929404326085206,0.9984462495538023,0.9989348958397986,0.9990162155897356,0.998055503964462,0.9972769885434092,0.9989194880812127,0.9994763061935651,0.986835672364054,0.9714472522826663,0.9996776445806428,0.9985147045678717,0.9987763736555332,0.9996697310048447,0.9931000417013068,0.9819760726180371,0.9986076670860958,0.9989282139839379,0.9989265821759842,0.9998674075078233,0.9826754435447385,0.999302474879983,0.998437248478483,0.9977064002501743,0.9966485080337495,0.9998077932965471
FFIN,0.9395566327597976,0.9991300210577491,0.9915285843420291,0.9950317182085003,0.9751157495909158,0.9846656265208892,0.9981425059961848,0.998601042169257,0.9970149608450929,0.9976907367935869,0.9981718136679424,0.9991503894538676,0.998708289708698,0.9984206929617705,0.9984133705821118,0.9982111270316624,0.9991883696635132,0.9939551254268119,0.9987880049059782,0.9980867939951134,1.0,0.998584335389147,0.9971467968254417,0.9996159764640974,0.9980105392300711,0.9978859633908096,0.9993857069032076,0.9977399986045461,0.9980067951180908,0.9991460368607272,0.9903811910507342,0.998355458375476,0.9935622458523784,0.9979482358463747,0.9986958507393967,0.9975637905569599,0.9963564856397852,0.9647795719713789,0.992070039104721,0.9974967976602712,0.9983071107232263,0.9992122595671067,0.9942832440490528,0.9985873544781542,0.9976566688088202,0.9844919953430182,0.8446743899469633,0.9911698344810193,0.998526178834003,0.9972930220538007,0.9991926154794202,0.9995979588086452,0.996794537025079,0.9986332553281293,0.997989207515853,0.9906821804621986,0.9690347731283947,0.9972010044692011,0.9990323128350456,0.9994035084662979,0.9976992656315052,0.9955269100271718,0.9787103954879407,0.9993303755641809,0.9990705064535034,0.9961180854967232,0.9985039006703761,0.9805869796616955,0.9979471914262893,0.99711302819989,0.995862575213761,0.9992628081359967,0.9985352424614743
FHB,0.9444452965549391,0.9999201884975396,0.9880243156466456,0.996083747026443,0.9734438924396785,0.9799825088152033,0.9992899167432894,0.9989348448974766,0.9977461873854503,0.9977225449192036,0.9987185187614571,0.9998791801635869,0.9993406503218224,0.9994980260764758,0.9973982300894576,0.9981078781572029,0.9965959316163966,0.9888822896744259,0.9990106066481651,0.998517279220276,0.998584335389147,1.0,0.9973688910359968,0.9986107980532205,0.9996547407181102,0.9993446203623283,0.9996664987190362,0.997405117239755,0.9997221755152466,0.998193897636211,0.985905941884801,0.9997286188641462,0.9962667698092729,0.9943135599552151,0.9996350497050084,0.998558459157821,0.9973470266601929,0.9689247153819966,0.9950013512803858,0.999602953710681,0.9986589139051145,0.9984919733158711,0.9969506060467035,0.9967511129981325,0.9980931484263819,0.978675573925832,0.8269632117788676,0.99530311155454,0.9999291474753258,0.9992564224626665,0.9981117823220943,0.9995355066402277,0.9943433665917268,0.9998460516112617,0.9993309104521084,0.986287776027166,0.9729056198032185,0.9987192752353304,0.9988066178730794,0.9989635383023574,0.9985204943922732,0.9917160307215716,0.9832282576352137,0.9996983284507512,0.9995118937768575,0.9988727272482767,0.9992101255775131,0.985919124887537,0.9969683607863651,0.9994069859853896,0.9969450001145728,0.9987365746329002,0.999381212783499
FITB,0.9585092911572852,0.9974493131070816,0.9832112508139472,0.99954635104363,0.96547549041329,0.979353313440518,0.9985373154314467,0.9985641653098819,0.9976969376513747,0.9999388285639886,0.9982594272631132,0.9979251059238329,0.9984865709154094,0.9966607121859399,0.9984679563743711,0.9970562200462487,0.9971778993539181,0.9922124316761921,0.9980878328086714,0.997951607055199,0.9971467968254417,0.9973688910359968,1.0,0.9985493302466919,0.9986899801667118,0.9982721557172458,0.997099967708197,0.9967538576080436,0.9973498495477569,0.998134522725536,0.9811021390966692,0.9980058645246832,0.9917016778646037,0.9959597939359649,0.9988315092761783,0.9983487480714132,0.9998445411972183,0.9793137598224236,0.9977339739243716,0.9963663903962775,0.9991298284507325,0.9983853304545793,0.9960612852870097,0.9986225263253642,0.9970577885400093,0.9776622178846535,0.8329175797544328,0.9933190499079195,0.9970066896155316,0.9988172113302485,0.9988393620112526,0.997080110212292,0.9969625327760788,0.997858304884119,0.9968357295155879,0.9850920272020273,0.9832993691378351,0.9969216570600381,0.9993898816402896,0.9983929057228259,0.9991033995303172,0.9937891081496264,0.9904164628188743,0.9977448926538743,0.9979538131958007,0.9969046605562774,0.9980171730050719,0.989620303177153,0.9986722533955317,0.9957931401218711,0.9997857318393555,0.9971326154091231,0.9979876498796773
FMAO,0.9437779969018807,0.999080900764522,0.9888032790551196,0.9966928390475643,0.970920936983496,0.983258587273402,0.9989640680968619,0.9993928286277127,0.9981938870485145,0.9988487517264955,0.9990671341066579,0.9992243087742672,0.9993522684908587,0.9985145303466667,0.9994106287613171,0.998677203806515,0.999107356056478,0.9945342823104459,0.9993569758003127,0.9988649466624133,0.9996159764640974,0.9986107980532205,0.9985493302466919,1.0,0.9986426768137117,0.9981873044745411,0.9990890121957282,0.998440054258721,0.9981883341583621,0.9990230440900463,0.98800445734375,0.9988824563127634,0.9937700969037914,0.9983963274092185,0.9992826266794125,0.9985379011319286,0.9978401932928032,0.9682078217840908,0.9937504260534117,0.9975483009194203,0.9991446171812851,0.9997882435476827,0.9955709687713885,0.9994296990905832,0.9984418829854956,0.9820346685826558,0.8405209057355423,0.9928399149809235,0.9985852433115016,0.9982483710700999,0.9998186676923295,0.999271431398076,0.9981930891062152,0.9987928415490448,0.9983718308369325,0.9892787435891365,0.9727787622426418,0.9977939499864604,0.9995731174900852,0.9998665468344452,0.9988770418739653,0.9954673847239793,0.9820592793172447,0.9992840620669823,0.9994267344733652,0.9970196331436723,0.9990258434482485,0.9825313730997856,0.9991288748651328,0.9970387744154129,0.9976925469275224,0.9990074765102843,0.9990392567933996
FMBH,0.9511354573112453,0.9994958157787212,0.9854921397496744,0.9979149290364676,0.9701176311305841,0.9795715802538499,0.9995815435499177,0.9991845547793423,0.998227704787456,0.9988629751600319,0.9989837768555606,0.9996348264617395,0.9994691148169454,0.9990737668651876,0.9978437587788198,0.9981109035723223,0.9965732293465471,0.9894050647054431,0.9990068660372413,0.998747513326482,0.9980105392300711,0.9996547407181102,0.9986899801667118,0.9986426768137117,1.0000000000000002,0.9995731926761021,0.999115543762149,0.9974445296003326,0.9995990371423481,0.9982188093815376,0.9837659500186512,0.9997421170879399,0.9955335866572083,0.9942744276516013,0.9998553288265611,0.9990483733814981,0.9988296027272641,0.9741203257105711,0.997039354509428,0.9992414721997327,0.9992910847853953,0.9985903210178798,0.9976091470011133,0.9972308076056074,0.998169908605926,0.9777571874832112,0.8268713205673808,0.995668197292548,0.9994744621380816,0.9998751271201025,0.9984013616805041,0.9988797750306375,0.9949706021725727,0.9997500282627501,0.999008830086138,0.9855686352922499,0.9779811695028612,0.9987594197121852,0.9992883337513169,0.9989221792694636,0.9992737527642591,0.9921521526827097,0.9872440307655227,0.9993923642598544,0.9992711745281138,0.9990883022891703,0.9992852657133954,0.9889466876616738,0.9976882625228862,0.9989485696041922,0.9985652119801597,0.9982645601732822,0.9993864889282115
FNB,0.9547881906036563,0.9991603267865464,0.9884406689008742,0.9978146652187964,0.9760178440483207,0.9787626637269081,0.9984623326888339,0.9979777652954345,0.9962599757475609,0.9986159325858286,0.9975375872133375,0.9994167656288814,0.9984510028654687,0.9980627638375124,0.9965307623459433,0.9964230241529538,0.9965593713742088,0.9876203330535624,0.9978106674101047,0.9971361729380437,0.9978859633908096,0.9993446203623283,0.9982721557172458,0.9981873044745411,0.9995731926761021,0.9999999999999999,0.9986468647929705,0.9954292488995033,0.9988520118598274,0.9989518465201234,0.9827351035829052,0.9988918325246114,0.9931176372171289,0.9939152071579426,0.9992580089429827,0.9974869463496766,0.9983578304207302,0.9762144824657922,0.9972679959758614,0.9983007044437776,0.9982531269584206,0.9975562424978426,0.9952977790399116,0.9969578406895251,0.996257406755505,0.9778680288999869,0.8282523346089724,0.9954361687340565,0.9991036448297749,0.9991124545594864,0.9977075793974214,0.9989084042881288,0.9935966247844462,0.9992330579082569,0.9977177222831477,0.9853117858192323,0.9795388902918524,0.9970443484376109,0.9991397051880567,0.9985236508151363,0.9979926279205551,0.9918543576791938,0.9879438498391585,0.9991592423429835,0.9987923943830707,0.9976595419788549,0.9980229223171667,0.9901132898150479,0.9962333651300617,0.9979734441884497,0.9978757840766268,0.9989192685724864,0.9982127881047919
GBCI,0.940438102329398,0.9998615290505819,0.9890581090003537,0.9953484364045728,0.9731034643626792,0.9836848283948754,0.9990816376203089,0.9990796554885857,0.9979000293710244,0.9975676796317268,0.9988221539253206,0.9997673583609066,0.9993341729108273,0.9996240502710763,0.9979670294859747,0.9988691571338822,0.997826013739921,0.9916251362781047,0.9992232755087765,0.9988304001457262,0.9993857069032076,0.9996664987190362,0.997099967708197,0.9990890121957282,0.999115543762149,0.9986468647929705,1.0000000000000002,0.9981906118919779,0.9995073501695881,0.9984338971770326,0.9895037591895219,0.9994605241164699,0.9962374798054306,0.9955491711416253,0.999397312363399,0.9985862130435414,0.9968483607284241,0.96599645467125,0.9935273421136281,0.9993177370848241,0.9988689274965369,0.9990356001204362,0.9965611953658393,0.9972016917887642,0.9985073439064948,0.9827680863050697,0.8373920893324998,0.9929478044299272,0.9995880628699975,0.9986180341936562,0.9986079762601944,0.9997057686870848,0.9951991108148098,0.9997235578648529,0.9992317261264647,0.9893833164814814,0.9700135181887259,0.9987595954814836,0.9989270147708712,0.9991243923193519,0.998443665769676,0.9938360733518239,0.9804079393855435,0.9998216527202984,0.9993548401274068,0.9981396410130124,0.9994022583439387,0.9833435014274898,0.9975862500802732,0.9991164312392646,0.9963178301025298,0.9987938798871623,0.9994524966924392
GS,0.933990774419337,0.9978386909221291,0.9815695419887782,0.994362598253587,0.9588388301651973,0.9828486554054672,0.9989478757208393,0.9994022828748848,0.9996209843698578,0.9967893732476879,0.9995382840966365,0.9976733567460895,0.9991164515584321,0.9985846529031119,0.99927475411029,0.9997518859157852,0.9966352375366385,0.9948696163663217,0.9994310137408214,0.9997402133456819,0.9977399986045461,0.997405117239755,0.9967538576080436,0.998440054258721,0.9974445296003326,0.9954292488995033,0.9981906118919779,1.0000000000000002,0.9978974488601622,0.9954425281615761,0.9884306018253853,0.9984704085744568,0.99700097446234,0.9960627345937026,0.9983069530332808,0.9993514842203809,0.9962942616496201,0.9616203320420355,0.9911515888186266,0.9977724903453461,0.9988803733851633,0.9993554533369061,0.9980826045760931,0.9971221612115884,0.999869979356043,0.9802260677696817,0.8352786442483926,0.9908900595516335,0.9974358868727026,0.9976425143712223,0.9986362914431616,0.9972700938402591,0.9976205560406173,0.997929445501757,0.9989313093987898,0.9877301565035811,0.966955354818357,0.999204415631572,0.9975528015541552,0.9981983552446684,0.9989757479999644,0.9934007984715497,0.9781000547996016,0.9977744370768429,0.9981554377130383,0.9978885897411975,0.9993819971591745,0.9785854450931214,0.9992305960041582,0.9974525786694555,0.9963559462095719,0.9956126162115406,0.9992474153505256
