Ticker,ABCB,ABTX,AJX,ALTA,ARI,AXP,BAC,BBT,BK,BOH,BOKF,C,CFG,CFR,CIT,CMA,CNND,COF,DFS,EWBC,FCNCA,FFIN,FHB,FITB,FMAO,FMBH,FNB,GBCI,GS,HBAN,HBHC,HOMB,HTH,IBKR,IBOC,ISBC,JPM,KEY,LARK,MBWM,MCBC,MS,MTB,NAVI,NKSH,NTRS,OPY,PACW,PBCT,PGC,PNC,PNFP,RF,SCHW,SFBC,SIVB,SLFC,SRCE,STBA,STT,SYF,TCBI,TFSL,TSC,UMBF,USB,WAL,WFC,WSBC,ZION
ABCB,0.9999999999999998,0.9900960164038789,0.1876953105751594,0.9799559255298327,0.15291049997687978,0.8563081059114924,0.9967858527724525,0.9970850352633955,0.9938858327619201,0.992239018975779,0.9968606636767466,0.9934609385536031,0.9991547216380575,0.9874876436187527,0.9808806335797323,0.9937257228769772,0.9844638326328222,0.9938975740181228,0.9646251473934978,0.9960532080641801,0.990765162719446,0.9960238235292651,0.9986854632466449,0.9931795005443771,0.9947648989562993,0.9938004687257284,0.9987497067481023,0.9886097120057488,0.9124083409097299,0.9981266980355572,0.9976793949381225,0.997648159896732,0.9706058087106215,0.1629002723045966,0.984016846350455,0.9811998575097673,0.9844399022519952,0.9957764426129785,0.9984520776258863,0.9938397042332455,0.9839408671092575,0.8021980111405425,0.9946552245322683,0.010396425204872337,0.9929945467678166,0.9873615947560999,0.15731658318823935,0.9800014235997702,0.9980138017182398,0.9974485718686014,0.9954365347123394,0.9918495219171709,0.9990966445049222,0.9624365823843058,0.9960110199322674,0.9607867599853468,0.09195782315570442,0.9987234983658134,0.9931336999854369,0.94946202662765,0.9597484548223533,0.9962383848224944,0.9862801687423002,0.9866499776184261,0.984200964397747,0.9930136795693161,0.983555815216166,0.9895333592436552,0.9956643075357946,0.9963436608052295
ABTX,0.9900960164038789,1.0000000000000002,0.17114981958341907,0.9970932025420787,0.11557853405046299,0.812285479048724,0.9951283222089835,0.9776123541889667,0.9740714623349845,0.9927621109851108,0.9832878123723546,0.9934851246426172,0.989908321190247,0.9989143370454452,0.9461839055349737,0.9885565141866393,0.9611847782585549,0.9783305413274357,0.9355821600113304,0.9941295313634172,0.997075330166625,0.9936106322490522,0.9914748245198122,0.9958126134449518,0.9961512166304708,0.9993540906224806,0.9867503064175939,0.9996045904607666,0.9118541569903015,0.9923767170724176,0.9893175584313947,0.9847421148473574,0.9481763399249102,0.11485451342737797,0.9811419326892692,0.948101234344184,0.9968661439925842,0.9954206188820282,0.9949338378500242,0.9993785613274131,0.9984015437524407,0.7949640806995409,0.9947979023932956,-0.11720859354350267,0.9851153122696678,0.9624621440978193,0.11664053301216891,0.981796019630802,0.9853866982835814,0.9925333433071599,0.98958009826178,0.9994727679747976,0.9934267539600894,0.9907394459645639,0.996510669678622,0.9892560776076195,-0.013118102805191005,0.9903674663222521,0.9728043391971953,0.900866803528148,0.9196918538303696,0.9911555341107281,0.9586165314633371,0.9968448894617741,0.9983690361215589,0.9857043970355607,0.998249341985804,0.9665718146230401,0.9774103204617615,0.9955417170522316
AJX,0.1876953105751594,0.17114981958341907,1.0000000000000002,0.1679713224789701,0.9407176543586706,0.35984505044920184,0.16675857817927514,0.18034353578316203,0.18465109417245773,0.10412587513431919,0.17886044537679838,0.18107393094384183,0.16411688616617187,0.14597943073414918,0.1433125345881315,0.1481754564090029,0.24018752130145613,0.2359047714068758,0.19225993655292903,0.14861198582984078,0.12873130937868094,0.22940833043668574,0.16256371632353261,0.16992308777003545,0.18201418779055287,0.1864037957876511,0.1890030687358809,0.1782776672190553,0.38471287523724457,0.13609443788144115,0.143673422888272,0.23042605554397957,0.28351556815934104,0.628601772146138,0.24186689072670084,0.1527605582950649,0.16152935008622543,0.15573340675155697,0.16326063777009128,0.1620597787809814,0.13128899185624449,0.725945846086681,0.1629802967785041,0.3361774537170165,0.1925852517079942,0.10960910030420759,0.5235371235653189,0.1248703124265382,0.15865795483052003,0.13377260550804723,0.18178626177837923,0.19553895487620315,0.1607715508679252,0.16708262240889088,0.15153376403386296,0.11971837211070345,0.5268099684384573,0.17985128826642677,0.17464078500735647,0.11456442778841497,0.26415627164410893,0.11815947823985995,0.1931817360882044,0.09464584865016483,0.14552829624468758,0.15143732443212446,0.1370887331997176,0.14345988292135745,0.22720721252794351,0.13555490994076788
ALTA,0.9799559255298327,0.9970932025420787,0.1679713224789701,0.9999999999999999,0.08979515208233876,0.8038786295925657,0.9902286090850059,0.9639523631333118,0.9642767290866172,0.9890272060021688,0.9747789312158491,0.9914040519814941,0.9794546291180675,0.9984133212142146,0.9261315497109865,0.9844917563453086,0.9539184116223366,0.9704914469358278,0.9304300110836617,0.9888954097710526,0.9956328252412324,0.9889728843998696,0.9807331116881959,0.993836011517859,0.9931625667672874,0.9956364421750811,0.9742675623935811,0.9979694459187196,0.9248311610384206,0.9824567132050062,0.9790051233636079,0.9747787328763329,0.9403984572095051,0.11934460043338847,0.9813415035453837,0.929498036385073,0.999088982897113,0.9913800735605042,0.987976587795166,0.9951234290259234,0.996169663724197,0.7923641898427256,0.991875449003881,-0.14373532310974033,0.9803750980278729,0.9486809347636254,0.12782658221299004,0.9708491493690694,0.9724653228458118,0.9838090898039259,0.9847029032668371,0.9959353597004363,0.9840307787651343,0.9961942051159927,0.9921258030141019,0.9952498386421651,-0.0324816962645573,0.9829794993525769,0.9600917629879288,0.8780388041042183,0.9077027147539787,0.9826923978046962,0.9425586929896733,0.9933801885265574,0.9992312208671905,0.9818484051251495,0.9959038367829491,0.9544007088402664,0.9641305635856344,0.9895042689396526
ARI,0.15291049997687978,0.11557853405046299,0.9407176543586706,0.08979515208233876,1.0,0.29910382041650235,0.11030492294842782,0.15494843836469202,0.13889526534032165,0.047377290151126704,0.1304463243523113,0.10982576478627655,0.12993797784571395,0.07991110032468247,0.14020627216784065,0.08527714665687869,0.17869482653495133,0.17836535686486032,0.11531161836189219,0.09542599475322934,0.06448002591063395,0.17083153809189672,0.13289587405928788,0.10121715910971044,0.11783133525426039,0.1305033199585662,0.1622192238457401,0.11919642629600831,0.23182382808394625,0.10496594574898435,0.10791818640852785,0.18881699873651014,0.23117309005997735,0.5701169453622734,0.15312937132390086,0.14325801494923632,0.08227405287959332,0.09644925375369497,0.12007785207680303,0.11094837857597284,0.0803998929821588,0.6336421177647465,0.09835353469495331,0.36564315844346584,0.12778772280554018,0.0832157970116558,0.4065712930070176,0.09017411695554725,0.13474725039867752,0.09535237051267183,0.12026799707703863,0.13938120511850838,0.1252692678066465,0.08509957219882713,0.09612082036897045,0.03978199252938645,0.5434812068514464,0.1314357240951061,0.1399365683713265,0.1168671274200601,0.21665715639330757,0.07921086398069542,0.17021000832974748,0.0455040458668358,0.07643014144617266,0.08533616381569194,0.08771802410095031,0.10509654860210553,0.1963254161645921,0.08755302588794425
AXP,0.8563081059114924,0.812285479048724,0.35984505044920184,0.8038786295925657,0.29910382041650235,1.0,0.8366768307979908,0.8595433228932792,0.8706347499695853,0.8168833261648846,0.8556655640360852,0.8431135291575244,0.839343329112709,0.8064730766410464,0.8584122443615723,0.8356873808670994,0.9167282158105476,0.8831522035682846,0.9057213450975747,0.8258703538439198,0.8195259247982237,0.8500322554524256,0.8294723361157919,0.8324797696668208,0.8350214671644168,0.8289077497341256,0.8404196879312441,0.8183311649423846,0.8914730698919471,0.8325842488960532,0.831744409608488,0.8561059120759681,0.953564698654274,0.5939033215241561,0.8461596196265623,0.8459892469644014,0.8205489518799621,0.8354695244890916,0.8486061424880629,0.8247323546610418,0.7940476216388976,0.7948363656619511,0.836483728722022,0.34366380196698953,0.8407100358055443,0.8460837679961297,0.6277674744812385,0.7608422161867838,0.8346910837859153,0.8255657817209324,0.8428904622020535,0.8173830695401794,0.8381591116688203,0.7689093833059111,0.8331169299046668,0.7672949179195785,0.5332189707432938,0.8512018819899305,0.8467845627771501,0.8404151390313084,0.9383317436203761,0.8201954925154967,0.8445136914212901,0.7884723907698994,0.8095117383211726,0.8472660989585472,0.7942244787968538,0.8538153732714354,0.8538926527374772,0.8249718987665805
BAC,0.9967858527724525,0.9951283222089835,0.16675857817927514,0.9902286090850059,0.11030492294842782,0.8366768307979908,1.0000000000000002,0.9910623771469623,0.9910653878162213,0.997853091607316,0.9961394564850276,0.998883596919323,0.9972562969168388,0.9954606326756599,0.9691605310151457,0.9982634655068544,0.980163720928672,0.9918046103455823,0.9633235706758243,0.9995998504476339,0.99765382037843,0.997707296434391,0.9967247396380611,0.9991771525822088,0.9995030681417476,0.9974335324272134,0.9946649210582716,0.9939346659236286,0.9236918436308243,0.9967769328121308,0.996815533942789,0.9947279528278572,0.9608118176847651,0.13053712304675708,0.9910826728271493,0.9715776131797808,0.9938051545827006,0.9998392799407088,0.9983182394286899,0.9972384988257663,0.9900039948258276,0.7953237356899723,0.999621272815695,-0.03167919883857103,0.9965534253549853,0.9828012198485707,0.13588756926837514,0.9832351138131152,0.9941598246292217,0.998058723880592,0.9986590038711585,0.9961471162028518,0.9978711988808138,0.9756331580887917,0.9996542477405722,0.9745032728718419,0.04256244048515365,0.9987902572631502,0.9894957621184582,0.9358142679127708,0.948248609247662,0.9975288184464787,0.9793497771124562,0.9931162328793612,0.9926668377991028,0.9971495257102581,0.9892153955550471,0.9863887220022186,0.9902155587382258,0.9991814320976834
BBT,0.9970850352633955,0.9776123541889667,0.18034353578316203,0.9639523631333118,0.15494843836469202,0.8595433228932792,0.9910623771469623,0.9999999999999997,0.9973484128152723,0.986559908458592,0.9974300309123069,0.9867796570890378,0.9972152848881743,0.9750969629342756,0.9925123604886184,0.9908927206528463,0.9870271571900691,0.993903537494613,0.9720472960182451,0.9910925818798699,0.9811182709843671,0.9894039406577632,0.9957088388678808,0.9853668732905733,0.987312694285138,0.9832486649294552,0.9980167619100316,0.9749156638771113,0.9023405395349777,0.9941064832267215,0.9959167014274052,0.9969357923805446,0.968011814048353,0.15882969505856728,0.9794369561470267,0.9929297451011573,0.9708412458506764,0.9893955890926733,0.9922100142941733,0.9834156027449874,0.9691617883189239,0.7925769830663794,0.9880855701589556,0.06981152870860781,0.9915248698296535,0.9950887079445442,0.1519042486284382,0.9762318996714429,0.9981446862175911,0.9939030133974667,0.9923411402755378,0.9805748019415034,0.9948075075449929,0.940638832853431,0.9889819657499208,0.9389338900971685,0.12434201706874967,0.996012109335578,0.998110323234057,0.9703135430434132,0.96959182144299,0.9932730419830722,0.9953522099167118,0.9756179305025533,0.9696410527757209,0.9909291529863279,0.9683776917120476,0.99614593650806,0.9982032394458442,0.9904838632301597
BK,0.9938858327619201,0.9740714623349845,0.18465109417245773,0.9642767290866172,0.13889526534032165,0.8706347499695853,0.9910653878162213,0.9973484128152723,1.0000000000000002,0.9870529397165011,0.9987846306389373,0.9896099428915963,0.9937699492708358,0.9741272030584578,0.9892463999011146,0.9940105675122716,0.9937257044582007,0.9967861870634444,0.9846773027260465,0.990892775967577,0.981419765250165,0.9898169812757849,0.9908393381974914,0.9870602289331591,0.9882506511779883,0.9807948183998874,0.9933628789484771,0.9721610496963303,0.9238264951566622,0.9893136577717798,0.9924416578599143,0.9959411637880873,0.9717160398744641,0.17933843977945763,0.9871371070759479,0.9911193477057922,0.9726263857016969,0.9897890382259151,0.9897566420431113,0.9801790424400573,0.9639449127448045,0.7973281620876269,0.9897135712276169,0.09748619452219105,0.9953524556017491,0.99537329881843,0.17974938757218906,0.9683860107200185,0.993278115184973,0.9906537962017339,0.9947460122284443,0.9775169500297527,0.9907061117486577,0.9386223878142474,0.9883794318945401,0.9372008672863155,0.14480479802488774,0.9959661926694465,0.9978047800840474,0.9708227690445603,0.9777133591896547,0.9905267164764625,0.9945290048762278,0.9714486787757817,0.968697556052191,0.9952413936437612,0.9627731251754797,0.9978033491874353,0.9958410778499015,0.98853855447088
BOH,0.992239018975779,0.9927621109851108,0.10412587513431919,0.9890272060021688,0.047377290151126704,0.8168833261648846,0.997853091607316,0.986559908458592,0.9870529397165011,1.0,0.9927764405217431,0.9962350449405324,0.9943215435373423,0.9952114548518005,0.9658207780188826,0.9977192671311813,0.9723542160030588,0.9844799319724439,0.9590677261926224,0.9987752532746971,0.9983697645507762,0.9916887615727162,0.9939173197183119,0.9972877085238238,0.9967289588285811,0.9939709928225603,0.9898885022012344,0.9912723048217628,0.9094280279494791,0.9955355069299521,0.9951295307381959,0.9878769308152322,0.9488846953135716,0.0891033991150932,0.9853685462994424,0.9683629655764335,0.992859112667428,0.99848497919956,0.9957808024023598,0.9952026710094802,0.9901532332679499,0.7558195905961838,0.9980622501724907,-0.05660556959742743,0.9932357894329629,0.9829817866836764,0.0993414824512495,0.9825968895511269,0.9912347439530779,0.9973594014638286,0.9957568724730427,0.9922535722511184,0.9951780676407703,0.9745851357146851,0.9984764056556218,0.9764641443279174,0.0041627376937069275,0.9954566292340201,0.9858044000964655,0.9341078764316726,0.9378346707727183,0.9979661333087485,0.9741213640997735,0.9956378555312292,0.9924383027157012,0.9963076970457219,0.9889811094123376,0.984597649765992,0.9829946135763162,0.9987982774099422
BOKF,0.9968606636767466,0.9832878123723546,0.17886044537679838,0.9747789312158491,0.1304463243523113,0.8556655640360852,0.9961394564850276,0.9974300309123069,0.9987846306389373,0.9927764405217431,1.0000000000000002,0.9946302661083275,0.997340406246695,0.9833404313869855,0.9847739944771969,0.9974888386912316,0.989834246338775,0.9969137361568803,0.9783570804635783,0.99607295459575,0.988725555166288,0.9943946879724885,0.9953260959137957,0.993125336299085,0.9940560011823625,0.9883987984280919,0.9963486079793142,0.9813096100031822,0.9233116245012526,0.9940628304097869,0.9964878581840315,0.997845879937426,0.9673626955667677,0.15415910087595328,0.99043475221683,0.987137684503873,0.9813768263607855,0.9951803282456892,0.9943583105146927,0.9878848813612124,0.9747412685574425,0.7983546840829612,0.9949894787584367,0.05088995090555617,0.9980116537988558,0.9933335312390612,0.15550549492571167,0.9774403829241486,0.9961643331627076,0.9955490085600108,0.9981956310594531,0.9860573886823281,0.9953624553954693,0.9529913638544273,0.9941270321503974,0.9513629009074823,0.10393605639050951,0.9989268427636601,0.9976601483896931,0.9614441633765312,0.9682423767513842,0.9953242014915157,0.9922216671811321,0.9810628248740836,0.9784794013784098,0.9977535276869605,0.9736865999285772,0.9962502686897968,0.9965493003507718,0.9943241144257473
C,0.9934609385536031,0.9934851246426172,0.18107393094384183,0.9914040519814941,0.10982576478627655,0.8431135291575244,0.998883596919323,0.9867796570890378,0.9896099428915963,0.9962350449405324,0.9946302661083275,0.9999999999999999,0.9935229873576199,0.9949604863644056,0.9624390335893733,0.9979983691342414,0.9819245848655078,0.9925310185099389,0.9678449619075778,0.9978936395616474,0.9970404691727235,0.9974761050088083,0.9922105325329631,0.9996375266842943,0.9994636805736128,0.9961829818225618,0.9901535968140633,0.9928628509930857,0.9387646821263058,0.9923336062253074,0.9931689553481388,0.9926761889658082,0.9623212487310833,0.1474011494010688,0.9950278109067577,0.9655762084143041,0.9953645883004035,0.9990492362083454,0.9956522968656957,0.9951784217685639,0.9872976810496473,0.8056073866815886,0.9996003745220463,-0.026194902039717,0.9969672457546993,0.9783329369380489,0.159446568359699,0.9784650877496475,0.989075335994992,0.9943868453997802,0.9985490294619059,0.9948642775993385,0.9941790175543188,0.9769089614742293,0.9982350614761417,0.9752782949049618,0.051912688720367535,0.9970647246934898,0.9864503844577966,0.9289484607096528,0.950126345048768,0.9937945102339237,0.9750149869756183,0.9899542382565626,0.9925837214861827,0.9976118230382608,0.9863931533514722,0.9837345387153091,0.9868880550756334,0.996695130709512
CFG,0.9991547216380575,0.989908321190247,0.16411688616617187,0.9794546291180675,0.12993797784571395,0.839343329112709,0.9972562969168388,0.9972152848881743,0.9937699492708358,0.9943215435373423,0.997340406246695,0.9935229873576199,0.9999999999999999,0.9881384163539363,0.9822499485651579,0.9951278838523232,0.9805727407150892,0.9923551443624132,0.9629176926136289,0.9973257673105858,0.9915652995660724,0.9945053266682831,0.9996119544443949,0.9935907971808037,0.994825594310767,0.9931160044608909,0.9992420005737541,0.9874918789424648,0.9043282742717957,0.9989699133384768,0.9995116126280071,0.9969598698174515,0.9613980893410313,0.12573510661563492,0.9836073787508346,0.9832838383098476,0.9839533068308532,0.9963349176502841,0.9975517410039896,0.9935281640391237,0.9841427135998837,0.7891717219695398,0.9950730669035225,-0.0016365453449388686,0.9939883126997964,0.9898121036508882,0.12399561377939015,0.9859908842465056,0.9993406757128532,0.9991167088237192,0.9961026987966686,0.9915299914262024,0.9994541427667152,0.9619722283642161,0.9964019553394875,0.9606301584294246,0.06366327477111453,0.9986462775995665,0.9949770130111389,0.9526166682153995,0.9542905467426035,0.9984660076797267,0.9881646500730634,0.988798544737311,0.9839686720908595,0.9939805076042827,0.9834439347040945,0.9916520694097056,0.9957460157226115,0.997597770250183
CFR,0.9874876436187527,0.9989143370454452,0.14597943073414918,0.9984133212142146,0.07991110032468247,0.8064730766410464,0.9954606326756599,0.9750969629342756,0.9741272030584578,0.9952114548518005,0.9833404313869855,0.9949604863644056,0.9881384163539363,1.0,0.9434361228192744,0.990925501924963,0.9609101938324439,0.9772773715466363,0.9395312171019544,0.994943398254969,0.9989150017589586,0.9922963169424884,0.9891550349492838,0.9971864795223736,0.9967265825216397,0.9981247398608218,0.9835812996354323,0.9986070272957046,0.9162512908477429,0.9907047404946121,0.9882523793693438,0.9822449488941538,0.9440355255519376,0.10022775606716636,0.9835567091996613,0.9462336255684102,0.9987981490328297,0.996285083768527,0.9936031032004353,0.9983537563074925,0.9976477490068085,0.7813796790733789,0.9961437900069456,-0.1207529219252396,0.9866513223739599,0.9631926351604374,0.10920111164781009,0.9804260319405944,0.9829128582373803,0.991980136237952,0.9906437675407849,0.997961659303645,0.9914776124961564,0.9914811056675833,0.9969597665102875,0.991227240905702,-0.027068845401279382,0.9898612034376042,0.9720036753829966,0.9002038098884649,0.9181271590507097,0.9913252245265693,0.9567081601586719,0.9976560516061203,0.999397987560119,0.9883684465074994,0.9971094867578539,0.9673244184213993,0.9741257167476531,0.9957736081546097
CIT,0.9808806335797323,0.9461839055349737,0.1433125345881315,0.9261315497109865,0.14020627216784065,0.8584122443615723,0.9691605310151457,0.9925123604886184,0.9892463999011146,0.9658207780188826,0.9847739944771969,0.9624390335893733,0.9822499485651579,0.9434361228192744,0.9999999999999999,0.9726509354720798,0.9776024550649978,0.9797017868720453,0.9694762411879182,0.9704056816033434,0.95415037723172,0.9647568389865316,0.9793069217997344,0.9596039590154725,0.9620213735396705,0.9544312730745919,0.9844470966885497,0.941719444929532,0.8663012266869881,0.9773942865979813,0.981506129886074,0.9815330781158562,0.9542563638643009,0.1511465759103862,0.954670447282705,0.9988162205986909,0.9369039192215396,0.9667879585488705,0.9714661615619463,0.955730271952905,0.9358282463148676,0.7519295797380201,0.9645785600216333,0.1533806129684434,0.9736769221274988,0.9955829253932841,0.1447996013190023,0.9574899298338737,0.9866428547058482,0.9768679092284411,0.9731753435305813,0.9499960619435871,0.976823611777515,0.8942918134804136,0.965850203212154,0.8941832901573891,0.17315111764434166,0.9788223761451951,0.9921750483129816,0.9912633447473127,0.9722748966334308,0.9771546927725597,0.9950895301678295,0.9479602905855674,0.9353195097361978,0.9739625704687419,0.9344891405323095,0.9935477916078346,0.9880294103324271,0.969583029568834
CMA,0.9937257228769772,0.9885565141866393,0.1481754564090029,0.9844917563453086,0.08527714665687869,0.8356873808670994,0.9982634655068544,0.9908927206528463,0.9940105675122716,0.9977192671311813,0.9974888386912316,0.9979983691342414,0.9951278838523232,0.990925501924963,0.9726509354720798,1.0000000000000002,0.9830874246337383,0.9922094094360511,0.9725614131767308,0.9986513032905849,0.9951488737171301,0.9947394424952124,0.9935506043341494,0.9974963355777032,0.9973702437490145,0.9918730514144376,0.9919880987664017,0.9870906772322865,0.9268558153019827,0.9934204226252816,0.9950838651840818,0.9934093113608733,0.9578008067273538,0.12340354012731833,0.9930721452871558,0.9762975661115424,0.9898044710051876,0.9982125965440571,0.9947294577500914,0.9917036594199026,0.9822530906927911,0.7833085581137101,0.9985349097804127,0.00015951145582411702,0.9985946598762222,0.9876698305177516,0.1312064925788804,0.9790816086831431,0.992266990746035,0.9960221107680939,0.9991954246323271,0.9900003362091833,0.99436350389826,0.9662216704420037,0.9972635935170175,0.9659527658025637,0.05268195783674323,0.9979697017589721,0.9919300862009722,0.9459401856937292,0.954069112563774,0.9963995801187658,0.9830016524757664,0.9883506421920885,0.987039408229061,0.999604429939944,0.9809935192780436,0.9908764487880539,0.9894938852529932,0.9968961342923374
CNND,0.9844638326328222,0.9611847782585549,0.24018752130145613,0.9539184116223366,0.17869482653495133,0.9167282158105476,0.980163720928672,0.9870271571900691,0.9937257044582007,0.9723542160030588,0.989834246338775,0.9819245848655078,0.9805727407150892,0.9609101938324439,0.9776024550649978,0.9830874246337383,1.0000000000000002,0.99506278266553,0.991784629035001,0.9775357102425266,0.969173480914408,0.9830406279837969,0.9758096305409087,0.9773154866705966,0.9785544720442647,0.970250756287727,0.9800584022531436,0.9614053330782051,0.9490952569118931,0.9748549052889399,0.9776794563399761,0.9875819162484959,0.9885871839333668,0.2793558078977245,0.9834673183866037,0.9777625231933227,0.9640657841536894,0.9790126356568816,0.9801159117590426,0.9681353182977193,0.948329391333318,0.8243584349329285,0.9798847944517134,0.1524486463111081,0.9860144865971062,0.9822190674952682,0.2868764718544005,0.9427246257234836,0.9781830931575372,0.9752789210839309,0.9852954478332648,0.9654346124319744,0.9778487452175466,0.9261004424497561,0.9769545791828743,0.923938272124836,0.23127145763847673,0.9865883520652943,0.9857747086275492,0.9586536139468455,0.9906488802201898,0.9740775544043379,0.9819635969970307,0.952749610050057,0.9573350691968096,0.9867405132834516,0.9473933408348268,0.987108354061672,0.9857933739904797,0.9744802151369047
COF,0.9938975740181228,0.9783305413274357,0.2359047714068758,0.9704914469358278,0.17836535686486032,0.8831522035682846,0.9918046103455823,0.993903537494613,0.9967861870634444,0.9844799319724439,0.9969137361568803,0.9925310185099389,0.9923551443624132,0.9772773715466363,0.9797017868720453,0.9922094094360511,0.99506278266553,1.0,0.9838517583440749,0.9898802900738815,0.9823309781378435,0.9935579940441417,0.9892461153396453,0.989568571014682,0.9907359428855262,0.9849739628605445,0.991994539808757,0.9771080782089515,0.9421933492827078,0.9874666863146652,0.990796054009634,0.9968011768272659,0.9783237952863564,0.2124536692196012,0.9917028135667861,0.9812843793766775,0.977852948093872,0.9906198903703397,0.9900766613040736,0.9828912649961945,0.9670082460864393,0.8319934486057246,0.9909722968772906,0.08255906876222113,0.9950752317146405,0.9859792784600651,0.21927471861784287,0.9684439681657625,0.9900803367190371,0.9884710730592867,0.9950633597863914,0.9824311597381814,0.9903264198102951,0.9481576221343646,0.9889007530640155,0.9442873707772964,0.15625216770619105,0.9955074933287665,0.9938840981089824,0.954953402662201,0.9781338961860483,0.9871337368923935,0.9882977968587865,0.9709901871177091,0.9730696910746579,0.9938721930977353,0.966192205820102,0.9918446425373524,0.9951007421914474,0.9877004573089668
DFS,0.9646251473934978,0.9355821600113304,0.19225993655292903,0.9304300110836617,0.11531161836189219,0.9057213450975747,0.9633235706758243,0.9720472960182451,0.9846773027260465,0.9590677261926224,0.9783570804635783,0.9678449619075778,0.9629176926136289,0.9395312171019544,0.9694762411879182,0.9725614131767308,0.991784629035001,0.9838517583440749,1.0,0.9619719523747277,0.9515932322583455,0.9628206140618254,0.9555652735908924,0.9613272322516326,0.9610915179117441,0.9464160289020433,0.9603164041897454,0.9350125894659858,0.944247960768509,0.9552458248485416,0.9620802130345806,0.9702873023562129,0.9697469719602381,0.2598527636221745,0.9734825214465732,0.9712058397462521,0.9444470759902165,0.9629869751861014,0.9594627238758106,0.9444175529544038,0.9206925418422236,0.7868679034248663,0.9647538022528279,0.2038492416265972,0.9755771925386877,0.9770191370980899,0.28300951968382165,0.9239332893468645,0.9602470188180944,0.9580162147059819,0.9727450838546176,0.940451868148719,0.9578083570807936,0.8964760063038234,0.9589993015347761,0.8964110858129773,0.24723266493086413,0.9709201486900987,0.9767849010965537,0.9624842318973771,0.9904947818055561,0.9584607278642847,0.9732287774021903,0.9310499327998265,0.9341895918569216,0.9783772776451107,0.9188181780987993,0.9822714255926425,0.9696106238996821,0.9569636690846974
EWBC,0.9960532080641801,0.9941295313634172,0.14861198582984078,0.9888954097710526,0.09542599475322934,0.8258703538439198,0.9995998504476339,0.9910925818798699,0.990892775967577,0.9987752532746971,0.99607295459575,0.9978936395616474,0.9973257673105858,0.994943398254969,0.9704056816033434,0.9986513032905849,0.9775357102425266,0.9898802900738815,0.9619719523747277,1.0,0.9975017938890652,0.9962749732133603,0.9970190136115049,0.9984599097231613,0.9987306620816231,0.9961674033082133,0.9946018861459583,0.9926050900385146,0.9164664291548708,0.9970119773874143,0.997143545906097,0.9939375260130746,0.9552318723480704,0.1112023648761001,0.989654832958047,0.9734113336945656,0.992486692117312,0.9994734000873309,0.9976377055899691,0.9964107467223361,0.9895466939910521,0.783362067227967,0.9991698273240183,-0.034729893488449626,0.9965041668315614,0.9846167325741574,0.11263743354760754,0.984206177239169,0.9946865627788336,0.9985854132756462,0.9983714793905244,0.9949743960820415,0.9976442569067028,0.9738017310070474,0.9993370421237189,0.9733306196369482,0.029649919603915244,0.9984253690047324,0.9901462560841165,0.9387108354846083,0.9454199927531961,0.9985205865429293,0.9804144422849815,0.9938364018663208,0.9916481490888569,0.9972191946552501,0.988685508572535,0.9872552501602649,0.98975816343735,0.9994183537493248
FCNCA,0.990765162719446,0.997075330166625,0.12873130937868094,0.9956328252412324,0.06448002591063395,0.8195259247982237,0.99765382037843,0.9811182709843671,0.981419765250165,0.9983697645507762,0.988725555166288,0.9970404691727235,0.9915652995660724,0.9989150017589586,0.95415037723172,0.9951488737171301,0.969173480914408,0.9823309781378435,0.9515932322583455,0.9975017938890652,1.0000000000000002,0.9933293172020038,0.9916974465671397,0.9985394169954914,0.9979478705350585,0.9974067304720633,0.9868007272714168,0.9965916585668162,0.9181958746373929,0.9936364153605411,0.9918471241200146,0.9856145172768389,0.9509238207474353,0.10800413498675565,0.9859006898885182,0.9564370455791265,0.9978612826680188,0.9985083712891595,0.9960181839740673,0.9980582611793566,0.995168422583936,0.7716762346450184,0.998341999556929,-0.08716487330679909,0.9905915719937771,0.972910803891113,0.11925812408943781,0.9800945592588831,0.986975526584278,0.9949828251587076,0.9940563100045549,0.9961990857965998,0.9939565745711653,0.9850535274559361,0.9988525714534308,0.9860697563908905,-0.0033452740424242625,0.993565545859707,0.9786725970963057,0.9158323133247824,0.9306162813303325,0.9948334647790701,0.9646438103595416,0.9973079321085188,0.9977246992625816,0.9934406202717305,0.9943480668706248,0.9760118329719207,0.9785693600346623,0.9979945285283115
FFIN,0.9960238235292651,0.9936106322490522,0.22940833043668574,0.9889728843998696,0.17083153809189672,0.8500322554524256,0.997707296434391,0.9894039406577632,0.9898169812757849,0.9916887615727162,0.9943946879724885,0.9974761050088083,0.9945053266682831,0.9922963169424884,0.9647568389865316,0.9947394424952124,0.9830406279837969,0.9935579940441417,0.9628206140618254,0.9962749732133603,0.9933293172020038,1.0,0.9940976171746355,0.9971333406340898,0.9983605672825874,0.9968018279550375,0.9935239034578849,0.9933456711929167,0.9371300372346695,0.9925002456177386,0.9923199725267023,0.9965295666254746,0.9678074054298554,0.1767518399869829,0.9936540873807342,0.9679298592249568,0.9918813091274276,0.9968749835208653,0.9963774950426062,0.9951381068162406,0.9863611201829394,0.8310075555719675,0.9972258446754793,-0.009408817646008491,0.9957286715477626,0.9763920834779156,0.16943778862853182,0.9756652364968595,0.9909399431170354,0.9933726191216069,0.9971964231974948,0.996053738026072,0.9951363403765955,0.9745300203471867,0.9966002404315804,0.9707247370520653,0.080014221581901,0.9974444986322537,0.9868616337693844,0.9295720425109567,0.9532451129400225,0.9918570226665425,0.9779914727778531,0.9865290192000796,0.9898203039342592,0.9937957116146369,0.9861266921254026,0.9816521441658012,0.991296058798446,0.9948863998418531
FHB,0.9986854632466449,0.9914748245198122,0.16256371632353261,0.9807331116881959,0.13289587405928788,0.8294723361157919,0.9967247396380611,0.9957088388678808,0.9908393381974914,0.9939173197183119,0.9953260959137957,0.9922105325329631,0.9996119544443949,0.9891550349492838,0.9793069217997344,0.9935506043341494,0.9758096305409087,0.9892461153396453,0.9555652735908924,0.9970190136115049,0.9916974465671397,0.9940976171746355,1.0,0.9929357666462914,0.9943862671867587,0.9939297439588769,0.999087624398493,0.9890635168534265,0.8975932519722531,0.9992276475904753,0.9989405416510123,0.9958628799440215,0.9571080476759241,0.11503810859554237,0.9810896921305099,0.9804981097708239,0.9841839600072035,0.9957291371362554,0.9975306306182079,0.9945555648292028,0.9866607033022544,0.7870582572180861,0.9942595797179183,-0.02053847395124848,0.9920768697114214,0.986997857452635,0.10765680225259708,0.9870740127429126,0.9990998414246496,0.9990859345353068,0.994593473865241,0.9928048313202348,0.9995472142561244,0.9648657085420174,0.9962356466819784,0.9634351853050559,0.04741782238389479,0.9975751026192972,0.9926610906235566,0.9475687664729289,0.947306207558632,0.9983461612211019,0.9856574009839787,0.9905451506424592,0.9851702021406123,0.9916853631457554,0.9861548807251493,0.9883569638474253,0.9943738763831349,0.9976419012465664
FITB,0.9931795005443771,0.9958126134449518,0.16992308777003545,0.993836011517859,0.10121715910971044,0.8324797696668208,0.9991771525822088,0.9853668732905733,0.9870602289331591,0.9972877085238238,0.993125336299085,0.9996375266842943,0.9935907971808037,0.9971864795223736,0.9596039590154725,0.9974963355777032,0.9773154866705966,0.989568571014682,0.9613272322516326,0.9984599097231613,0.9985394169954914,0.9971333406340898,0.9929357666462914,1.0,0.9997925452760724,0.9976061706468108,0.9900194452493485,0.9951280212549859,0.932192214094932,0.9933079419916432,0.9933757168344449,0.9913370669620776,0.9576580040204169,0.13101299086202353,0.9929912457337637,0.9627617063282485,0.9968845175454787,0.9994481945720005,0.9962266435857012,0.9969840973087422,0.9908906478010899,0.7986969667983457,0.9997753022120391,-0.049859173492925554,0.9956453625706614,0.9763643339382596,0.14134419002927076,0.9808015565500882,0.9891563010539596,0.9952311757386382,0.9977377122299432,0.9966194538198153,0.9948028222679159,0.9810778507855263,0.9990357623239688,0.9798050717405715,0.02937349765935836,0.9964787204295671,0.9844501848063434,0.9240617744252259,0.9425900393762853,0.9947028944287806,0.9723250947088279,0.9931670794936447,0.9950691819631058,0.9964417851431766,0.9900512762399641,0.981237286695811,0.9851752261894922,0.9977457116395377
FMAO,0.9947648989562993,0.9961512166304708,0.18201418779055287,0.9931625667672874,0.11783133525426039,0.8350214671644168,0.9995030681417476,0.987312694285138,0.9882506511779883,0.9967289588285811,0.9940560011823625,0.9994636805736128,0.994825594310767,0.9967265825216397,0.9620213735396705,0.9973702437490145,0.9785544720442647,0.9907359428855262,0.9610915179117441,0.9987306620816231,0.9979478705350585,0.9983605672825874,0.9943862671867587,0.9997925452760724,0.9999999999999999,0.9981660382073447,0.9919894375191083,0.9954651588721465,0.9313839348926927,0.9942432489866999,0.9941407463061221,0.9933248591188507,0.9598024406540672,0.13798733951449182,0.9930880679668953,0.9651595634913583,0.9960485337938315,0.9994629784980146,0.9971030774506294,0.9974089157477509,0.990859665300299,0.8052936773118904,0.9996883765010549,-0.04249588952008765,0.9961055865929501,0.9773311337093464,0.14290613565942825,0.9809972262232182,0.9907920820767923,0.9958389557874167,0.9981145110329205,0.9972974895115415,0.9959042615529681,0.9800962986918048,0.9991824531456296,0.9782549570224414,0.038308214848176786,0.9974109846871804,0.9858711034584545,0.9264860400004408,0.9447696316472884,0.9950900039893845,0.9746792813130379,0.9926923339315508,0.9944446290701182,0.9961827648235775,0.9901844330229024,0.9820448132249479,0.9875462445887129,0.9979618265076242
FMBH,0.9938004687257284,0.9993540906224806,0.1864037957876511,0.9956364421750811,0.1305033199585662,0.8289077497341256,0.9974335324272134,0.9832486649294552,0.9807948183998874,0.9939709928225603,0.9883987984280919,0.9961829818225618,0.9931160044608909,0.9981247398608218,0.9544312730745919,0.9918730514144376,0.970250756287727,0.9849739628605445,0.9464160289020433,0.9961674033082133,0.9974067304720633,0.9968018279550375,0.9939297439588769,0.9976061706468108,0.9981660382073447,1.0000000000000002,0.9905199468853976,0.9989721274239189,0.9206831900567379,0.9943533524740108,0.9921519007189602,0.9898125349785883,0.9573624659351057,0.13722302521699467,0.9858467339708353,0.9562191462783994,0.9966362985937919,0.9974358643014479,0.9972083959505659,0.9996179651549502,0.9960733221870567,0.8055930298083948,0.9970021088939286,-0.08212430321537863,0.9895536385680166,0.9688994141319812,0.138683734638205,0.9814855387921394,0.9889255065897412,0.9945298110978267,0.9932954261339597,0.9996235934117423,0.995783364941967,0.9865736378261135,0.9981147456240512,0.9846217047134551,0.019337611389239503,0.9941763564484772,0.9789090021037675,0.9121791188161197,0.9328372124490973,0.9930755472626521,0.9662122282953544,0.9951255879334241,0.9970884807229718,0.9897867635168738,0.9958593142664105,0.9733031816595688,0.9832887133219074,0.996968784728371
FNB,0.9987497067481023,0.9867503064175939,0.1890030687358809,0.9742675623935811,0.1622192238457401,0.8404196879312441,0.9946649210582716,0.9980167619100316,0.9933628789484771,0.9898885022012344,0.9963486079793142,0.9901535968140633,0.9992420005737541,0.9835812996354323,0.9844470966885497,0.9919880987664017,0.9800584022531436,0.991994539808757,0.9603164041897454,0.9946018861459583,0.9868007272714168,0.9935239034578849,0.999087624398493,0.9900194452493485,0.9919894375191083,0.9905199468853976,0.9999999999999999,0.9840587948538162,0.9006585745725946,0.9972230033539088,0.9980607055535761,0.9979011928610942,0.9613858018789794,0.1344307554974767,0.9814423304029606,0.9856446160685898,0.9786097057918055,0.9930858683056941,0.9954035764277749,0.9905030766316676,0.9798077924477874,0.8012857880916165,0.9916743605428608,0.015703543817910722,0.9923458943829565,0.9891018354167183,0.12501566056005575,0.9846342492216085,0.9994617736705523,0.9970640300019844,0.9939977672869785,0.9892649621797728,0.9981436454220476,0.9559759916975173,0.9932141614555774,0.9531610217557807,0.0794414268344508,0.9972608383159907,0.9954586255386384,0.95571399399944,0.9557662205072893,0.9960163313280177,0.9907035204961137,0.9840578576538953,0.9787767376915504,0.9906384804393317,0.9793107122188048,0.9910057269350148,0.9977938572189013,0.9946292509766737
GBCI,0.9886097120057488,0.9996045904607666,0.1782776672190553,0.9979694459187196,0.11919642629600831,0.8183311649423846,0.9939346659236286,0.9749156638771113,0.9721610496963303,0.9912723048217628,0.9813096100031822,0.9928628509930857,0.9874918789424648,0.9986070272957046,0.941719444929532,0.9870906772322865,0.9614053330782051,0.9771080782089515,0.9350125894659858,0.9926050900385146,0.9965916585668162,0.9933456711929167,0.9890635168534265,0.9951280212549859,0.9954651588721465,0.9989721274239189,0.9840587948538162,0.9999999999999998,0.9170405185540271,0.9902630537519583,0.9863693926239065,0.9829564356567241,0.9510626113265555,0.13350909079196108,0.9808641790970143,0.9435504185309952,0.9975626490170358,0.9943718032475013,0.9942601303751463,0.9988596153323472,0.9982288981860665,0.7980993724979603,0.9940102067582309,-0.11738071275416394,0.983487839418517,0.9587873239065533,0.13293759023347929,0.9761212608653946,0.982291085614927,0.9901467007033665,0.9881666673500433,0.9988875096686747,0.9915239562148144,0.9920503093102644,0.9955745939867104,0.9908140963484784,-0.0036573574369250343,0.9889817265855811,0.9692199895467857,0.894996340404859,0.9197274004864078,0.988609458288835,0.9543743971950378,0.9954751494311541,0.9988261490858483,0.9844322113314331,0.9982421104959417,0.9630267807495929,0.974507452324543,0.9938992196363214
GS,0.9124083409097299,0.9118541569903015,0.38471287523724457,0.9248311610384206,0.23182382808394625,0.8914730698919471,0.9236918436308243,0.9023405395349777,0.9238264951566622,0.9094280279494791,0.9233116245012526,0.9387646821263058,0.9043282742717957,0.9162512908477429,0.8663012266869881,0.9268558153019827,0.9490952569118931,0.9421933492827078,0.944247960768509,0.9164664291548708,0.9181958746373929,0.9371300372346695,0.8975932519722531,0.932192214094932,0.9313839348926927,0.9206831900567379,0.9006585745725946,0.9170405185540271,1.0,0.8952206769687737,0.8997176473370911,0.9239904924187162,0.9423852162646186,0.3795666255727826,0.9594097644042143,0.8727139672612585,0.9318952870933938,0.9238795166973394,0.9144464085074887,0.9122906193994889,0.8941208698411247,0.886164853919899,0.929894390599988,0.11685695620152763,0.9353630416110833,0.8864319876199687,0.4085664270935523,0.8640157383721364,0.8923567401769263,0.9000004949606856,0.9321376875995878,0.9182405886329582,0.9043041872362971,0.9068527864688951,0.9193235666949131,0.8980657973031051,0.2426522829009447,0.9232383180988657,0.905356780445081,0.8357058635863872,0.9296860833723352,0.8970651765142871,0.8928393838767885,0.888893321909649,0.9171211596080517,0.9323307807559041,0.8934529695775848,0.9039384162090665,0.9110981484433412,0.9086517413919354
