Ticker,ABCB,ABTX,AJX,ALTA,ARI,AXP,BAC,BBT,BK,BOH,BOKF,C,CFG,CFR,CIT,CMA,CNND,COF,DFS,EWBC,FCNCA,FFIN,FHB,FITB,FMAO,FMBH,FNB,GBCI,GS,HBAN,HOMB,HTH,HWC,IBKR,IBOC,ISBC,JPM,KEY,LARK,MBWM,MCBC,MS,MTB,NAVI,NKSH,NTRS,OPY,PACW,PBCT,PGC,PNC,PNFP,RF,SCHW,SFBC,SIVB,SLFC,SRCE,STBA,STT,SYF,TCBI,TFSL,TSC,UMBF,USB,WAL,WFC,WSBC,ZION
ABCB,1.0,0.9995729686438071,0.7202191170244017,0.9983983467612929,0.6909448102088223,0.9321022219372465,0.9874811437751622,0.9991211610907392,0.9928210857445279,0.9968762292687184,0.9983364503779568,0.9767278793085515,0.9995305444780436,0.9985576725695062,0.9974366144432166,0.9970011138897508,0.9492210374727418,0.996119290259495,0.9817142283524558,0.9982630079056912,0.9979660029631491,0.9988076306914301,0.999218597194611,0.9975373581707422,0.9987591815959489,0.9991807690985055,0.9992241068329579,0.9996401333356228,0.8634750948288155,0.9989055999407196,0.9990236750935361,0.9843186858050519,0.99895610110728,0.7226108052380283,0.9936409470061953,0.9971967386935712,0.9835235768373515,0.998221207471474,0.9997411815463616,0.9978530667946885,0.9985666777909946,0.8954335918221259,0.9983740906134471,0.7239258501602803,0.9965868854873345,0.9974489751715847,0.5043761151319942,0.9904541341653481,0.9992944480701742,0.9984641825724442,0.9973857710385415,0.9993703781254699,0.9995975726201216,0.9900352839028034,0.9990853262944982,0.9977504956708371,0.706200267846298,0.9993265391420137,0.9987530016608722,0.9963013948387109,0.9857436052592007,0.99775688267402,0.989803127331542,0.9969772864365266,0.9983643587421586,0.9954675570436826,0.9981733810296612,0.9948730031942998,0.9991123270556671,0.9988023800119266
ABTX,0.9995729686438071,1.0,0.7183155617690312,0.9989104888560544,0.6875961462857384,0.9254474280292995,0.9885943952353332,0.9991329250245599,0.9930178095512039,0.9980199657899005,0.9985482568560226,0.9778560480828478,0.9998655908320204,0.9993956833831916,0.9977452657617769,0.9976378519869784,0.9493474557621754,0.9951813722016872,0.9799162442731876,0.9991570922945849,0.998716437754818,0.99861008855462,0.9998587259756171,0.9980128199941096,0.9988953534310668,0.9993904369061473,0.9996433440256364,0.9997722405004438,0.8643370294584152,0.9993941692898769,0.9986817879468921,0.9802203945105179,0.9996716355824237,0.7250240141613613,0.9936572714915114,0.9979516976301207,0.9845996701729335,0.9987172779071459,0.9994568196739084,0.9984715188059046,0.9993765411742812,0.8956999542144417,0.998749362900542,0.7261675075845054,0.9969769786219539,0.9982432725592416,0.484240568250179,0.9931961430630732,0.9998958934410918,0.9993927815545567,0.9977935391285842,0.9997305226797855,0.9998702818318901,0.9913369731326866,0.9994045423635519,0.9987629364859018,0.6987184745575069,0.9993082567004702,0.9991756995160321,0.9970441702552967,0.9827534638903564,0.9989897487956935,0.9908887884736508,0.9985614316902524,0.9989527996664608,0.9959627867723154,0.9990559937709902,0.9956141800951461,0.9990720181845046,0.999555405162534
AJX,0.7202191170244017,0.7183155617690312,0.9999999999999998,0.6983043332392902,0.9816114423618365,0.8533113117705698,0.8015513197827621,0.7438306090105468,0.7827445979967976,0.7051519970734501,0.7355880383047143,0.8310273517081973,0.7289578257815092,0.7198974171168193,0.7534876452265838,0.7146333081796215,0.8822356668821748,0.7613142706921734,0.7823123900732986,0.7084581267893661,0.7070452431996054,0.740714349831473,0.7097780097289256,0.7389012980907775,0.7145617980900939,0.7406220423293965,0.7351836164885761,0.7282325046719529,0.9455129477609985,0.7252301439347254,0.7352906833459601,0.7863962494628981,0.7219476253818042,0.9575524704480075,0.7397242218150862,0.7548576341231176,0.8097588854534413,0.7313341029962883,0.7143409114950907,0.7467587937389586,0.7073846691388268,0.9344599486899555,0.711766934657689,0.9615005394197434,0.7084612847139785,0.7245724844834834,0.6961721331265855,0.6994112821312056,0.7199237684649129,0.7253682937759458,0.7377552242950547,0.7306859064686227,0.7169056524596509,0.7894544327674957,0.709489872256924,0.7095521260589782,0.959945894185733,0.7253856321891754,0.7132494223468715,0.7492496925185189,0.7893157314980788,0.7236577508677712,0.7991201296734542,0.7056031579302745,0.7318709243373941,0.7405721753999788,0.7033746969697834,0.7601916386499942,0.7325191084743747,0.712716067888021
ALTA,0.9983983467612929,0.9989104888560544,0.6983043332392902,0.9999999999999998,0.6618806960284562,0.9194401981924376,0.9851168597894303,0.9972856472611937,0.9911438194329398,0.9991895966757207,0.9984503566208751,0.9736803587951277,0.9984598739194349,0.9992935696454347,0.9953799345541312,0.9991665616671792,0.9426137422615327,0.9940605460660925,0.9811838648684315,0.9997608676138875,0.9995524534733001,0.9978165423426734,0.9987784340315763,0.9980047356658943,0.9995151764948962,0.997718951814818,0.9975328651247063,0.9985338445339071,0.8539234616079256,0.9978656027168725,0.997720841216716,0.9773240821102326,0.9987207246040363,0.7078513887930371,0.9950854590739567,0.9961124150507141,0.9812468963261475,0.998587081767209,0.9988825736097277,0.9964332298375667,0.9982610886263145,0.8855892876710342,0.9997104851431156,0.7100898692967992,0.9987266490071328,0.9984577805391592,0.4765586116110676,0.9913032189614104,0.9983683161154551,0.9983953235196126,0.9980303503261352,0.9982464220071827,0.9988110453961636,0.9878992832368113,0.9997890564220837,0.9987560383833337,0.6830338361769849,0.9991354636255988,0.9994363631440824,0.9962504461914574,0.9815129427386081,0.9982342623566026,0.987283017278528,0.998038244370309,0.9983173656009482,0.9967898460141063,0.9979295867847783,0.9946202428649049,0.9976774040146228,0.99942254918379
ARI,0.6909448102088223,0.6875961462857384,0.9816114423618365,0.6618806960284562,1.0,0.8120399385358784,0.759647417487022,0.7114368647988809,0.7412491783483655,0.6631954914994417,0.6976850065613728,0.7848300299939164,0.6976966818024732,0.6828949623137112,0.7180465463244192,0.6730654369789072,0.833466657852619,0.7253649060891469,0.7302441629603738,0.671199911116161,0.6673125165692501,0.7079728830510303,0.6800561827209227,0.6989328967295665,0.6791731841026496,0.708245872023034,0.7061833639433723,0.6966118193682277,0.889427364431626,0.6919412191235746,0.705747005713757,0.7523190212604614,0.6874749154909506,0.9038919699706318,0.6995151734439017,0.7186864190485713,0.7642074881464421,0.692156466155683,0.6819054368678136,0.7117091527399809,0.6757849763912396,0.8842699399223567,0.6734485337946204,0.9049421567712976,0.6709095918652519,0.6830644964076875,0.664783605646746,0.669964233264503,0.6899467147878162,0.6896543565567235,0.6986556915947966,0.7009476998625229,0.6850949165145238,0.7494863817643863,0.6734169801906106,0.6713486327313728,0.921810441010837,0.6906356493615491,0.6789258349465498,0.7076040220321026,0.7487076360059531,0.6862995627491568,0.7619428847865608,0.6693479665862162,0.693915382094494,0.6956144532376761,0.6724878797583655,0.7174136586349079,0.7043579976997103,0.6766655616200958
AXP,0.9321022219372465,0.9254474280292995,0.8533113117705698,0.9194401981924376,0.8120399385358784,1.0000000000000002,0.9517580465351843,0.9392447393775385,0.9536470048001395,0.9212317341159423,0.9362787520259036,0.958287178108997,0.9303622277344433,0.9263014677684074,0.9433510576583253,0.9261722933973378,0.9706365188349131,0.9512210067741996,0.9657116422148269,0.920908220951752,0.9242052100279703,0.9369165881103736,0.9200985890199262,0.936500675304713,0.9268524136404086,0.93617529015469,0.9302472881157928,0.9319746857379205,0.9377737190213612,0.9308348318098367,0.933509450879171,0.9801675076136147,0.9276644560289123,0.8441229103867095,0.9331798693321032,0.938564884443241,0.9553339716903976,0.9344983848755936,0.931485709713246,0.9377235438663597,0.9201993052748196,0.9551861593556626,0.9265138957239143,0.8475654667429555,0.9206080623537671,0.9317928727676359,0.7671574441599418,0.8955528342271603,0.9246527699608981,0.9280454930955057,0.9346949917445422,0.9286337027880824,0.9278440496168224,0.9466218321842156,0.9261145493351439,0.9231288931172841,0.8941444467264039,0.9328781191042987,0.9237789297969434,0.9404917178990918,0.9741455107205369,0.9257536431546266,0.9473989824727104,0.9158725997489756,0.9341026446375652,0.9388056185964418,0.9174460457467273,0.9439835137143238,0.9301038440781065,0.9245021893321487
BAC,0.9874811437751622,0.9885943952353332,0.8015513197827621,0.9851168597894303,0.759647417487022,0.9517580465351843,0.9999999999999998,0.9931810656650454,0.9984794375259931,0.9884416023686479,0.9923084359212898,0.9981559372169316,0.9906628149701188,0.9905794893206242,0.9957089626300094,0.9885602272681691,0.9849703572801851,0.992785785712973,0.9880351116760068,0.9880522576931606,0.9883841577828019,0.9911699828417416,0.9868370618262677,0.9934160618704069,0.987284260823478,0.9928112235999621,0.9910961388945424,0.9904556468477872,0.9293815567390817,0.991051393550764,0.9888985824244619,0.9832501206320027,0.9907486818116972,0.8183837164174702,0.9878811682636685,0.9961333131069303,0.9995665844262575,0.9926714809602077,0.9875481510318826,0.995008853236701,0.9872204195216343,0.951119948236012,0.9879973604875345,0.8200631637158158,0.9845796465178678,0.992184178478602,0.5363008719731506,0.9807325223116953,0.9889432173196886,0.9918154987328772,0.9922882704969662,0.9901226284747977,0.9887641732250662,0.9996649479691315,0.9877201300792144,0.9892158215761768,0.7819247797747307,0.9898248255924639,0.9873083901824016,0.99602256104357,0.988021270737376,0.9919321183728218,0.9992706442991086,0.9882593259583176,0.9930103524256332,0.9934908019383497,0.9860974275240803,0.9971468522984115,0.9886531241991932,0.9891623814920322
BBT,0.9991211610907392,0.9991329250245599,0.7438306090105468,0.9972856472611937,0.7114368647988809,0.9392447393775385,0.9931810656650454,1.0000000000000002,0.9966999845122707,0.9969947080066531,0.9991605571948766,0.9847376965287425,0.9996548611744722,0.9988664808359563,0.9993995491679579,0.9971672013179622,0.9608867970724854,0.9976906153892753,0.9855218369761117,0.9979657122376946,0.9977892383713056,0.9992240251450379,0.9984087321648001,0.9988561441725312,0.9981739510600027,0.9999537904927411,0.9995745462914193,0.9996253969796002,0.8828986042035492,0.9992163708202835,0.9988187940074383,0.986213093782964,0.9992215336237954,0.7495512842039264,0.9945976988352909,0.9993519880312007,0.990074240005277,0.9991352790677761,0.9988824243405682,0.9995023544949584,0.9979610859743074,0.9122701510170254,0.9980337360206067,0.7509656268704075,0.9958841051936286,0.9984217765632606,0.5133838804880844,0.9906936181729534,0.9990553088890727,0.9991294142422487,0.9984475799404333,0.9994275580871599,0.9991514874450845,0.9949789924140338,0.998484445344043,0.99782887576186,0.7274237816238489,0.9992364377641504,0.9982152690998802,0.9986109456649137,0.988531560712653,0.9986374355823675,0.9948030439478854,0.9970735831665475,0.9993252470085545,0.99729310811225,0.9973557984622885,0.9978842152765572,0.9988947372104664,0.9986696213008304
BK,0.9928210857445279,0.9930178095512039,0.7827445979967976,0.9911438194329398,0.7412491783483655,0.9536470048001395,0.9984794375259931,0.9966999845122707,1.0000000000000002,0.9929318407673634,0.9968470088450245,0.994774610886387,0.9946730741293713,0.9947035627182756,0.9977298295286959,0.9941103764854038,0.9783778890239027,0.9974897020729038,0.9930975173373459,0.9929312591755585,0.993233011448165,0.9960803732584778,0.9912354914176672,0.9974378685805279,0.9933167846897655,0.9963749234409666,0.9945515381951637,0.9947035865477342,0.9149314166543753,0.9943006568651678,0.994338528623785,0.9885966272372356,0.9944015508868403,0.7924389988988386,0.9941413271241035,0.9982178544676917,0.997421089790368,0.99664537631585,0.9928757004948348,0.9971518661806493,0.9909894906900725,0.9391448716626275,0.9936655234713856,0.7951672817561024,0.9914283916942702,0.9959070531858896,0.5456571815163441,0.982772938910295,0.9928226149532288,0.9949617486375931,0.9968342588006651,0.9942963715080657,0.9931319703267625,0.9983861860764697,0.9931284379695259,0.9929525877251665,0.7691344264105205,0.9950588442537102,0.9928698564704227,0.9984770711018123,0.993153743223667,0.994792750036602,0.9985837879433036,0.9912530254397766,0.9964579806636585,0.9975841196118018,0.9898548824510867,0.9991852674240133,0.9936572894536725,0.9935127049117248
BOH,0.9968762292687184,0.9980199657899005,0.7051519970734501,0.9991895966757207,0.6631954914994417,0.9212317341159423,0.9884416023686479,0.9969947080066531,0.9929318407673634,1.0000000000000002,0.998388685722444,0.9783987562972226,0.9977999638383671,0.9994453875055216,0.9963358889742181,0.9991790616872629,0.9491720621370524,0.9934878560220762,0.9827013500459645,0.9996004181405838,0.9998616860620225,0.9967379659660569,0.9978303321866284,0.998485581198598,0.9983913473669526,0.9973885698179805,0.996773216329327,0.9978429150681619,0.865063474466885,0.9980595236486209,0.9959059113788323,0.9764047270303284,0.9988051290895802,0.7246314370765534,0.9941488961708113,0.996997554026136,0.9854257031632253,0.9990916466067146,0.9979146219627985,0.9972768211262891,0.9980216286593308,0.8947267224095505,0.9992689334888931,0.7266050030172386,0.9973831746243245,0.9995163764256297,0.47412550585590796,0.9913718318462692,0.9976624194867177,0.9988992385359151,0.9980464864678532,0.9972023397583307,0.9982008884814098,0.9909172760120435,0.9992277881129739,0.9994756046054865,0.691065988969506,0.9983373989784502,0.9984058323192757,0.997815492498726,0.9814521807379862,0.9991278159555966,0.9893613138273278,0.9988465638683147,0.9989650842565048,0.9979506416870718,0.9976309181632659,0.9964540015173512,0.9958979659799954,0.9994127454299045
BOKF,0.9983364503779568,0.9985482568560226,0.7355880383047143,0.9984503566208751,0.6976850065613728,0.9362787520259036,0.9923084359212898,0.9991605571948766,0.9968470088450245,0.998388685722444,0.9999999999999998,0.9840205994110905,0.9990018876151421,0.9993532171982287,0.9982004083736331,0.9992624745933737,0.9589159529925083,0.9981332499365806,0.9887254675776779,0.9989253528724968,0.99881201264624,0.9994872271847394,0.9976422401577973,0.9998960845637704,0.9993195879104962,0.9992774237023578,0.9984052143785678,0.9990090059368221,0.8801987105757585,0.9981638837163568,0.9988305703268158,0.9846270350571229,0.998853748656929,0.7423636282168299,0.9974914921655669,0.9989172874887143,0.9894635713753698,0.9997785057870088,0.9984600586312679,0.9985216274106495,0.9969644319398453,0.909036714430262,0.999396523641037,0.74508400478529,0.9982534992072132,0.9992261959429611,0.5098537051856356,0.9897457199251961,0.9980915002566252,0.9987849003692177,0.9997986775364516,0.9988429143871271,0.99843692222518,0.993809206542591,0.9991255148171814,0.9979883932973381,0.720697634086449,0.9997117832224717,0.9990626000909142,0.9990254698870159,0.9891196684341483,0.9985464378822594,0.9939269198286984,0.9967817632098,0.9994134759556283,0.9992101560049854,0.9962375067664698,0.9984559262904702,0.9985103271512368,0.9989059103459202
C,0.9767278793085515,0.9778560480828478,0.8310273517081973,0.9736803587951277,0.7848300299939164,0.958287178108997,0.9981559372169316,0.9847376965287425,0.994774610886387,0.9783987562972226,0.9840205994110905,0.9999999999999999,0.9808510007690872,0.9808864578371382,0.9885497472541475,0.979198869582822,0.9931940468097475,0.9865385135589164,0.98676503623862,0.9775201513366647,0.9781144332223473,0.9825447987146562,0.975318996433303,0.985713502514147,0.9769754800105998,0.9840964103708069,0.9814666291665423,0.9806300365284312,0.9496478226771213,0.9812752389530939,0.9793993418536275,0.9796455718001683,0.9808731472414612,0.8492239356605827,0.980561303508508,0.9891763456009669,0.9991633980415796,0.984221772031954,0.9767701614551363,0.9872247624218456,0.9758070241617253,0.9674442426298686,0.9778952725650724,0.8515265779419829,0.9742170460623825,0.9835644004592554,0.560300649056046,0.9689103129722467,0.9782566592125622,0.9823783261906546,0.9843713917864092,0.9802460391629972,0.9780887335538175,0.9964148489562812,0.9770724711620286,0.9789385796272468,0.8126817091284139,0.9802457991938586,0.9767652639847977,0.9894386919788171,0.9855502707750259,0.9826335797964635,0.9964026817801929,0.9774254879946029,0.9844182632593447,0.9867637066855378,0.9742989632630671,0.9916797982962876,0.9787395519923705,0.9787826397457667
CFG,0.9995305444780436,0.9998655908320204,0.7289578257815092,0.9984598739194349,0.6976966818024732,0.9303622277344433,0.9906628149701188,0.9996548611744722,0.9946730741293713,0.9977999638383671,0.9990018876151421,0.9808510007690872,1.0000000000000002,0.9994053069297378,0.998545565910035,0.997686141454577,0.9540652189953136,0.9964055043882067,0.982194195919235,0.9989115815967277,0.9985055872220782,0.9990737539700353,0.9994981281826645,0.9985699801395367,0.9988452355470745,0.9998195842799399,0.9998571784777639,0.9998763262633809,0.8719451073364105,0.999452451338499,0.9989763492576995,0.9823243347924839,0.9997021625210372,0.7349551411089614,0.9943899768097292,0.9987460050014897,0.9869705054249541,0.9990626369629118,0.9993101088539286,0.9990500582383948,0.998959669729782,0.9024745594300245,0.9986705746452282,0.7362533476643837,0.9968601253811118,0.9984739416278946,0.4940324960534142,0.9927620066109901,0.9997877748826303,0.9994871312713788,0.9983108286990111,0.9998781275242719,0.9997379168128954,0.9930218632945904,0.9992078521320532,0.998523580700009,0.7096285687713219,0.9994692685359986,0.9990806281617672,0.9978510704058414,0.9850258966191516,0.9990704671080334,0.9927903413139996,0.9981746331986323,0.9992593677959821,0.9966921948523467,0.9985173444688118,0.9967430785036366,0.9992894642854628,0.9994012670240956
CFR,0.9985576725695062,0.9993956833831916,0.7198974171168193,0.9992935696454347,0.6828949623137112,0.9263014677684074,0.9905794893206242,0.9988664808359563,0.9947035627182756,0.9994453875055216,0.9993532171982287,0.9808864578371382,0.9994053069297378,0.9999999999999999,0.997999746382374,0.9991063003167314,0.9530738006982302,0.9956338329479684,0.9833895642958934,0.9998046754113133,0.9996784478219928,0.9985557614274901,0.9990633493708123,0.9992435817420335,0.99918495890256,0.9991680946288698,0.998849419376636,0.9993361634742401,0.8707256033599833,0.9991609517014283,0.9980424993106467,0.9797035952810546,0.999737742741464,0.732335952846385,0.9952193524404271,0.998593250634758,0.9872780074795471,0.9996862164419957,0.998942219678092,0.9987426598194424,0.9988323625219002,0.9005377352477822,0.9995253484004328,0.7341243831765871,0.9978247347650291,0.9995766718167515,0.48389620854372956,0.9926537868666558,0.9991653597984469,0.9997232496381246,0.9989451317177028,0.9990978681927519,0.9993520033098562,0.9928983111720953,0.9996823964836988,0.9994421132181033,0.7020643014932436,0.9994460148665546,0.9992992703381575,0.9985559693661263,0.9838680421392587,0.9996580144872826,0.9921483741146884,0.9989628250131529,0.9996784448755922,0.9981047210041957,0.998385367184256,0.9974140180019312,0.9981760396533654,0.9998875871662689
CIT,0.9974366144432166,0.9977452657617769,0.7534876452265838,0.9953799345541312,0.7180465463244192,0.9433510576583253,0.9957089626300094,0.9993995491679579,0.9977298295286959,0.9963358889742181,0.9982004083736331,0.9885497472541475,0.998545565910035,0.997999746382374,1.0,0.995755480275287,0.967164525787821,0.9967686364180919,0.9858598055957949,0.9966223197158537,0.9968953138976242,0.9975959187055103,0.996939018129476,0.9982688633482566,0.9961432138986329,0.999206674040978,0.9985173311027955,0.998494415550013,0.8936241031920085,0.998925953921086,0.9966285472027511,0.986449874883062,0.9985906621592516,0.7665591936370539,0.9923273399490099,0.9995091440294579,0.9933017756816703,0.9986529580552558,0.9975280715482444,0.9997946594925814,0.9971298912587141,0.921434616634258,0.9964802868292006,0.7674068801842578,0.9932249526901626,0.9983204724237543,0.5182385611132297,0.9898829475065335,0.9979212104026416,0.9988222017834228,0.9973567562613949,0.9979424765597343,0.9980838167561721,0.9972255791196556,0.9970469338632139,0.9974696740825096,0.7388406345700037,0.997744769892415,0.9962916684855811,0.999149911257306,0.9885269984705409,0.9985264530797903,0.9962208188666716,0.996800087297533,0.9991061518907588,0.9970545096733568,0.9964568365794223,0.9986753585127172,0.9968199804994561,0.9977389481746318
CMA,0.9970011138897508,0.9976378519869784,0.7146333081796215,0.9991665616671792,0.6730654369789072,0.9261722933973378,0.9885602272681691,0.9971672013179622,0.9941103764854038,0.9991790616872629,0.9992624745933737,0.979198869582822,0.997686141454577,0.9991063003167314,0.995755480275287,0.9999999999999999,0.9508720295599797,0.9959376918001759,0.9868705815097616,0.9993155745356431,0.9992392657607833,0.9981458996653666,0.9969526195258719,0.99923184006547,0.999400572330153,0.9975371130469926,0.9966201683166093,0.9976841001660076,0.8680896188733364,0.996778816416318,0.997474852592599,0.9793208146284899,0.9980214244243634,0.7247249002955284,0.997617565692583,0.9969885341766948,0.9855114371339412,0.9991506801596585,0.9975615396978322,0.996514722510286,0.9962650876598599,0.8974944657385775,0.9997561248702338,0.7280307970742967,0.9992483648116754,0.9989802898733925,0.49096642810619656,0.9897016537066918,0.9969606398405764,0.997920494466769,0.9993176647237821,0.9975112170531333,0.9974522420302743,0.9903883094596487,0.9991501681635444,0.9979241589494571,0.6998476821597405,0.9990400024113227,0.9990920220365573,0.9977399173001851,0.9852712848034626,0.9979542355811932,0.9902891094831162,0.9967377091775419,0.9984873489989605,0.9989530751272608,0.9956090265498775,0.9968768071244841,0.997104672834625,0.9987204124445688
CNND,0.9492210374727418,0.9493474557621754,0.8822356668821748,0.9426137422615327,0.833466657852619,0.9706365188349131,0.9849703572801851,0.9608867970724854,0.9783778890239027,0.9491720621370524,0.9589159529925083,0.9931940468097475,0.9540652189953136,0.9530738006982302,0.967164525787821,0.9508720295599797,1.0,0.9661422305125422,0.9743268592295682,0.9477959268048631,0.9491695402135191,0.957530254942188,0.9453929647392628,0.9612592674948708,0.9480511045385618,0.9593970644748032,0.9552451882286173,0.9541175373794719,0.9780108576324058,0.9550429340288282,0.9530703145931384,0.9696691754946685,0.9535108787312488,0.8997816802108479,0.9552837298901106,0.966861437953766,0.9885283213002762,0.9588714100432684,0.9490370910170838,0.9642130961747716,0.9463517256024823,0.9896181960512664,0.9490981430287121,0.9021551613375853,0.9438242730960356,0.957668017760773,0.6222179176263551,0.9360013833352283,0.9499372095121871,0.9556541780833091,0.9592539219262726,0.9530932704533196,0.9500978520427806,0.9808327050128125,0.9480307969616873,0.9505019480939647,0.8725383246186627,0.9533725659096722,0.9472580918303108,0.9673703520004515,0.9740647558984147,0.955659852945803,0.9810796193873739,0.9476965954590829,0.9592398569812741,0.9634276220604073,0.9442205144527273,0.9713486470183192,0.951606901554108,0.950083501169313
COF,0.996119290259495,0.9951813722016872,0.7613142706921734,0.9940605460660925,0.7253649060891469,0.9512210067741996,0.992785785712973,0.9976906153892753,0.9974897020729038,0.9934878560220762,0.9981332499365806,0.9865385135589164,0.9964055043882067,0.9956338329479684,0.9967686364180919,0.9959376918001759,0.9661422305125422,0.9999999999999998,0.9928693873691055,0.9945446020103214,0.9943773133603009,0.9982308445714048,0.9934725030133458,0.9978937300033618,0.9966378155138343,0.9974283974747264,0.9959852409797952,0.9962558132961246,0.8931921115229325,0.9946838404814845,0.9975702230191302,0.9906147666356643,0.995446762551468,0.7582532797624952,0.9972017114444126,0.9971287691555567,0.9902998722649456,0.9971012318902568,0.995423113727561,0.996139626160832,0.9920079537852028,0.9209284204761735,0.9960993435270463,0.7617359564312279,0.9953849546048245,0.9957520587914811,0.5521763089199895,0.9847608829749148,0.9946708788707367,0.9950831818446718,0.9979453139748062,0.9964789134435238,0.9950205230109844,0.9931164367957489,0.9955176122617363,0.9929468028573905,0.7502374968615211,0.9974811437946285,0.996227598132559,0.9970197618140643,0.9949825350726091,0.9944568827198571,0.9946154016398209,0.9910384994462785,0.9963926860269291,0.9973949921642024,0.9908108527445499,0.9974409147484259,0.9970631470166376,0.9949096768123379
DFS,0.9817142283524558,0.9799162442731876,0.7823123900732986,0.9811838648684315,0.7302441629603738,0.9657116422148269,0.9880351116760068,0.9855218369761117,0.9930975173373459,0.9827013500459645,0.9887254675776779,0.98676503623862,0.982194195919235,0.9833895642958934,0.9858598055957949,0.9868705815097616,0.9743268592295682,0.9928693873691055,1.0,0.9820191246629143,0.9831264901173936,0.9875491923304779,0.9767627487369348,0.989367664545138,0.984823267786334,0.9848119789252918,0.9807583497581189,0.9829266179049593,0.9144206666833118,0.9808509043498093,0.9851011282529117,0.9903139219646617,0.9816020371908476,0.7851912677053804,0.9910589246729181,0.9867038983286636,0.9886220794048982,0.987387061282702,0.9822683447919262,0.9845338397655736,0.9758190687076623,0.9367105595567494,0.9852361455432095,0.7913301341978102,0.984623906261301,0.9861535527543466,0.6056414749532213,0.9614845200236544,0.9784592430365514,0.9818535215084071,0.9893872234476458,0.9817365987190464,0.9803753572395045,0.9860267612087604,0.9830542753472028,0.9804220322266981,0.7906444000521755,0.9860822196892337,0.9828409337328496,0.9891073958787433,0.9972371804768734,0.9815075192679812,0.9873074648940406,0.9757931860489176,0.9857280059562995,0.9919839181191151,0.9740619427905082,0.9907382468057803,0.9824263208944434,0.9815947989121735
EWBC,0.9982630079056912,0.9991570922945849,0.7084581267893661,0.9997608676138875,0.671199911116161,0.920908220951752,0.9880522576931606,0.9979657122376946,0.9929312591755585,0.9996004181405838,0.9989253528724968,0.9775201513366647,0.9989115815967277,0.9998046754113133,0.9966223197158537,0.9993155745356431,0.9477959268048631,0.9945446020103214,0.9820191246629143,1.0,0.9997822444642294,0.9981235031998821,0.9989771122627338,0.9987233644738508,0.9993538567999642,0.9983952976729618,0.9981658997161736,0.9988990410550418,0.86252017412057,0.9985262825220762,0.9977691296158482,0.9773356734589344,0.9993021499554054,0.7205786872263903,0.9952269926709976,0.9974731193191564,0.9845051628462536,0.9992226092148321,0.9987655704522959,0.9976473163228047,0.9986507807150917,0.8930427404798414,0.999698426470486,0.722612507498784,0.9984012675802508,0.9991695454219636,0.474541189752623,0.9922919745285387,0.9987764056731603,0.9991905652071598,0.9986006588008152,0.9986669319143759,0.9990451539551961,0.9906402708810055,0.9997592520232426,0.9993173127805574,0.6907567877498736,0.9992414774488847,0.9994093477280661,0.9975246261679322,0.981986638879027,0.9991698088960788,0.9899038019482569,0.9988091329161402,0.9990868313203827,0.9976001258569496,0.9982981419275153,0.9961327515678642,0.9978079127260336,0.9997685052298165
FCNCA,0.9979660029631491,0.998716437754818,0.7070452431996054,0.9995524534733001,0.6673125165692501,0.9242052100279703,0.9883841577828019,0.9977892383713056,0.993233011448165,0.9998616860620225,0.99881201264624,0.9781144332223473,0.9985055872220782,0.9996784478219928,0.9968953138976242,0.9992392657607833,0.9491695402135191,0.9943773133603009,0.9831264901173936,0.9997822444642294,0.9999999999999999,0.9975747625986685,0.9984902683219805,0.9987115590218371,0.9989346934752803,0.9981000024850303,0.9975647591763415,0.9986314461951068,0.864304232174891,0.9986392933544501,0.9969384869312556,0.9787567083353101,0.9991978744367377,0.7232381393151639,0.9944603237515482,0.9973209442124108,0.985216034482443,0.9993543458035371,0.998822038452002,0.9977299274760166,0.9985565229354104,0.894546812659711,0.9995878213817749,0.7251119181866496,0.9976898051169953,0.9995663551314455,0.48189221665558946,0.9911085451078326,0.9983240346280966,0.9991776556684716,0.998330741346211,0.997954593793012,0.9989124779764023,0.9908875325052795,0.9996993691977835,0.9996086724739418,0.6940645285988714,0.998996334582506,0.9988574509297786,0.9978879586973348,0.982875402819151,0.9991986426252476,0.9895203041858557,0.9988414183023115,0.9992746462608953,0.9979147461368356,0.9981740748038455,0.9964555765928595,0.9968628553203849,0.9997148171315815
FFIN,0.9988076306914301,0.99861008855462,0.740714349831473,0.9978165423426734,0.7079728830510303,0.9369165881103736,0.9911699828417416,0.9992240251450379,0.9960803732584778,0.9967379659660569,0.9994872271847394,0.9825447987146562,0.9990737539700353,0.9985557614274901,0.9975959187055103,0.9981458996653666,0.957530254942188,0.9982308445714048,0.9875491923304779,0.9981235031998821,0.9975747625986685,1.0,0.9976776628318363,0.9990553848475818,0.9990985025926167,0.9993253554342428,0.9987956768188626,0.9991754562741487,0.8782114686461037,0.9976941635377872,0.9997977608153542,0.9857134954300742,0.9982045162205706,0.7396855199163693,0.997343905674238,0.998438055939842,0.9879374803038928,0.9988568536636814,0.9984362189515228,0.9980079411159524,0.9965774077469471,0.9078093731083138,0.9986349943665086,0.7424022872418033,0.9979277334059481,0.9977517877383568,0.51393436321645,0.9884731242770485,0.9980723911841181,0.9979656261558647,0.9992754757603364,0.999240755602528,0.9982699599558355,0.9927473100168498,0.9985234495598004,0.9967722655446988,0.7235584730339568,0.999590103899452,0.9987520287936216,0.9977159263311605,0.9894012538834511,0.9974027282403606,0.9936044008619742,0.9955130919613573,0.9985410902752782,0.9977769043473531,0.9959286554671029,0.9970599061158383,0.9993312612678559,0.9980819257082748
FHB,0.999218597194611,0.9998587259756171,0.7097780097289256,0.9987784340315763,0.6800561827209227,0.9200985890199262,0.9868370618262677,0.9984087321648001,0.9912354914176672,0.9978303321866284,0.9976422401577973,0.975318996433303,0.9994981281826645,0.9990633493708123,0.996939018129476,0.9969526195258719,0.9453929647392628,0.9934725030133458,0.9767627487369348,0.9989771122627338,0.9984902683219805,0.9976776628318363,1.0000000000000002,0.9970488815472571,0.9983289797300388,0.9987526020215334,0.9992928179971752,0.9993871117975469,0.8582792384191217,0.9992337397262918,0.9978863829423253,0.9774518327913627,0.9994540206791399,0.7182347675319808,0.9920729983803334,0.9970960755886196,0.9825677568264249,0.9980109116149898,0.9991808229744666,0.9978810589183775,0.9996635741542947,0.8902697893531268,0.9982465783934197,0.7189625290959499,0.9962892757589225,0.9976931378781907,0.47210681500053986,0.9938150332042753,0.9998409765208113,0.9991544181823594,0.9967718311036969,0.9993270989642475,0.9997463412416319,0.989992521347415,0.9991062589090556,0.9987751038493493,0.6890013562996852,0.9986529915729546,0.9987620348553014,0.996050676796071,0.9797917196304511,0.998798682936253,0.9892157614415336,0.9988789829978013,0.9984032156242552,0.9947288775992973,0.9994887965434138,0.9943190054951193,0.9984579226976857,0.999399592423203
FITB,0.9975373581707422,0.9980128199941096,0.7389012980907775,0.9980047356658943,0.6989328967295665,0.936500675304713,0.9934160618704069,0.9988561441725312,0.9974378685805279,0.998485581198598,0.9998960845637704,0.985713502514147,0.9985699801395367,0.9992435817420335,0.9982688633482566,0.99923184006547,0.9612592674948708,0.9978937300033618,0.989367664545138,0.9987233644738508,0.9987115590218371,0.9990553848475818,0.9970488815472571,1.0,0.9988475416086643,0.9989817342545749,0.9979452307135904,0.9985451413379663,0.8844529716029911,0.9979019251346208,0.998140948310575,0.9839569115290361,0.9986377022887247,0.7484574442040747,0.9973984346722354,0.9991002956662451,0.9908703278990896,0.9998021544213103,0.9978177305125004,0.9985748772138379,0.996531802165669,0.9124657134933759,0.9991268410007427,0.7512384474850786,0.9978507816629195,0.9994020168138651,0.5085093293083124,0.9896028991796294,0.997594018413023,0.9987231670758103,0.9998048477531548,0.9983353948212055,0.9979322341176093,0.9947480872083786,0.998732398067495,0.99794732128456,0.7236345081367904,0.9992974189621561,0.9986058381669755,0.9994341365406546,0.9889959286144043,0.9986325138383004,0.9946971419903602,0.9967625619282603,0.9994312498129873,0.9995902569688934,0.9957630809323857,0.9990182915232154,0.9978069731807497,0.9986772543046422
FMAO,0.9987591815959489,0.9988953534310668,0.7145617980900939,0.9995151764948962,0.6791731841026496,0.9268524136404086,0.987284260823478,0.9981739510600027,0.9933167846897655,0.9983913473669526,0.9993195879104962,0.9769754800105998,0.9988452355470745,0.99918495890256,0.9961432138986329,0.999400572330153,0.9480511045385618,0.9966378155138343,0.984823267786334,0.9993538567999642,0.9989346934752803,0.9990985025926167,0.9983289797300388,0.9988475416086643,1.0,0.9984929282304226,0.9980867787886034,0.9987952527070011,0.8626908498567964,0.9975482238176941,0.9990248907103728,0.9810173929737808,0.9985894426052346,0.7177771020869219,0.9972929195962733,0.9970502925837113,0.9835349367697184,0.9989296993873581,0.9987492942025444,0.9968433583981129,0.9972575076513983,0.8936325188053631,0.9998019662800617,0.7206431140982703,0.9994114159808818,0.9983208752769114,0.4945316820900958,0.9907866643597232,0.9983005207023409,0.9981761612062598,0.9990840139567958,0.9988948030007958,0.9985863509789614,0.9894310705701002,0.9996022191390966,0.9977435149161417,0.6982289916103982,0.9997338763274849,0.9998285969940337,0.9969602128119983,0.9855423645271426,0.9978484723398421,0.9898325345313459,0.9967527468952136,0.99842283527388,0.9977149140122374,0.9966774466593284,0.9958929618646173,0.9988773719483699,0.9990343067707389
FMBH,0.9991807690985055,0.9993904369061473,0.7406220423293965,0.997718951814818,0.708245872023034,0.93617529015469,0.9928112235999621,0.9999537904927411,0.9963749234409666,0.9973885698179805,0.9992774237023578,0.9840964103708069,0.9998195842799399,0.9991680946288698,0.999206674040978,0.9975371130469926,0.9593970644748032,0.9974283974747264,0.9848119789252918,0.9983952976729618,0.9981000024850303,0.9993253554342428,0.9987526020215334,0.9989817342545749,0.9984929282304226,1.0,0.9997332916817329,0.9997408097987418,0.8806550960845013,0.9992860729250947,0.9989789509545242,0.984745667361469,0.9994325531115564,0.746426229750027,0.9949069644604503,0.9993795456203388,0.9895644856336837,0.9992575821749813,0.9989429790786484,0.9994736559105392,0.9982456450287545,0.9101612667076646,0.9983485027997715,0.7479126904552476,0.996411981663455,0.9985730671791812,0.5060511863053805,0.9914925331779934,0.9993026681528416,0.9993362820437435,0.9986581275594876,0.9996634796109976,0.9993118313689485,0.9947277649304489,0.9987532840400954,0.9981063488406364,0.7224579602914779,0.9993916258298567,0.9985973471962856,0.998588404584512,0.9874930569119513,0.9989046168719938,0.9946181698682615,0.9974955709457741,0.9994180271989176,0.9973779348365767,0.9976803452290396,0.9978021194583796,0.999111055343807,0.9989650051917538
FNB,0.9992241068329579,0.9996433440256364,0.7351836164885761,0.9975328651247063,0.7061833639433723,0.9302472881157928,0.9910961388945424,0.9995745462914193,0.9945515381951637,0.996773216329327,0.9984052143785678,0.9814666291665423,0.9998571784777639,0.998849419376636,0.9985173311027955,0.9966201683166093,0.9552451882286173,0.9959852409797952,0.9807583497581189,0.9981658997161736,0.9975647591763415,0.9987956768188626,0.9992928179971752,0.9979452307135904,0.9980867787886034,0.9997332916817329,1.0,0.9996588333597208,0.8743638513356596,0.9992234132653208,0.9988010375931402,0.9818975842032176,0.9993510737637319,0.7394805935995118,0.9935156960770771,0.9987383866983992,0.9872893107341549,0.9984277239702122,0.9987550069884054,0.9990183368188312,0.9986876351196718,0.9047681522943366,0.9977456087013374,0.7404959407242477,0.9958712922002292,0.9976784031014229,0.4926768364826833,0.9930100746092779,0.9997015918771971,0.9991697762321409,0.9976820909645997,0.9998476466941927,0.9994044666752706,0.9934721711935502,0.9984370019842476,0.9978441563323616,0.7127574570265358,0.9989016057081614,0.9984526299851264,0.9973913578833974,0.9842473074961691,0.9986834648233907,0.9934447890621309,0.9977404619030552,0.9987734392706964,0.9957402692947112,0.9982670974958745,0.9963371941852984,0.9992662895854388,0.9988071022952
GBCI,0.9996401333356228,0.9997722405004438,0.7282325046719529,0.9985338445339071,0.6966118193682277,0.9319746857379205,0.9904556468477872,0.9996253969796002,0.9947035865477342,0.9978429150681619,0.9990090059368221,0.9806300365284312,0.9998763262633809,0.9993361634742401,0.998494415550013,0.9976841001660076,0.9541175373794719,0.9962558132961246,0.9829266179049593,0.9988990410550418,0.9986314461951068,0.9991754562741487,0.9993871117975469,0.9985451413379663,0.9987952527070011,0.9997408097987418,0.9996588333597208,0.9999999999999999,0.8717749171252324,0.9995327786448525,0.9990177585956918,0.9835184760041016,0.9995395288786574,0.734613427367699,0.9942030324956183,0.9986107027704056,0.986968381297261,0.9991094718041885,0.9996152599739282,0.9990527479711929,0.9990343989315292,0.902355365669633,0.998698751847074,0.7359128291324162,0.9966999257370843,0.998521008060731,0.4981310932183277,0.9910039752776201,0.9995600347481239,0.9993743665006537,0.9982849127158258,0.9996623693676345,0.9997730702609633,0.9928278140971794,0.9992719077262381,0.9986983122120175,0.7117337368546881,0.999527536194345,0.998794108272394,0.9978188160978841,0.9857409214126597,0.9988951051174058,0.992350570018783,0.9980410878692073,0.9993402673081958,0.9967711206736125,0.9986602395065333,0.996553822669613,0.9990151336729027,0.9993304201473887
GS,0.8634750948288155,0.8643370294584152,0.9455129477609985,0.8539234616079256,0.889427364431626,0.9377737190213612,0.9293815567390817,0.8828986042035492,0.9149314166543753,0.865063474466885,0.8801987105757585,0.9496478226771213,0.8719451073364105,0.8707256033599833,0.8936241031920085,0.8680896188733364,0.9780108576324058,0.8931921115229325,0.9144206666833118,0.86252017412057,0.864304232174891,0.8782114686461037,0.8582792384191217,0.8844529716029911,0.8626908498567964,0.8806550960845013,0.8743638513356596,0.8717749171252324,0.9999999999999999,0.8732884220268916,0.8711848795270868,0.9041266242531958,0.871077697322767,0.9675816553994357,0.8783484649022842,0.8940371198101789,0.9373344920004831,0.8799273655243945,0.8629160248109742,0.8889483466278212,0.859794065902996,0.9974368904586757,0.8642752679276163,0.9707321883552229,0.8577664148355589,0.8781671015641955,0.6532560209270639,0.8500152307260841,0.8655007741075393,0.8748186718300733,0.8816719419888097,0.870917941213439,0.8650816025657888,0.921108456327663,0.8619781192816932,0.8665916642810341,0.9317358236888398,0.8706816052490404,0.8616149704448209,0.8947239356058339,0.911294695304814,0.8753019236326698,0.9224726925385011,0.8630007395788492,0.8803807942088355,0.8889304552798037,0.856688443068724,0.9021574061023868,0.8688937668512965,0.8655755709934703
HBAN,0.9989055999407196,0.9993941692898769,0.7252301439347254,0.9978656027168725,0.6919412191235746,0.9308348318098367,0.991051393550764,0.9992163708202835,0.9943006568651678,0.9980595236486209,0.9981638837163568,0.9812752389530939,0.999452451338499,0.9991609517014283,0.998925953921086,0.996778816416318,0.9550429340288282,0.9946838404814845,0.9808509043498093,0.9985262825220762,0.9986392933544501,0.9976941635377872,0.9992337397262918,0.9979019251346208,0.9975482238176941,0.9992860729250947,0.9992234132653208,0.9995327786448525,0.8732884220268916,1.0,0.997246414719049,0.981979651674355,0.9997034651518594,0.7394758643844257,0.9915664060810758,0.9985175745285156,0.9877914031140491,0.9988669295502456,0.9992444389643391,0.9994061870702983,0.9995409707299828,0.9035173686309294,0.9979095146210306,0.7398986217853071,0.9948055515164168,0.9987691094157226,0.49165009721887515,0.9918867721461919,0.9994587348762716,0.9997182464779518,0.9971605282345127,0.9988600128323871,0.9997187488691407,0.9936507981162976,0.9988018498125989,0.9993077329627297,0.7100938506160648,0.9985782205528441,0.9977974055579282,0.9979990492769826,0.9837101451775851,0.9994266502368276,0.9921075668501184,0.9989951572487583,0.9994366925744276,0.9961552042704576,0.9992440353465775,0.9965947432513235,0.9975551287065314,0.9993540157412374
