Ticker,ABCB,ABTX,AJX,ALTA,ARI,AXP,BAC,BBT,BK,BOH,BOKF,C,CFG,CFR,CIT,CMA,CNND,COF,DFS,EWBC,FCNCA,FFIN,FHB,FITB,FMAO,FMBH,FNB,GBCI,GS,HBAN,HOMB,HTH,HWC,IBKR,IBOC,ISBC,JPM,KEY,LARK,MBWM,MCBC,MS,MTB,NAVI,NKSH,NTRS,OPY,PACW,PBCT,PGC,PNC,PNFP,RF,SCHW,SFBC,SIVB,SLFC,SRCE,STBA,STT,SYF,TCBI,TFSL,TSC,UMBF,USB,WAL,WFC,WSBC,ZION
ABCB,0.9999999999999999,0.9997805198091098,0.8619810899714072,0.998690174899118,0.8534551234160176,0.9632984352627723,0.9934228168485593,0.9993273700725325,0.9959542558745427,0.9978702602695974,0.999195395328334,0.9875201340844434,0.9997721811205931,0.9992933882098215,0.9988102104654496,0.9982570707067262,0.9730166909041736,0.9974011604669724,0.9902867861382155,0.9988694576402379,0.9986378070179825,0.999207231360303,0.9995214605528957,0.9987917136133035,0.9993009671434999,0.99955261837924,0.999514099530513,0.9998531919439392,0.9292153074374588,0.9995202623951255,0.9991516863583634,0.9910891918254963,0.999484296121407,0.8607195368625523,0.995884241469473,0.9986679366729067,0.991946299803796,0.9992229489761362,0.9997896278950346,0.9992082402334955,0.9990478634712608,0.9440492184427621,0.9990975913805094,0.8614642444995957,0.9981198913843732,0.9988601938472247,0.7408146044656442,0.9953292172450438,0.9996432941186646,0.9993941077724474,0.998667626748415,0.999542002502257,0.9997845651049035,0.9946287657947107,0.9993407555685371,0.9986489342766726,0.8536928381686674,0.9996418395589616,0.999329618044756,0.9986310483431364,0.9915686924338116,0.9990486161061041,0.9937062714636424,0.9982134672229318,0.9994161309923484,0.997838291410531,0.9987063641856623,0.9975987244275201,0.9987907364233843,0.99932570890814
ABTX,0.9997805198091098,1.0,0.8596588884715509,0.9990651922362728,0.8506551636365789,0.9591764066097705,0.9934773782705582,0.9991964943519611,0.9956909588902751,0.9985105467709534,0.9992128931706801,0.9873929826383923,0.9998869320360572,0.9997009363659864,0.9987398844247826,0.998600391692937,0.9720593167659185,0.996710234817608,0.9890009446951221,0.9993830212087889,0.9990637599895028,0.9990313937943531,0.9998939521635253,0.9989127180417777,0.9994015812857461,0.9995431990963959,0.9996444574939426,0.9998789628111655,0.9280387527511078,0.9996981622140365,0.9989370751635493,0.9886854562342468,0.9998072812663436,0.8596945935983336,0.9957131620930602,0.998847212205562,0.9919224900929612,0.9993847810641527,0.9996594082597733,0.9993485172899446,0.9995080833466101,0.9427756569794972,0.999242010491811,0.8603146510679052,0.9983937628419697,0.9992002725022845,0.7289596072138531,0.9967263775963632,0.9999353227853537,0.9998056185775213,0.9987710160468155,0.9996718141411433,0.9999191593754287,0.9948455726072842,0.9995434977891425,0.9991941680414222,0.8484660366761442,0.9996033649551137,0.9995690963610873,0.9988063689961941,0.989713038077983,0.9996228871484053,0.9938030211419392,0.9990660727219723,0.9996233851920021,0.9979438287223475,0.9992322902075473,0.9976988899739656,0.9986670675010361,0.9997192385830247
AJX,0.8619810899714072,0.8596588884715509,0.9999999999999999,0.8422015143862743,0.9949523557510268,0.9341332278484927,0.9083441075083963,0.8783575995176295,0.8982551641982061,0.840972924773189,0.8689533830428449,0.9245583235396122,0.866972594866879,0.8573688715633573,0.8805239607053637,0.8523467838123306,0.9502974091775441,0.8889137864875654,0.8950313712674659,0.8485538219553638,0.8455668255849877,0.8759586823829263,0.8536349175782761,0.8715538087338762,0.8573315647905118,0.8740678471894997,0.8724342048047133,0.865291091758308,0.9817099380903417,0.8638981072547672,0.8772975524781417,0.9003063913052961,0.8614709701286498,0.9896826903995085,0.8778182279702063,0.8809875604253121,0.9113052627326644,0.8654277495107504,0.8540431731938766,0.8743852021611291,0.8476581152420635,0.9763668144751384,0.8573599358588907,0.9910919205487414,0.854636178149572,0.8556804435688484,0.8516799049670079,0.8522917565595681,0.8617370815912235,0.8596468567542093,0.8707673162064642,0.8716120343466787,0.8564487735429475,0.902781090188034,0.8499751677816002,0.8464017751467019,0.9847094791835073,0.8648357975722182,0.8573579963079141,0.8735283418829967,0.9031054474021436,0.8574303532606353,0.9092394725158156,0.845089404951103,0.863000479254243,0.8702126506623153,0.8443554947867844,0.8836984220948783,0.8820769165151645,0.8527976413102462
ALTA,0.998690174899118,0.9990651922362728,0.8422015143862743,1.0000000000000002,0.830821050047332,0.9525630859833264,0.9897168308455898,0.9971743177406817,0.9931071979828857,0.9997100555412622,0.998598222173804,0.9826603896579335,0.9985422089795385,0.9994927172886519,0.9964890298664959,0.9995037807900188,0.9649476759445477,0.9947394238260667,0.9881790204324049,0.999870234838048,0.999829730626836,0.9976743185712349,0.9991487266462081,0.9982418145978788,0.9994887350967603,0.997838730534232,0.9976914049698853,0.9987040029271275,0.9170676740241929,0.9983716339585064,0.9972201709561859,0.9853026217536467,0.998838526655735,0.8432042748580478,0.9954631575172177,0.99689013396598,0.9881776144550334,0.9988859391615535,0.9992591872973102,0.9975368535063751,0.9990288317619863,0.9324456691575749,0.999487388363338,0.8444241001861347,0.9991362305314477,0.9993743691175404,0.7176657059885343,0.9953902506168009,0.9986548874231718,0.9990676221535225,0.9982728499392465,0.9980258235776843,0.9991623497253288,0.9912292606137025,0.9998476204061516,0.9994645454001695,0.8328200023738056,0.9989952031649184,0.9994395376701455,0.9978076398876092,0.9871253903971741,0.9991185714858355,0.9898623130575155,0.9990396165120898,0.999011870106953,0.9978472356200878,0.9988458793367748,0.9961406776458402,0.9963725915433533,0.9996240600263845
ARI,0.8534551234160176,0.8506551636365789,0.9949523557510268,0.830821050047332,0.9999999999999999,0.9223834798797924,0.8961192029278925,0.8688564893575854,0.8858410586304395,0.8276405260439955,0.8573569863068783,0.911094956704845,0.8578453895515991,0.8460502352888521,0.8701536486730872,0.8391372647027396,0.9365139375696605,0.8781931923361908,0.8784792106213701,0.8370043049373159,0.8330687559892661,0.8662125027642925,0.844968697503355,0.8592132035905504,0.8464143691326035,0.8646229430567315,0.864179930310454,0.856016282852604,0.9661547511134018,0.854024170351567,0.8688222635368007,0.8904346089246885,0.8513720143530118,0.9752191681793534,0.8652043887060568,0.8703325978716053,0.8978359031275732,0.853354799692097,0.8443656483821217,0.8641414126513367,0.8383916366321305,0.9626964517470815,0.8453349387833161,0.9756646520416998,0.8427581022114392,0.8427448673378071,0.8409072364981484,0.8437847871500054,0.853028275745316,0.8489692744634698,0.858737804542222,0.8629451230247328,0.8470852940907334,0.891115066322697,0.8388722785282829,0.8345906403786902,0.974777829288132,0.8542683593591126,0.846872520293579,0.8608136651245056,0.8908621030901108,0.8461320324675586,0.8986226427438838,0.8340599742094791,0.8514878541090487,0.8559987357732741,0.8353418999696834,0.8706337363361444,0.8739985769150025,0.8417822749824961
AXP,0.9632984352627723,0.9591764066097705,0.9341332278484927,0.9525630859833264,0.9223834798797924,1.0,0.9760024935197151,0.9687122715444374,0.9764561538566464,0.9513343026601974,0.9652024028299416,0.9800766892936538,0.9626303953699068,0.9582274420777888,0.9698557528361823,0.9571673498326907,0.9868966426522237,0.9757847838507326,0.9817770054828769,0.953941958977815,0.9545776136755574,0.967427103382,0.9555271900088254,0.9656318217153195,0.9598067758250634,0.9661964457764081,0.9635855961564593,0.9628919681708155,0.972053783252712,0.9620820595335797,0.9671149563207238,0.9899931606530652,0.9599219143433787,0.9296062837170884,0.966881627659533,0.9674108078591703,0.9776875022051595,0.9635514785693883,0.9607356522233116,0.9658967237720573,0.9533062092713109,0.9794170839576686,0.960357432195711,0.9316586585344034,0.9567922415214138,0.9594558011876445,0.8882262979470408,0.9446819422509912,0.9592491653312971,0.9589953251613539,0.964756284064668,0.963328952381039,0.9592905689892189,0.9732922344066988,0.9571568340993596,0.9537542938057324,0.9515385017231383,0.9637710219688435,0.9584966688496411,0.9666233649571242,0.9873037528411545,0.9571612358413034,0.9744047944988121,0.950125171443231,0.9622916313975927,0.9659757065724346,0.9511949299157391,0.9702584345705961,0.967825612986081,0.9567605616560808
BAC,0.9934228168485593,0.9934773782705582,0.9083441075083963,0.9897168308455898,0.8961192029278925,0.9760024935197151,1.0000000000000002,0.996932321694906,0.9993224196664826,0.9899695262568718,0.9955247736815606,0.998972245078659,0.9949647114296974,0.993622048305419,0.9975371617659923,0.9920550968080396,0.9920750678886772,0.9971403764509847,0.9939091398393095,0.9915268074940702,0.9910136278799493,0.9960751028641637,0.992097449742217,0.9961839813955159,0.9928644258842201,0.9962773160515052,0.9956600302713822,0.9946142094015933,0.9640817495845259,0.9946754155080855,0.9957851792248787,0.9923058531440434,0.9942621039149415,0.9113098214494629,0.9943707617700246,0.9977674693412686,0.9998441527373744,0.9952681079735803,0.9921130939143851,0.9967135971040809,0.9908984136476898,0.9740455967054128,0.9932274224608332,0.912160322499633,0.9916738886552453,0.993468320971169,0.7685616537114047,0.9897176424008115,0.9938767120457774,0.9941135173952524,0.9956581185482752,0.9955635728992192,0.9928999856981128,0.9998427005118231,0.9916779466524934,0.9912823295517167,0.8969246886069945,0.9945764793893351,0.9929717751256812,0.9968555224877773,0.9946523998173843,0.9937994947236827,0.9997174340091269,0.9908147472090376,0.9948451684541466,0.9957367772370763,0.9899319896812288,0.9982207878795859,0.9965769775564187,0.9926041995844037
BBT,0.9993273700725325,0.9991964943519611,0.8783575995176295,0.9971743177406817,0.8688564893575854,0.9687122715444374,0.996932321694906,0.9999999999999998,0.9984191388311489,0.9966533469798601,0.9994035748297599,0.992571055584265,0.9996735644625178,0.9988580315744733,0.9998298222012921,0.9976074690854875,0.9804920851874243,0.9987451303786165,0.9926726190321413,0.99787825980501,0.9975296815790566,0.9996185795197875,0.9985799902802734,0.9993280202189446,0.9986331392871247,0.9999412558985421,0.9997477868466417,0.9995898622096206,0.9417013916640511,0.9993726641033499,0.9995338701127037,0.9928552978510052,0.9992429464032786,0.8782026733510897,0.9967850078443347,0.9997955881644749,0.9958347586963358,0.9993200353318117,0.9987183157386925,0.9998188929570418,0.9978382091650002,0.9550305524906316,0.998582618129528,0.8789582945356228,0.9974332454745449,0.9984763987139049,0.7507437175846242,0.9951263887015648,0.9992552683038904,0.9991031140711233,0.9990710321254022,0.9997258404990652,0.9989943366243378,0.9977081022668877,0.9982618457342234,0.9976277398705112,0.8687483164734537,0.9994165234534198,0.9987100704925885,0.9994291982682545,0.9938794984727864,0.9987562406074909,0.9970884142263072,0.9972205371776157,0.9993230786548671,0.9984852137663406,0.9972883103547264,0.9991775656926765,0.9995778096197048,0.9985582035473713
BK,0.9959542558745427,0.9956909588902751,0.8982551641982061,0.9931071979828857,0.8858410586304395,0.9764561538566464,0.9993224196664826,0.9984191388311489,1.0000000000000002,0.9930211899961735,0.997855686689857,0.9973872074172166,0.9968967607637496,0.9959680674687582,0.9986026359785183,0.9952186266043825,0.9889804050246503,0.9990635015230428,0.9964228540982558,0.9943562505406998,0.9940026646368295,0.9981955307582203,0.994371710484897,0.9982552698118582,0.9958716381165693,0.9979541069909171,0.9971714346227875,0.9967230438893409,0.957288035900935,0.996371128523111,0.9978420026966155,0.9944905557293691,0.9961863631017764,0.8991341854100878,0.9971881798928637,0.9988540420843605,0.9990214818420279,0.9974568005724077,0.9949683987390417,0.9979815839981351,0.9931755613304822,0.9682685416813354,0.9961447641676711,0.9005467522900399,0.9950200143438739,0.9959538078057039,0.7711690927398063,0.9907553363418017,0.9957643379548475,0.9960533577477324,0.9979638108003878,0.997305140284264,0.9952582760075326,0.9992111303777285,0.9947019255043427,0.9937649652304587,0.8899212219923152,0.9971046652956341,0.995727993122925,0.9984938369450872,0.9967073160977106,0.9957029386814811,0.9991525618148971,0.9928880786824333,0.9969517716127074,0.9980436293748635,0.9922430314196689,0.9994022799013254,0.9981140329785957,0.9950914057486907
BOH,0.9978702602695974,0.9985105467709534,0.840972924773189,0.9997100555412622,0.8276405260439955,0.9513343026601974,0.9899695262568718,0.9966533469798601,0.9930211899961735,1.0,0.998261077659004,0.9831172499638752,0.9979836587712029,0.9993660030732588,0.9963119741626228,0.999418642632716,0.9653969191298329,0.993962726999338,0.9880302908173276,0.9997379246550123,0.9999043718536673,0.9969013493877059,0.9986381751544654,0.9981067883649959,0.9989422282972081,0.9973031191120562,0.9970255921588088,0.9981408924566461,0.918103238182166,0.9981894698186304,0.9961851201093961,0.9840155545179319,0.998612502045138,0.8452578341085271,0.9947266569297795,0.9966938864796465,0.9886692873318988,0.9988118712782372,0.9987035410110401,0.9973694264179958,0.9987940458079656,0.9330265083584143,0.9992141047204124,0.8463426572535535,0.9986019697687273,0.9995561512992125,0.7133670600425187,0.9953136174746963,0.9981563250943897,0.9989826896421171,0.9979538938498053,0.9973358125509125,0.9987142821593339,0.9915046191954228,0.999533211889736,0.9996513995453954,0.8316521297161115,0.9984709260751092,0.9989281520331,0.9979365889790153,0.9862540560553175,0.9992132693962439,0.9896793237149721,0.9992746981990919,0.9989423315458688,0.9979826678099034,0.9986179744034994,0.9962951915752932,0.9953942207833051,0.9994945849006892
BOKF,0.999195395328334,0.9992128931706801,0.8689533830428449,0.998598222173804,0.8573569863068783,0.9652024028299416,0.9955247736815606,0.9994035748297599,0.997855686689857,0.998261077659004,0.9999999999999999,0.9907539795320643,0.9994806448449228,0.999530159962916,0.9990001958859333,0.9993152898446263,0.9771859805901739,0.9985948225189726,0.9938042224251309,0.9990328786789452,0.9987977323071238,0.9997073586349313,0.9986247761637208,0.9999410675856362,0.9996656903870331,0.999571348283259,0.9991290543060806,0.9994706151523067,0.9363942333895925,0.9989906091798355,0.9993678403735339,0.9913220458143588,0.9992718641849004,0.8689473201668005,0.9982795473226578,0.9993812951861478,0.9944883387055985,0.9998784285016339,0.9989920595045345,0.9992802686517321,0.9979007597666186,0.9498881553822771,0.9997292977119192,0.8703915988666585,0.9991721340956956,0.9994084864360699,0.7444880100448958,0.9949293590274234,0.9989907370492473,0.9992681356165597,0.999891646811129,0.9994236696834577,0.9990295679384914,0.9962573823003462,0.9992183463862521,0.9983754255982844,0.8600913143646688,0.9998930765376134,0.9995616489109344,0.9997001429501277,0.9933966513523264,0.9991086928094426,0.9956564157574395,0.9977066043589502,0.9996690707388004,0.9996223188394922,0.9973511167772006,0.9992226685996304,0.9989951053524344,0.9991917183785072
C,0.9875201340844434,0.9873929826383923,0.9245583235396122,0.9826603896579335,0.911094956704845,0.9800766892936538,0.998972245078659,0.992571055584265,0.9973872074172166,0.9831172499638752,0.9907539795320643,0.9999999999999998,0.9895333296477375,0.9877362068529063,0.9934835292937033,0.986205325486838,0.9965350697480124,0.9942105366632716,0.9931276065112559,0.9849785901162816,0.9843756287197063,0.9916303142077054,0.9854456445598835,0.9917564975041643,0.987022743708318,0.9915228998377353,0.9905524211500806,0.9890613801400221,0.9749202608702007,0.9890573895416848,0.9912827253640315,0.9908315356061581,0.9885230523266669,0.9278186109484813,0.9909322250998722,0.9938162434279452,0.9993804061069658,0.9902192968895166,0.9857110195132343,0.9920730273093111,0.9838208242571105,0.9829760410328541,0.9875625058928565,0.928967277018554,0.9858790881836796,0.9877271525244182,0.7845455000653129,0.9831325872194284,0.9879092877211216,0.9882702075903153,0.9911526278704827,0.9904823998556342,0.9866018651140745,0.9981212865013801,0.9851811714630686,0.9845376890792104,0.9137850536652623,0.989266376307228,0.9870456864945607,0.9926106864141354,0.9938152340589785,0.9878753083222984,0.9985219404796398,0.9838095587091126,0.9894567355334137,0.9915892865384944,0.9825475507468295,0.9949866100223042,0.9924111248960574,0.9862821622694689
CFG,0.9997721811205931,0.9998869320360572,0.866972594866879,0.9985422089795385,0.8578453895515991,0.9626303953699068,0.9949647114296974,0.9996735644625178,0.9968967607637496,0.9979836587712029,0.9994806448449228,0.9895333296477375,0.9999999999999997,0.9995745347062891,0.9992974209304915,0.9984361092365487,0.9753644165639517,0.9976877692507204,0.9905259219300886,0.9990157299366892,0.998647565724251,0.9994602238467949,0.9995892823922372,0.9992668768121508,0.9993263942093067,0.9998805746202907,0.9998858785125846,0.999939499361527,0.9333403546301794,0.9997166562142688,0.9993962578868648,0.9902460893179671,0.999792848362079,0.866755529867366,0.9964089313883571,0.9994010864889789,0.9935575473132728,0.9995335071871194,0.9994369910202358,0.9996855237866819,0.9990277689537183,0.9475359155984411,0.9991921803114584,0.8674535129407007,0.9982915331711142,0.9990857593238042,0.7365287140322752,0.9964544358987455,0.9998733993991696,0.9997147301210839,0.9991013340985934,0.9999118812552856,0.9997307967284739,0.9961043419392525,0.9992338585697187,0.9987454794347445,0.8560190154330742,0.9997213467132684,0.9994787242050741,0.9992093479196537,0.9913925521258786,0.9994785776581605,0.995280496368459,0.9985400436762033,0.9996694058056832,0.9983357171983164,0.9986441687734028,0.9984437903702148,0.999254469556844,0.9994612008849737
CFR,0.9992933882098215,0.9997009363659864,0.8573688715633573,0.9994927172886519,0.8460502352888521,0.9582274420777888,0.993622048305419,0.9988580315744733,0.9959680674687582,0.9993660030732588,0.999530159962916,0.9877362068529063,0.9995745347062891,1.0000000000000002,0.998505630869994,0.999464997720216,0.9721370253659106,0.9966656506327525,0.9902848446629733,0.9998279029601981,0.9996675591876112,0.9989100269276434,0.9995468427637196,0.9993966627034334,0.9996719328866572,0.9992547003283528,0.9991046042098096,0.9995923100921658,0.9283084229322364,0.999461040265786,0.9985263550716358,0.9879116443929541,0.999723210747368,0.8592413541592987,0.9964805705412458,0.9988335888376696,0.9923118929356602,0.9997776266198076,0.999453627574527,0.999185656870383,0.9992558155080542,0.9426191607362239,0.9997403041802972,0.8601951652958518,0.9990429886923939,0.9998191949538797,0.7266139320729587,0.9964406692077118,0.9995327560194757,0.9998677593713042,0.9992566405233323,0.9992846120932434,0.9996543291054976,0.994876128536221,0.9998004583350095,0.9995703181108263,0.8466862247105461,0.9996783501619881,0.9997386115290964,0.9992802594424559,0.9897569304578409,0.9998599508176429,0.993678283347824,0.9992848144701741,0.9998613629753856,0.9988827923571845,0.9989382626216191,0.9982133354247404,0.9981144917853012,0.9999271537300146
CIT,0.9988102104654496,0.9987398844247826,0.8805239607053637,0.9964890298664959,0.8701536486730872,0.9698557528361823,0.9975371617659923,0.9998298222012921,0.9986026359785183,0.9963119741626228,0.9990001958859333,0.9934835292937033,0.9992974209304915,0.998505630869994,1.0,0.9970127757253828,0.9820248792309744,0.9983809454121347,0.9925371883128761,0.9973516442165474,0.9971698608719616,0.9990373431960139,0.998110119110526,0.9990533860581386,0.9979228080794473,0.9996619657264391,0.9993980348354543,0.9991984814413282,0.944266300776272,0.9993321412904528,0.9988332133080142,0.9929220544958863,0.999029594939763,0.8826128645830786,0.995842356597432,0.9997387898960435,0.996618958934716,0.9991012312992663,0.9982744855873384,0.999837421438613,0.9975588976676979,0.9572367990200032,0.9980464785067518,0.8830912356251196,0.9964822680628995,0.9983283024239878,0.7523198610512619,0.9949163495298349,0.9989141466457022,0.9989345302264604,0.9985847706204385,0.999261732277309,0.9986410745475104,0.9983019000673468,0.9977412795539565,0.9974648387667592,0.8714326500698948,0.9989108391417203,0.9980480282324634,0.9994568761149571,0.9937746788638557,0.9986370596784625,0.9973426338691369,0.9971041985825189,0.9991581743644075,0.9982761521210177,0.9969878428816129,0.9993139662172562,0.9990338601005776,0.9982243498041239
CMA,0.9982570707067262,0.998600391692937,0.8523467838123306,0.9995037807900188,0.8391372647027396,0.9571673498326907,0.9920550968080396,0.9976074690854875,0.9952186266043825,0.999418642632716,0.9993152898446263,0.986205325486838,0.9984361092365487,0.999464997720216,0.9970127757253828,1.0000000000000002,0.9700790397516619,0.996400069397897,0.9917709917241068,0.9996006490790514,0.9995261617862531,0.9983702973703118,0.9982963335305866,0.9992034203350766,0.9996870438370155,0.9981131754612246,0.9976193896712944,0.9985092726051982,0.9255214094695408,0.9979893934043318,0.9977939293034196,0.9871305548941232,0.998637480307244,0.8534092352320903,0.9975987488607053,0.9976932128226899,0.9908899809139255,0.9993687411579445,0.9986333115380881,0.9977735819298028,0.9978412856405294,0.9397190402174537,0.9998428135186024,0.8551795760969678,0.9997295753602413,0.9995479088252024,0.7282805016917601,0.9947210103221892,0.9981561066790875,0.9988259540200692,0.9992822016985811,0.9981281555311413,0.9985286080850512,0.9930617089972564,0.9995222875433267,0.9988117524754048,0.8433032272419708,0.9992747297044895,0.9995172087953202,0.9987191117692024,0.9899116614527986,0.9989113458551455,0.9921295005466805,0.9981227411579201,0.9991464960534547,0.9992279381391991,0.9974255441594545,0.9976706336008259,0.9970167564645319,0.9992695132069284
CNND,0.9730166909041736,0.9720593167659185,0.9502974091775441,0.9649476759445477,0.9365139375696605,0.9868966426522237,0.9920750678886772,0.9804920851874243,0.9889804050246503,0.9653969191298329,0.9771859805901739,0.9965350697480124,0.9753644165639517,0.9721370253659106,0.9820248792309744,0.9700790397516619,1.0000000000000002,0.9843869446230544,0.9864640798791345,0.9680043043160279,0.9674003331062485,0.978972679985794,0.9691163406403377,0.9785841922985202,0.9715020978063779,0.9785834742364459,0.9770640826674417,0.9748165917909345,0.9892547443682743,0.9748085076452241,0.9786456982551774,0.9862229729524458,0.9735583369726107,0.9531605751480435,0.9787248395046564,0.9818750892264473,0.993416849546383,0.9761907887745269,0.9702479811228012,0.9793334762045676,0.9668923044654429,0.9944704950460955,0.9722360726351693,0.954386507038106,0.9697378132039272,0.9723587152190225,0.8204046301786387,0.9657534254806074,0.972829182420897,0.9730731960044336,0.9777112163374635,0.976797237672767,0.971103643320841,0.990084885287415,0.9687672154604581,0.9676418545654492,0.943693312936275,0.975042908596394,0.9713130257698732,0.9799393118934736,0.9885983143396246,0.9722754148108984,0.9912053122975172,0.9663258142507899,0.9750513883302805,0.9785651280101024,0.9651149392124293,0.9839563248854307,0.9804032454916911,0.9701072313760841
COF,0.9974011604669724,0.996710234817608,0.8889137864875654,0.9947394238260667,0.8781931923361908,0.9757847838507326,0.9971403764509847,0.9987451303786165,0.9990635015230428,0.993962726999338,0.9985948225189726,0.9942105366632716,0.9976877692507204,0.9966656506327525,0.9983809454121347,0.996400069397897,0.9843869446230544,1.0000000000000002,0.9967006765742307,0.9954314652677371,0.9950147803907857,0.9990005670539901,0.9954659531430919,0.9986087969939117,0.9973862970602836,0.9984551086446372,0.9977075978779779,0.9975101281947274,0.9489982222326105,0.9966677408081677,0.9989785668691727,0.9954323673529825,0.9969728105873318,0.8858251859487141,0.9984513161965716,0.9985651266380199,0.9964084733901091,0.9979159387285623,0.9963675366974036,0.9978490349101555,0.9940100614216816,0.9612584887881338,0.9973718675751875,0.8876368652640662,0.9967160866609593,0.9964921044374238,0.773711604416929,0.9914936060773755,0.9965972961008215,0.9964852635709387,0.9985652203204981,0.9980354924199807,0.996323526496288,0.9971014903284979,0.9960839674856711,0.9943224896771017,0.8826264761016396,0.9981903129605867,0.9972203772710172,0.9983374522782125,0.9975086677932903,0.9960129682233547,0.9974446521694609,0.9932709568599039,0.9973555622310095,0.9982910663894655,0.9930824814058585,0.9989040795855845,0.9989327744124764,0.9960082283501696
DFS,0.9902867861382155,0.9890009446951221,0.8950313712674659,0.9881790204324049,0.8784792106213701,0.9817770054828769,0.9939091398393095,0.9926726190321413,0.9964228540982558,0.9880302908173276,0.9938042224251309,0.9931276065112559,0.9905259219300886,0.9902848446629733,0.9925371883128761,0.9917709917241068,0.9864640798791345,0.9967006765742307,0.9999999999999999,0.9889028134658048,0.989018947198071,0.9937943109847683,0.986949871185761,0.9942283780227111,0.9916585635070368,0.9920413134193817,0.9900855111499296,0.9906865176392439,0.9559569590783852,0.9894779625540302,0.9929296361403519,0.9950987516449661,0.9895776957714401,0.8938861044337604,0.9961515584579154,0.992960298401879,0.9944315779378442,0.9928381845586491,0.9896038189947726,0.9915229391036107,0.9853659493313317,0.9660877627165233,0.9922506691402192,0.8971378089111567,0.9917105376147043,0.991166507996556,0.8003101161053809,0.9799351434100096,0.9883973918575831,0.9894083679155005,0.9942892113490988,0.9908634357659859,0.9887637137076939,0.9928049733179812,0.9896995000701078,0.9874176515956399,0.8973459157932865,0.9925769409163161,0.990734693234168,0.9938369504014134,0.9985419725073506,0.9889754112610118,0.9932886526934026,0.984971350155281,0.9915613912648568,0.9953775010193324,0.9840695465848083,0.9951928396714192,0.9923298954260789,0.9890976293346673
EWBC,0.9988694576402379,0.9993830212087889,0.8485538219553638,0.999870234838048,0.8370043049373159,0.953941958977815,0.9915268074940702,0.99787825980501,0.9943562505406998,0.9997379246550123,0.9990328786789452,0.9849785901162816,0.9990157299366892,0.9998279029601981,0.9973516442165474,0.9996006490790514,0.9680043043160279,0.9954314652677371,0.9889028134658048,1.0,0.999872532062246,0.998201823931382,0.9993972106466915,0.9988136310820674,0.9995977816723945,0.99845807667754,0.9983339237066653,0.9991001824890674,0.9219751913834299,0.9988866322615967,0.9977512247439032,0.9857915847911582,0.9992909137814262,0.8503395627436687,0.9959314853984449,0.9978217255081577,0.9900935739141598,0.9993386170056247,0.9992869163263967,0.9983086276839578,0.9992235165871483,0.9368005624075197,0.9996484586755198,0.8514308011380239,0.9991912750695341,0.9996649216038087,0.7182676541064091,0.9961062164962616,0.9990860783454331,0.9995174457150695,0.998778337165164,0.9986132033076326,0.9993897122751104,0.9929571800397915,0.9998650950443714,0.9996567245439807,0.8378681279590017,0.9992908210762929,0.9996282185571215,0.9985226896286074,0.9878754153520418,0.9995939432002378,0.9916369351996596,0.9993581329412908,0.9994475734429913,0.9983834768535701,0.9990040422801091,0.9971144876433545,0.9971011708891642,0.9998498037094864
FCNCA,0.9986378070179825,0.9990637599895028,0.8455668255849877,0.999829730626836,0.8330687559892661,0.9545776136755574,0.9910136278799493,0.9975296815790566,0.9940026646368295,0.9999043718536673,0.9987977323071238,0.9843756287197063,0.998647565724251,0.9996675591876112,0.9971698608719616,0.9995261617862531,0.9674003331062485,0.9950147803907857,0.989018947198071,0.999872532062246,1.0000000000000002,0.9977070704742823,0.9990978653286829,0.9985939953427269,0.9993378490176141,0.9980777667604058,0.9978125449571469,0.9988208057217075,0.9208185440507437,0.9987943595540053,0.997083441251526,0.9860669013797864,0.9990641876166743,0.8488213594389798,0.9952879687695857,0.9974076986474723,0.9897167049004576,0.9992461243698043,0.9992940566308082,0.9980760004947734,0.9991534580721361,0.9357198633705394,0.999530569305851,0.8498521361033967,0.9988073100782713,0.9997763468358455,0.7204992878448471,0.9953757238241299,0.9987335107963989,0.999376465007469,0.9984413035057274,0.998061857029455,0.9992535901750835,0.9924653617362788,0.9998341414531766,0.9997902023653005,0.8369175468671175,0.9990487644867784,0.9992896955153535,0.998437666327357,0.9878389577532968,0.9994786846902427,0.9907876933877972,0.9993434168776614,0.9993901748003379,0.9983320736849268,0.9989405854235448,0.9969121926518933,0.996350637094419,0.9997737626261862
FFIN,0.999207231360303,0.9990313937943531,0.8759586823829263,0.9976743185712349,0.8662125027642925,0.967427103382,0.9960751028641637,0.9996185795197875,0.9981955307582203,0.9969013493877059,0.9997073586349313,0.9916303142077054,0.9994602238467949,0.9989100269276434,0.9990373431960139,0.9983702973703118,0.978972679985794,0.9990005670539901,0.9937943109847683,0.998201823931382,0.9977070704742823,1.0,0.9983247952806498,0.9995726607736614,0.9992185215995626,0.999694402807048,0.9993891947860238,0.9994456123010379,0.9395365359276138,0.9987077264571864,0.999875835471725,0.9924863119114997,0.9988246428908533,0.8735348778762021,0.9983003093132652,0.9994633307861418,0.9949600973094204,0.9993590649652081,0.9986251534484016,0.9992253679403684,0.9973306800665949,0.9529218066424209,0.9990688641614616,0.8749558861211023,0.9985849670717786,0.9984506530051862,0.7500693856136843,0.9941836165776043,0.9988359223183776,0.9987389115899069,0.9996418578245145,0.9996284326993133,0.9986898467451814,0.9967061021968258,0.9984890685400605,0.9973683976577714,0.866401706550452,0.9996715086676433,0.9991047605359692,0.9992339682399975,0.9942237963627628,0.9983937771197563,0.9965403169522628,0.9967041180793637,0.9991540149972277,0.9989501269955983,0.9967605314710429,0.9989531922804236,0.9995960209744822,0.9984671152474086
FHB,0.9995214605528957,0.9998939521635253,0.8536349175782761,0.9991487266462081,0.844968697503355,0.9555271900088254,0.992097449742217,0.9985799902802734,0.994371710484897,0.9986381751544654,0.9986247761637208,0.9854456445598835,0.9995892823922372,0.9995468427637196,0.998110119110526,0.9982963335305866,0.9691163406403377,0.9954659531430919,0.986949871185761,0.9993972106466915,0.9990978653286829,0.9983247952806498,1.0000000000000002,0.998264784267552,0.999072553047059,0.9990403456123925,0.9992898629028706,0.9995991649436007,0.9235335715381295,0.9995486121173981,0.9982331027720167,0.9867732628988825,0.9996536632698004,0.85426822890072,0.9945194986004542,0.9981916754350891,0.9903902742431151,0.9989472231310856,0.9995566124022225,0.9989159281254618,0.9997983137221594,0.9387168701901936,0.9988904926425378,0.85466652499002,0.9979975371795116,0.9989920852443371,0.720419980240452,0.9970336282284247,0.999846988740956,0.9997044245762103,0.9980972080028926,0.9992700329187632,0.9998768795391542,0.9937167574166935,0.9994714114528365,0.9993703767572227,0.8416900695635845,0.9991599503399249,0.9993169575888604,0.9981856099470795,0.9876749202795511,0.9995798552977113,0.9924255886941733,0.9994127423517142,0.9993289878133119,0.9971790104794382,0.9996378989449521,0.9967837956004197,0.9979264676218299,0.9996996482650913
FITB,0.9987917136133035,0.9989127180417777,0.8715538087338762,0.9982418145978788,0.8592132035905504,0.9656318217153195,0.9961839813955159,0.9993280202189446,0.9982552698118582,0.9981067883649959,0.9999410675856362,0.9917564975041643,0.9992668768121508,0.9993966627034334,0.9990533860581386,0.9992034203350766,0.9785841922985202,0.9986087969939117,0.9942283780227111,0.9988136310820674,0.9985939953427269,0.9995726607736614,0.998264784267552,1.0,0.9994047031306258,0.9994518080704292,0.9989427178170134,0.9992245421370928,0.9388782602279702,0.9988323633511738,0.9991536810309528,0.9911625771557931,0.9991087310489748,0.8724985116892092,0.9983409863997962,0.99949809551268,0.9952795889618126,0.9998517623428975,0.9985847744428203,0.9992799721117411,0.9975437731073589,0.9519557057644372,0.9995635912373863,0.8739559689454423,0.9989634025389091,0.9993563723845305,0.7447238053178129,0.9948206905242079,0.9987267157673924,0.9991415074683915,0.999901669530862,0.9992413098562378,0.9987012108068429,0.9968330217039344,0.9989130158884583,0.9981888125030556,0.8623100888962234,0.9996930321342794,0.9993097729790669,0.9998477454606142,0.9935292993000242,0.9990356398420169,0.9962033336631888,0.9975320839449315,0.9995916762399087,0.9997900296711226,0.9969558062204295,0.9995258399679248,0.9988542928273272,0.9989793292232139
FMAO,0.9993009671434999,0.9994015812857461,0.8573315647905118,0.9994887350967603,0.8464143691326035,0.9598067758250634,0.9928644258842201,0.9986331392871247,0.9958716381165693,0.9989422282972081,0.9996656903870331,0.987022743708318,0.9993263942093067,0.9996719328866572,0.9979228080794473,0.9996870438370155,0.9715020978063779,0.9973862970602836,0.9916585635070368,0.9995977816723945,0.9993378490176141,0.9992185215995626,0.999072553047059,0.9994047031306258,0.9999999999999998,0.9990509574870967,0.9987668496437473,0.9993535139276828,0.9273164438541391,0.9987253267798225,0.9989532790712761,0.9890012201870398,0.9992514945916018,0.8562261367906153,0.9977499377065467,0.9984076479542777,0.9914924932723198,0.9995740194499241,0.9993142323852996,0.9985447048406467,0.9984308728646409,0.9417877448329772,0.9999238089187125,0.85774664469697,0.9996948641950156,0.999430294482273,0.733862094182982,0.9954250404825085,0.9990615990214831,0.9992487248308772,0.9994985854944931,0.9991458574354872,0.9992612983106269,0.9938924337147812,0.9997336550321564,0.9987937485055006,0.8479338316885389,0.9998174146440705,0.9999178655568476,0.9989081051866331,0.9910635214861471,0.9991366966576526,0.9932371583040528,0.998215491127689,0.9994537189599104,0.9989999078887399,0.9980129684466678,0.9979340438657468,0.9983402515674841,0.9995189080062239
FMBH,0.99955261837924,0.9995431990963959,0.8740678471894997,0.997838730534232,0.8646229430567315,0.9661964457764081,0.9962773160515052,0.9999412558985421,0.9979541069909171,0.9973031191120562,0.999571348283259,0.9915228998377353,0.9998805746202907,0.9992547003283528,0.9996619657264391,0.9981131754612246,0.9785834742364459,0.9984551086446372,0.9920413134193817,0.99845807667754,0.9980777667604058,0.999694402807048,0.9990403456123925,0.9994518080704292,0.9990509574870967,1.0000000000000002,0.999876198999883,0.9998018268191141,0.9385901834334693,0.9995412937875091,0.9996111317657392,0.9917944240029402,0.9995275424906762,0.8737683378580345,0.9969123805545249,0.9997486387007122,0.9950628181891815,0.9995195228536202,0.9990469432331435,0.9998284294893046,0.9983397950518385,0.9522143021356074,0.9989651684122284,0.8745658835077601,0.9979857858973117,0.9988209383913262,0.7447469352987148,0.9957319124239598,0.999557445018864,0.9994195787328009,0.9992601370951953,0.9998992885026491,0.9993329738929592,0.997177226554749,0.9987451981079846,0.998139082889977,0.8637204774880547,0.9996516606868651,0.9991489159632061,0.9994562338108719,0.9929957256420798,0.9991266814190757,0.9965266330201679,0.9978043875279619,0.999549031006422,0.9986010210965454,0.9978500943223438,0.9990196449634547,0.9995672484140106,0.9990024097818093
FNB,0.999514099530513,0.9996444574939426,0.8724342048047133,0.9976914049698853,0.864179930310454,0.9635855961564593,0.9956600302713822,0.9997477868466417,0.9971714346227875,0.9970255921588088,0.9991290543060806,0.9905524211500806,0.9998858785125846,0.9991046042098096,0.9993980348354543,0.9976193896712944,0.9770640826674417,0.9977075978779779,0.9900855111499296,0.9983339237066653,0.9978125449571469,0.9993891947860238,0.9992898629028706,0.9989427178170134,0.9987668496437473,0.999876198999883,0.9999999999999998,0.9997567466734225,0.936411039207794,0.999532422773607,0.9994559970306007,0.9904230994498812,0.999524916043622,0.8716564953978078,0.9960620729507791,0.9995108452775031,0.9942209551795137,0.999120207136367,0.9989261172959965,0.9996923893220574,0.9986015216560233,0.9503527155390811,0.9985538258795212,0.8721954357555046,0.9975946565619397,0.9984271717445306,0.7380588319598655,0.9964656717968249,0.9997408604536173,0.9993903509402655,0.9987593952557225,0.9999406211062472,0.9993756603100866,0.9967574645302809,0.9985540007016626,0.9980641771998329,0.8601546915196403,0.9993566344199704,0.9989975078774946,0.998954321112791,0.991429044537904,0.9990869283274741,0.9961146633560398,0.9979975658371614,0.999281553244263,0.9978060420825263,0.9981936283455615,0.9983773999039632,0.9995094441402607,0.9989217754788592
GBCI,0.9998531919439392,0.9998789628111655,0.865291091758308,0.9987040029271275,0.856016282852604,0.9628919681708155,0.9946142094015933,0.9995898622096206,0.9967230438893409,0.9981408924566461,0.9994706151523067,0.9890613801400221,0.999939499361527,0.9995923100921658,0.9991984814413282,0.9985092726051982,0.9748165917909345,0.9975101281947274,0.9906865176392439,0.9991001824890674,0.9988208057217075,0.9994456123010379,0.9995991649436007,0.9992245421370928,0.9993535139276828,0.9998018268191141,0.9997567466734225,1.0,0.9323112212486491,0.9997659433564637,0.9992706899463469,0.9906046394769862,0.9996632594453475,0.8652487055201775,0.9962319964400526,0.9992485306589969,0.9932750805207227,0.9995637929961779,0.999656101554218,0.9996425693014955,0.9991591953738205,0.9466305061745839,0.9992431983847493,0.865966077884794,0.9982711620371465,0.9991736649361237,0.7375590511683546,0.9956832735895538,0.9997810469489669,0.9997035365617288,0.9990775960607832,0.9997772040897228,0.9998062088037226,0.9957842361299227,0.9993591281470673,0.998929278769223,0.8555546456294256,0.9997570606856802,0.999398160152148,0.9991624318941851,0.9915078355628484,0.9994429256164812,0.9948147453592262,0.998580923993555,0.9997319935436064,0.9983502787522877,0.9988197198462724,0.9982667589078602,0.9989908256091984,0.9995036381625259
GS,0.9292153074374588,0.9280387527511078,0.9817099380903417,0.9170676740241929,0.9661547511134018,0.972053783252712,0.9640817495845259,0.9417013916640511,0.957288035900935,0.918103238182166,0.9363942333895925,0.9749202608702007,0.9333403546301794,0.9283084229322364,0.944266300776272,0.9255214094695408,0.9892547443682743,0.9489982222326105,0.9559569590783852,0.9219751913834299,0.9208185440507437,0.9395365359276138,0.9235335715381295,0.9388782602279702,0.9273164438541391,0.9385901834334693,0.936411039207794,0.9323112212486491,0.9999999999999998,0.9323131014974614,0.9392357748404232,0.9546307470844895,0.9304940095517488,0.9856229413805102,0.9413093607376103,0.9444783993432144,0.9669647832290761,0.9346626299500017,0.9246742551273407,0.9398747981747083,0.9200467886888938,0.9989683939600479,0.9284475187025529,0.9871371527484671,0.9254167807872083,0.9285636491025983,0.8409282502558311,0.9213940346464913,0.9293988652733434,0.9297194547431311,0.937710583303156,0.935997613097088,0.9262734440419617,0.9601880282910507,0.9226909884555484,0.9212486962679832,0.9731911883844799,0.9327077309387339,0.9271167266485281,0.9409900073325732,0.9586265248154764,0.9286648635989977,0.9629304683182786,0.9196691957004138,0.9327093171464309,0.9392225927598249,0.9174528082792027,0.9481342858978697,0.9423658615897592,0.924945290416795
HBAN,0.9995202623951255,0.9996981622140365,0.8638981072547672,0.9983716339585064,0.854024170351567,0.9620820595335797,0.9946754155080855,0.9993726641033499,0.996371128523111,0.9981894698186304,0.9989906091798355,0.9890573895416848,0.9997166562142688,0.999461040265786,0.9993321412904528,0.9979893934043318,0.9748085076452241,0.9966677408081677,0.9894779625540302,0.9988866322615967,0.9987943595540053,0.9987077264571864,0.9995486121173981,0.9988323633511738,0.9987253267798225,0.9995412937875091,0.999532422773607,0.9997659433564637,0.9323131014974614,1.0000000000000002,0.9984292637927907,0.9897998794703724,0.9997207856377694,0.8665997394797381,0.9947398459970923,0.9991070352668807,0.9934110940036339,0.9993831568060044,0.9994887107306561,0.9997401270501303,0.9994310791281158,0.946577957817448,0.9987781517062183,0.8668501141165216,0.997317269621087,0.9992102867245626,0.7339921486244667,0.9960784813737541,0.999744695168225,0.9998188447351521,0.9984344955137275,0.999392216539265,0.9997813643057499,0.9960085997881825,0.9991093398967854,0.9992194423488194,0.8542463625148783,0.999279708374751,0.9988894181910741,0.9991161578582455,0.9904221892340326,0.9996425770814066,0.9945101112542014,0.9990460145761374,0.9997093729739718,0.9979317297709964,0.9991463650729615,0.9981363849501067,0.9983036791736878,0.9994947565466489
