Ticker,ABCB,ABTX,AJX,ALTA,ARI,AXP,BAC,BBT,BK,BOH,BOKF,C,CFG,CFR,CIT,CMA,CNND,COF,DFS,EWBC,FCNCA,FFIN,FHB,FITB,FMAO,FMBH,FNB,GBCI,GS,HBAN,HOMB,HTH,HWC,IBKR,IBOC,ISBC,JPM,KEY,LARK,MBWM,MCBC,MS,MTB,NAVI,NKSH,NTRS,OPY,PACW,PBCT,PGC,PNC,PNFP,PROV,RF,SCHW,SF,SFBC,SIVB,SLFC,SRCE,STBA,STT,SYF,TCBI,TFSL,TSC,UMBF,UMPQ,USB,WAL,WFC,WSBC,ZION
ABCB,1.0,0.9991400813196876,0.9953841834635214,0.9981408595535177,0.9760310847076231,0.9731327186264118,0.9975519480106276,0.9995886778193779,0.9975480846494609,0.9955889342084394,0.9982746271401949,0.996923781927721,0.9992359827824057,0.9979441212989898,0.9988272298055386,0.9956618777677595,0.9980008740758438,0.997682114022985,0.9868093616658384,0.9975483761811585,0.9972293002064749,0.9990865700561296,0.9986480662505758,0.997535770444623,0.9982001418936577,0.9986590354169654,0.9989133602844762,0.999625249077149,0.9964216475644074,0.9985371601964691,0.999055277077848,0.9902809486661264,0.9983657780294096,0.9920742750163255,0.9925761644816843,0.9985407792072412,0.99693978704017,0.9980555348510559,0.9996596176974853,0.99875749491484,0.9979419774903784,0.9983742493219574,0.997666689716392,0.9940114330472496,0.9952284222569607,0.9968803572084324,0.7832211415265418,0.9989370321706267,0.9984471415596258,0.9979834101977286,0.9971492250902658,0.9991823259667661,0.9906175892880409,0.999295572698138,0.997219271668059,0.9843793100467927,0.9986428725180355,0.9970275049799554,0.9767618026651369,0.9991343640711239,0.9978925091983167,0.9973779217516562,0.9923904477587828,0.9969823725501848,0.9976689464092594,0.9955105428756392,0.9984203121351093,0.9969798527817508,0.9952750618428058,0.9974907042011958,0.9968346393464308,0.998738385514772,0.9981775568213848
ABTX,0.9991400813196876,1.0,0.9945489195317233,0.9987776048497986,0.9742567692065273,0.9641432244155573,0.9990683464592621,0.9998196218098045,0.9986092582617412,0.997096280330876,0.998487665312392,0.9982996004400089,0.9999753901675498,0.9992027950830685,0.9994399720218293,0.9963718615977323,0.9977845705621408,0.995811687473114,0.9833235327016884,0.9987993424230532,0.9981379570310788,0.9987189244479648,0.9998794754084943,0.9981292287155332,0.9984268661055535,0.9998584449639554,0.9998838562483943,0.9997914293492888,0.996966535753148,0.9993719298703142,0.9986390222078486,0.9841418823916078,0.999659617422953,0.9945905698832561,0.9925160452810955,0.9996949121269095,0.9981144016403843,0.9986712397001963,0.9990588586189397,0.9996722882003308,0.9992227070364601,0.9983992104551079,0.9981286341228843,0.9961323219729699,0.995798815961014,0.9978644306029905,0.7595935937975986,0.9998294769577342,0.9998299698912644,0.9994828432736079,0.9975525820145075,0.9998064901900361,0.9914954070629085,0.9998135875086271,0.9990909737750646,0.977359582392976,0.9991628509576832,0.9983505241711246,0.9673558959405383,0.9990941212709924,0.9988323235297067,0.9983200247249634,0.987908906170634,0.9989634925311894,0.999375574122493,0.9981060242710567,0.9991374161947717,0.9974085778357099,0.9956604363241683,0.9988219718084591,0.9979286996973298,0.9991565086189973,0.9992630280050343
AJX,0.9953841834635214,0.9945489195317233,0.9999999999999998,0.9918152017710793,0.9903357617465184,0.9614465576322262,0.9901383238699755,0.9944355142887977,0.9900127951085484,0.9861515537724116,0.9924459049503173,0.9888701480739481,0.994726308427568,0.9913397875378878,0.9914201077612257,0.988850489088118,0.9887703233945994,0.9935009961558506,0.9772528696626103,0.9910519775652881,0.9885084257304029,0.9959322378690925,0.9940018014000319,0.9909760525920913,0.9936051975965071,0.9927187817119774,0.9954335282021929,0.9946649694253346,0.9869565007175913,0.991088682878533,0.9972690280739377,0.9823820140580286,0.9917098579976718,0.9796074520056637,0.9901360405440067,0.9928303917011152,0.9879031753907398,0.9905670901157815,0.9927925199608243,0.9918923468497949,0.9910647813216423,0.9900969182291365,0.9911200323394956,0.9824488721835435,0.991790720445148,0.9876636374080262,0.7702141728838205,0.9937622825354874,0.9936981417791652,0.9908524555914503,0.9919436589295327,0.9960643481259789,0.9846153855438334,0.99323656461558,0.9897494512811598,0.9758049106237198,0.9915822405423321,0.9876988070852157,0.9694546074337184,0.9939556030804043,0.9935356972609616,0.9890110981955774,0.9848860560809333,0.9892124045716064,0.9936484848339778,0.9869932340090165,0.9906801941359041,0.9896000889801535,0.9869721258878972,0.990562285183901,0.988777695121294,0.9971149090151882,0.9907897903942925
ALTA,0.9981408595535177,0.9987776048497986,0.9918152017710793,0.9999999999999998,0.9658317497825746,0.9656270276813753,0.9995135559330807,0.9989358743419843,0.9998226297103016,0.9991838179457274,0.9998593700303097,0.9996685725967149,0.9988783246451572,0.9997860466971223,0.9985277912137371,0.9992953472175933,0.9991965833267343,0.997421141494249,0.9897296141717535,0.9998619326520412,0.9996404549076543,0.999111745134316,0.9982026744834567,0.9998905873209682,0.9996422078862449,0.9989240170667988,0.9980297701138665,0.9989341820513904,0.9993680735722557,0.9980770844694944,0.9983862619202307,0.9846018649658371,0.9990182742028916,0.9940410900945702,0.9962157334829286,0.999566950923861,0.9994154914425902,0.9998933754252561,0.9986659839233545,0.9988416449700269,0.9974947433872584,0.9995767351569905,0.9998826310675724,0.9969817625614349,0.9984296009183684,0.9994482602294421,0.7648616875891853,0.9980819041086284,0.9981150546303654,0.9990205573042825,0.9995601948625936,0.9987832900948045,0.9962278918933546,0.9986410723612659,0.9988717753530617,0.9782625567801301,0.9998436478519614,0.9987055437791612,0.968607926757053,0.9996969008960218,0.9994150966227499,0.9996734006250253,0.990726312606961,0.9988574414474707,0.999214865896617,0.997391561039513,0.9996451007079769,0.9941196643251125,0.9989914469529235,0.9968447048897382,0.9995539117873012,0.9981105767439362,0.9995890379777334
ARI,0.9760310847076231,0.9742567692065273,0.9903357617465184,0.9658317497825746,1.0,0.938278640706367,0.9641878181257283,0.973554201572304,0.9627559820949672,0.9557721816504443,0.9667360937615743,0.9608228509139431,0.9743448409211501,0.9658929076247795,0.9686649242268229,0.9591123453594175,0.9609611383659131,0.9700423323321411,0.9425310642705542,0.964871208430348,0.9601000809819349,0.9745783399358827,0.9744051513453307,0.9637321173750814,0.9690225846396582,0.9706891486183352,0.9769986997822584,0.9741029853062801,0.9565916566265705,0.9691298132042315,0.978145909366471,0.9617600545020852,0.9685364011160181,0.9516908802054797,0.9625164520544328,0.9695115109793706,0.9595718121826805,0.963755921176427,0.9705463278723256,0.9693317593848999,0.9700797529307065,0.9631942172545898,0.9640329159985245,0.9527420934534347,0.9650505332968612,0.9586266266684238,0.7519096601841742,0.9742377358811894,0.9738582604410628,0.9668204105427993,0.9653865361118804,0.9766139644778302,0.9516594247603198,0.9721596160016444,0.9648523712647493,0.9542003033405488,0.9661617579018222,0.9609405744731072,0.9518717638848245,0.9704191170237639,0.9698083202881556,0.9609728088087273,0.9592269253899468,0.9637301060340165,0.9710299336756893,0.9618302665183754,0.9650028654842977,0.9720287709575862,0.9557109204817964,0.9700898095728294,0.9602182462364942,0.9788631633955843,0.965464072627368
AXP,0.9731327186264118,0.9641432244155573,0.9614465576322262,0.9656270276813753,0.938278640706367,1.0,0.9617241392951533,0.9687594558671335,0.9647063378965461,0.9612586214575982,0.9683546337199309,0.9625134750338771,0.9651346496387022,0.9627486044825262,0.9682762576881755,0.9642854742032457,0.9728590466927206,0.9775557445615566,0.9792292168198529,0.9616750651895704,0.9651764482612436,0.9686625032755442,0.9613933087438745,0.9663225701159525,0.9675219962348288,0.963264989345727,0.962560268825726,0.9675038837120271,0.9670844289619583,0.9653181250735579,0.967840347452267,0.9953492924364911,0.9635312505664728,0.9526414939467537,0.9627531400520726,0.9629183883357311,0.963361129943058,0.9670521942722623,0.9730008541573194,0.9648020644001062,0.9611462982039777,0.9710621050805085,0.967039319285623,0.9562566324434966,0.962349054094041,0.9657111512421664,0.9027850565818756,0.9633885478235943,0.9614814460174572,0.962012294831619,0.9654301687185152,0.9640794355507314,0.9599668311429324,0.9670784906722352,0.959006729305908,0.998104449782032,0.9674533316262826,0.962032542310445,0.9946204391388133,0.9696098085323842,0.9641925936561329,0.9659758166649096,0.9884525161400625,0.9591432403550432,0.958573083782521,0.9542213045090483,0.9665151259228043,0.9644190520645671,0.96672630616709,0.9594980510504271,0.9654344496848671,0.9647455418184245,0.9640561524842166
BAC,0.9975519480106276,0.9990683464592621,0.9901383238699755,0.9995135559330807,0.9641878181257283,0.9617241392951533,1.0,0.9989159959439483,0.9997917866339004,0.99938909076292,0.9989960735404202,0.999813656804789,0.9990443850164271,0.9999247571814451,0.9991665621640553,0.9982161706338181,0.9988431863459335,0.9951251754873875,0.9857378611332533,0.9997664311605965,0.9996664151002965,0.9978650227712129,0.9988902738236993,0.9991991088312915,0.9985865920120003,0.999532414355526,0.9983997769962023,0.9988592186582843,0.9989927951151182,0.9990145775957827,0.9970964410050245,0.9816487237346937,0.9996778383602016,0.9965385386199066,0.9935143019857076,0.9997670301074537,0.999729514388991,0.9996402177190769,0.9984272244545019,0.9994864571089641,0.9987155497013694,0.9992405130595057,0.9991230662557906,0.9984745302112014,0.996691243507334,0.9995824441504505,0.753044514433544,0.9987447844876376,0.9988922327855003,0.9998171713642,0.9983995657786445,0.99856890062227,0.9942565248280523,0.9990716055943414,0.9998255530008443,0.9748243880819155,0.9996879649601536,0.9995549056234155,0.9637900850279733,0.9989108245105426,0.9988758909980954,0.9996980265280553,0.9873293760519819,0.9998503453802612,0.999331929207988,0.9991097963981614,0.9998033306950377,0.9957393700153063,0.9978948187798746,0.9982053841030757,0.9994487373288585,0.9974771811049487,0.9999289356453641
BBT,0.9995886778193779,0.9998196218098045,0.9944355142887977,0.9989358743419843,0.973554201572304,0.9687594558671335,0.9989159959439483,1.0,0.9987399394660496,0.9971518807271272,0.9988670787962719,0.9983125699916787,0.9998902011546738,0.9991142354429481,0.9996199530206238,0.9967315115894374,0.9985020074977176,0.9969705656408091,0.9856975364705174,0.9986877113665206,0.9983202028028101,0.9990073972670519,0.9995126310472445,0.9984321187410377,0.9987515914025604,0.9996663782181628,0.9995585373811391,0.9998555843702668,0.9974122191561848,0.9993085385806727,0.9988389648061865,0.9870550283609563,0.9995280805205464,0.9940427458351319,0.9930921833069899,0.9995453087993765,0.9981702700089257,0.9989428890157961,0.9995417614538269,0.9995823455471712,0.9988433846469866,0.9989365223775732,0.9984770740416907,0.9957927949492418,0.9960591850429462,0.9981353260203296,0.7710231787023004,0.9995742288208759,0.999497666730421,0.9992521545065647,0.9978141081967589,0.9996433121981977,0.9920462980792008,0.9998500315086231,0.9987082680687102,0.9809738357022149,0.9993763742973946,0.998216706032804,0.9714084936465219,0.999458154749638,0.9989081587691524,0.9985581076229495,0.9903698244073277,0.9986177306695885,0.9989719746928649,0.9974365570842058,0.999274874480481,0.9972388260118339,0.9962528917436108,0.9983137881433314,0.9982014945856885,0.9991142501462807,0.9992308633829697
BK,0.9975480846494609,0.9986092582617412,0.9900127951085484,0.9998226297103016,0.9627559820949672,0.9647063378965461,0.9997917866339004,0.9987399394660496,1.0000000000000002,0.9995997351194619,0.9995654218396133,0.9999352839125907,0.9986901114963709,0.999864859576958,0.9988056959751407,0.9991334681193909,0.9993398219692258,0.9964480929269398,0.9887556309854747,0.9998264748706268,0.9998679881293284,0.9982733430031606,0.9981380232804711,0.9997610203827689,0.9991910830492851,0.999031008203783,0.9977723864072732,0.9985815033232387,0.999565367794558,0.9983179107168361,0.9973849780690459,0.9834616856296664,0.9992568542083787,0.9952256369114771,0.9952083428610331,0.9995297245278012,0.9997353562797993,0.9999287859811098,0.9984091956823852,0.9989730402869196,0.9977147987768837,0.9996323763508781,0.999713620807761,0.9978258191006661,0.9977664176593743,0.9998342849013526,0.7617516836567664,0.9979957493819143,0.9981723540600922,0.9993304676509367,0.9991229987957178,0.9983048613115737,0.9959656242701037,0.9986215443029822,0.9992473172714909,0.9772678867916227,0.9998211360650726,0.9991200249960179,0.9663443002852612,0.999289882348916,0.9991787782725374,0.9999487577723704,0.9895627033688922,0.9993371579967658,0.9990908296437032,0.9981052638044811,0.9997694561214248,0.9943525635931553,0.9989491482803025,0.9970272441251966,0.9998651984406538,0.9974435375896282,0.9997481924665589
BOH,0.9955889342084394,0.997096280330876,0.9861515537724116,0.9991838179457274,0.9557721816504443,0.9612586214575982,0.99938909076292,0.9971518807271272,0.9995997351194619,0.9999999999999998,0.9986448259996675,0.9998127798103144,0.9971269214438844,0.9992905328253606,0.9976460583566846,0.9989450126856966,0.9988551516310351,0.9945475886356558,0.9885412778924811,0.9994200731253047,0.9997844011985694,0.9966231704267684,0.9967050004789101,0.9991954327413022,0.9980036947714028,0.9979076546522762,0.9959309919794772,0.9971213110034645,0.9997015142646872,0.9973375882647671,0.9953128581792899,0.9804434161792839,0.998306481853161,0.9960593500048481,0.9941538443183603,0.9986092857665758,0.9998028143197307,0.9994305152117073,0.9971022363264826,0.998019677691439,0.9967705478702356,0.9990278110699253,0.9991059672745186,0.9986708958954035,0.9968590421666578,0.9997955385860324,0.7538557115292022,0.9965543216100323,0.9966863781419683,0.998625730376211,0.9983812431716657,0.9965388137624857,0.9959473226612102,0.9972731508995907,0.9988693962760831,0.9738147619881683,0.9990966631445544,0.9991218982530515,0.962957737181634,0.9980187331767456,0.9979388397573465,0.9996705147502154,0.9876709777629592,0.9989836680288378,0.9979933848871845,0.9980394264601333,0.9992040676333426,0.9928644223395416,0.9990108438256516,0.9961383243789094,0.9995363862151248,0.99523379019822,0.9992219032990662
BOKF,0.9982746271401949,0.998487665312392,0.9924459049503173,0.9998593700303097,0.9667360937615743,0.9683546337199309,0.9989960735404202,0.9988670787962719,0.9995654218396133,0.9986448259996675,0.9999999999999999,0.9992643658508998,0.9986858321539102,0.9994124899924722,0.9982219709263569,0.9993834789298164,0.9991633129401071,0.9983897973006383,0.9912001573592872,0.9994822732536432,0.9992491629106068,0.9993582708605576,0.9977023145378362,0.9999027148605926,0.9999022774788571,0.9984905722439075,0.9977487070551093,0.9987086765326765,0.9991388288727513,0.9974687958632296,0.9987071345036309,0.9863082287044417,0.9986068526276436,0.9923863473612821,0.9970820560465522,0.9992055518625034,0.9988481956223906,0.9997222460947258,0.998561231061997,0.9983241279448236,0.9966496002777177,0.9995038932238125,0.9999322831438948,0.995719432591053,0.9988621959595233,0.9991005533406044,0.7730795574463333,0.9975858913013195,0.9976791130563232,0.9984462920884364,0.9997100604263198,0.998685084721225,0.9967787870601532,0.9983173396820688,0.9981039639357971,0.9806184180418636,0.9996403587664902,0.9978731516139716,0.9709196503051536,0.9998419501282535,0.999562405821463,0.999411539861657,0.9923822545908028,0.9981520158300359,0.998904916868305,0.9962617249354929,0.999282760377656,0.9932424497574587,0.999097848356767,0.9958453257746277,0.9994451848243514,0.9983387939461957,0.9991187721258383
C,0.996923781927721,0.9982996004400089,0.9888701480739481,0.9996685725967149,0.9608228509139431,0.9625134750338771,0.999813656804789,0.9983125699916787,0.9999352839125907,0.9998127798103144,0.9992643658508998,1.0,0.9983428226794281,0.9998084315422392,0.9985271946981058,0.9990461897831635,0.9991022908942789,0.995629208690447,0.9881443682651139,0.9998224063818939,0.9998888741075408,0.997752670715367,0.9979111866091487,0.9995888681221503,0.9988199677211771,0.9988558669370295,0.997401061253425,0.9982090480860285,0.9995818200058822,0.9981623486938324,0.9967612231161558,0.9818362696756493,0.999133644749238,0.9957823674145523,0.9947638363676506,0.9993927330519741,0.9998432261825001,0.9998021585237928,0.997978368805676,0.9988199103398899,0.9976462804017961,0.9993969781062048,0.9995213877609517,0.9982991574344482,0.9974703683660048,0.9998506180542388,0.7562982862724,0.9977442041408753,0.9979295781557392,0.9992919090724572,0.9988822033209843,0.9978991153814241,0.9958609627207206,0.9983178828696155,0.9993461019884459,0.9753361805340058,0.999636902364439,0.9992699895869305,0.9643385354212942,0.9988917495103824,0.9988933169277293,0.999898988589538,0.9884787818231806,0.9994465874525092,0.9989493344607163,0.998395845879956,0.9996598261011959,0.994080415465373,0.9988906554145984,0.9970110301897492,0.9997963518930844,0.9968686037170805,0.9996972888713787
CFG,0.9992359827824057,0.9999753901675498,0.994726308427568,0.9988783246451572,0.9743448409211501,0.9651346496387022,0.9990443850164271,0.9998902011546738,0.9986901114963709,0.9971269214438844,0.9986858321539102,0.9983428226794281,0.9999999999999999,0.9992228588636315,0.9994474075949855,0.9966084524666813,0.9979371645554641,0.9962675370567372,0.9841101765316168,0.9988272736254634,0.99817329911489,0.9988970756753927,0.999791414355801,0.9983077122084534,0.9986586942123,0.9998150195094021,0.9998326068058755,0.9997946374457716,0.9970849288111077,0.9992660907832646,0.9988171706395513,0.9847425113360996,0.9996475361446959,0.9941936582848573,0.9930164901451066,0.999697940466421,0.9980975371293199,0.998777323375811,0.9991061047257928,0.9996003118967939,0.9990119015458743,0.9985244276585118,0.9983195120710803,0.9958801738281511,0.99613048031937,0.9979357597069135,0.7623262637887326,0.9997323973809955,0.9997695797664939,0.9994048644466647,0.9977646453055294,0.9998405842470438,0.991950271214881,0.9997956854022768,0.9989641201199401,0.9782054486995273,0.9992268460859156,0.9982063007994831,0.9682774752308979,0.9992658002186664,0.9990393737975511,0.998402699092759,0.9886575405793981,0.998868732223974,0.999392807232748,0.997856196299566,0.9991480344247129,0.997136849586025,0.9959244681124009,0.998538617511781,0.998086072708065,0.9993046941182673,0.9992409027952067
CFR,0.9979441212989898,0.9992027950830685,0.9913397875378878,0.9997860466971223,0.9658929076247795,0.9627486044825262,0.9999247571814451,0.9991142354429481,0.999864859576958,0.9992905328253606,0.9994124899924722,0.9998084315422392,0.9992228588636315,1.0,0.9990448661174943,0.998645152053017,0.9989212254208596,0.9960590475124858,0.9869014989986713,0.9999109995814744,0.9996532149592839,0.9985347022943839,0.9989005531878844,0.999525065365962,0.9991310891735707,0.9995010711719902,0.9985701680686357,0.9990787948478159,0.9990635041769024,0.9987995101645958,0.9978511250251216,0.9825806658893222,0.999601286588285,0.9955587920389642,0.9946701993752702,0.9998685480695748,0.9996129602137442,0.9997871839050827,0.9985918864090877,0.9993896127880143,0.9984396074928683,0.9993631860109584,0.9994715069974922,0.9978597600849536,0.9975044283540961,0.9995150343318285,0.7563474800449502,0.9987322823410321,0.998871414248171,0.9996661716024766,0.9989484311369458,0.9989322289814938,0.9950030973555827,0.9990857824994794,0.999601618091082,0.9758848242687026,0.9998234411225442,0.9992543998204945,0.9653093948391771,0.9993400261904243,0.9992911522034079,0.9997143838509425,0.9884406770032723,0.9996036417019357,0.9995496189337878,0.9986000171489076,0.9998068806079429,0.9953159746771967,0.9982521643150472,0.9978772785774165,0.9995258436024556,0.9980574774191382,0.9998967023716777
CIT,0.9988272298055386,0.9994399720218293,0.9914201077612257,0.9985277912137371,0.9686649242268229,0.9682762576881755,0.9991665621640553,0.9996199530206238,0.9988056959751407,0.9976460583566846,0.9982219709263569,0.9985271946981058,0.9994474075949855,0.9990448661174943,0.9999999999999999,0.9961695266871607,0.9987749437403727,0.9953980880710583,0.9843574223907541,0.9984654548584394,0.9986161309551541,0.9976374029669111,0.9993077811791338,0.9980016477048744,0.9977791748711564,0.9996951233929187,0.9990015364966951,0.9993670486131212,0.997673945220582,0.9997698726690375,0.9971862290790465,0.9860553533090805,0.9997167224962967,0.9961367401710881,0.9909605182653224,0.9993263018048982,0.9986387398503391,0.9988801565970009,0.9993709916504318,0.9997962742238996,0.9992949164509949,0.999023003169702,0.9980075907166769,0.9972413700069177,0.9945406703510011,0.9986064943033626,0.7680800617326307,0.9994517757050401,0.9993864392062857,0.999593696022452,0.9968784366910342,0.9987396213363853,0.9909690455595902,0.9998244591027271,0.999165194839564,0.9800130469295962,0.9992781809786916,0.9989682517899177,0.9693239608339389,0.9987147659346041,0.9981152700976416,0.998815151785912,0.9889198685477778,0.9991626912464819,0.9984003372108813,0.9984273980714707,0.9994447906868207,0.9979876076235578,0.9959706900515981,0.9988096075295932,0.9983602096574016,0.9977596092440686,0.9994057728526945
CMA,0.9956618777677595,0.9963718615977323,0.988850489088118,0.9992953472175933,0.9591123453594175,0.9642854742032457,0.9982161706338181,0.9967315115894374,0.9991334681193909,0.9989450126856966,0.9993834789298164,0.9990461897831635,0.9966084524666813,0.998645152053017,0.9961695266871607,0.9999999999999999,0.9983532807037465,0.9971719211966368,0.9925491877267735,0.9990375508543761,0.9989371561988962,0.9979099702765825,0.9954160652237595,0.9996842568150337,0.9992059172453013,0.9966732664712239,0.9952648050781239,0.9965782536538541,0.9992889750018089,0.9952457196914474,0.9968220793391853,0.9826639950230388,0.9970086765938015,0.9912240048559848,0.9980143080400868,0.9979247993122524,0.9984949824841274,0.9991295525814701,0.996422758463744,0.9964569701005764,0.9943151050031114,0.9986442862574854,0.999657300411201,0.9953779400046291,0.9992856961446899,0.9988627765144669,0.7663482163259345,0.9951124520442616,0.9954169994517731,0.9970470496826896,0.9996223716487871,0.9966414922735509,0.9987040576186069,0.9960790934574658,0.9970054978683244,0.9769365304539182,0.9986509742213092,0.9969270527393621,0.966595386596401,0.9986178091060381,0.9986993454909596,0.9990175845498946,0.9909295225554191,0.9971609311608429,0.9978428510458803,0.9950821928706262,0.9982390654411518,0.9895200667137385,0.9998412475011587,0.9933601344474666,0.9992930351879781,0.9962252394204063,0.9980970653630126
CNND,0.9980008740758438,0.9977845705621408,0.9887703233945994,0.9991965833267343,0.9609611383659131,0.9728590466927206,0.9988431863459335,0.9985020074977176,0.9993398219692258,0.9988551516310351,0.9991633129401071,0.9991022908942789,0.9979371645554641,0.9989212254208596,0.9987749437403727,0.9983532807037465,1.0000000000000002,0.997259321114883,0.991265408643469,0.9987672330481012,0.999502774253533,0.9978413595708406,0.9970980146714278,0.9991729850094064,0.9985424167928981,0.9982054667402164,0.9967137989965843,0.9982988923642798,0.9995225997193028,0.9981271034262266,0.9967878166807241,0.9885819431625015,0.9984744148881535,0.9946775792033443,0.9940001727694652,0.9985694969022393,0.9992518772010536,0.999587976745259,0.9990560473971591,0.9985286430748939,0.9970914281546744,0.9999268552479552,0.9992191163329363,0.9971777106502526,0.9964205784737753,0.9995451801972747,0.7815886076162397,0.9973192953961519,0.9970864413052758,0.9984608000178292,0.9983211051532568,0.9973080018762381,0.9946898661681451,0.9983696663556675,0.998116208793882,0.9832850702014603,0.9995263306453138,0.9986896812353165,0.9736461392068904,0.9990413416189557,0.9980359669096137,0.9995493075751678,0.9929026223671055,0.998182175491609,0.9973672529740518,0.9967004089155256,0.9994838392845646,0.994706665024921,0.9986782737227404,0.9963691165352526,0.9992656455921219,0.9963372927735976,0.9991343039907392
COF,0.997682114022985,0.995811687473114,0.9935009961558506,0.997421141494249,0.9700423323321411,0.9775557445615566,0.9951251754873875,0.9969705656408091,0.9964480929269398,0.9945475886356558,0.9983897973006383,0.995629208690447,0.9962675370567372,0.9960590475124858,0.9953980880710583,0.9971719211966368,0.997259321114883,0.9999999999999999,0.9944413464947623,0.9961753112454469,0.9959492488449039,0.9986917548085614,0.994392965880222,0.9976989241654419,0.9985976149773481,0.9951651334074575,0.995110038718013,0.9966660249189904,0.9963097561187584,0.9940198030715444,0.9983455672118784,0.9920680495594192,0.9951809949687003,0.9854224296468348,0.9971883693506802,0.9960578691991836,0.9950288954417212,0.9971170074920918,0.9971424758017783,0.995013824530487,0.9925327198802285,0.997443722413737,0.9979059891253991,0.9897946661640188,0.9976628600641746,0.9957234471224589,0.8025488179774585,0.9945252152350592,0.9942960796528943,0.9945249475976511,0.9980547805969932,0.9966716398347643,0.9952267858027353,0.9957171905515994,0.9935468307562255,0.9879607818077805,0.9971101590272139,0.9934995485115091,0.9805650881668642,0.9985177624317904,0.997533807411897,0.9962792358064898,0.9969640739850805,0.9935797669109571,0.9955501705838921,0.9904487618420251,0.9962777657510192,0.9897174569400754,0.9970356528146117,0.9914767560219271,0.9964717486854714,0.997117388438895,0.9956710303289913
DFS,0.9868093616658384,0.9833235327016884,0.9772528696626103,0.9897296141717535,0.9425310642705542,0.9792292168198529,0.9857378611332533,0.9856975364705174,0.9887556309854747,0.9885412778924811,0.9912001573592872,0.9881443682651139,0.9841101765316168,0.9869014989986713,0.9843574223907541,0.9925491877267735,0.991265408643469,0.9944413464947623,0.9999999999999999,0.9878041507373366,0.9891121438862674,0.9894929303477539,0.9808629119529918,0.9910856447376265,0.9908653154515875,0.98329135633482,0.9811800974712381,0.9853348472838275,0.9915218413357045,0.9821236736096289,0.9877498020180258,0.9885597502538119,0.9840206057653103,0.9747576769575375,0.9935292737909496,0.9855372057099762,0.9877291790645799,0.9897872975725679,0.9876414030606233,0.9836953385979661,0.97933497990985,0.9906005308397114,0.9913960515629913,0.981580370660019,0.9918741850698102,0.9891420978774847,0.8243753825787331,0.9812489526324719,0.9806608759546909,0.9835175076682818,0.9916512759901099,0.9843362583137518,0.9935721640504465,0.9839514791508052,0.9827250585988742,0.9863004751265437,0.9887469169452842,0.9844672219716925,0.9811064207003511,0.9900241006287636,0.9882983710928507,0.9891408727346622,0.9967178557874592,0.9830288007285016,0.984148431863575,0.9785235344842661,0.9876231951180593,0.9745748948983607,0.9937782000231707,0.9777731708885901,0.9897164232461539,0.9846142436481999,0.9863486173699008
EWBC,0.9975483761811585,0.9987993424230532,0.9910519775652881,0.9998619326520412,0.964871208430348,0.9616750651895704,0.9997664311605965,0.9986877113665206,0.9998264748706268,0.9994200731253047,0.9994822732536432,0.9998224063818939,0.9988272736254634,0.9999109995814744,0.9984654548584394,0.9990375508543761,0.9987672330481012,0.9961753112454469,0.9878041507373366,0.9999999999999998,0.9996683823890762,0.998585326994071,0.9984281678023177,0.9996574717816835,0.9992224788621067,0.9990839045485863,0.9980833454384569,0.9987585113828673,0.9992151815934417,0.9982333818304753,0.9978300217716904,0.98189982732457,0.9991912806482778,0.9950669673604136,0.995430469933913,0.999677812541843,0.9995982000290827,0.9997520918967957,0.9982278231284806,0.998971447208997,0.9978812030128157,0.9992345473573282,0.9996041013174813,0.9977176904448719,0.9980039316101121,0.9994599304769524,0.7545732027951126,0.998225806643453,0.9983255561360542,0.9993015340502097,0.999240939768599,0.9986715902210122,0.9957716389433365,0.9985915145967459,0.9993359988538847,0.9749874422882242,0.9997008904267535,0.9990585816661076,0.9649663620479533,0.9992708749441953,0.9992365331556564,0.9996330336754109,0.9885328092762045,0.9993167660483631,0.9994422087773557,0.9982048417016723,0.9996263891505325,0.994329100399788,0.9986372454056732,0.9973309312905411,0.9994839198431502,0.9977873775223477,0.9997131536230446
FCNCA,0.9972293002064749,0.9981379570310788,0.9885084257304029,0.9996404549076543,0.9601000809819349,0.9651764482612436,0.9996664151002965,0.9983202028028101,0.9998679881293284,0.9997844011985694,0.9992491629106068,0.9998888741075408,0.99817329911489,0.9996532149592839,0.9986161309551541,0.9989371561988962,0.999502774253533,0.9959492488449039,0.9891121438862674,0.9996683823890762,1.0,0.9977656502501311,0.9976897808080205,0.9995281250882339,0.9986778455158787,0.9986940078143663,0.9971343679406505,0.9983036322515385,0.9997987900488379,0.9982836922725352,0.9966807009473805,0.9836584239593451,0.9989489988240646,0.9959954208498817,0.9943818754171572,0.9992100042293229,0.9999358673254136,0.9998462163815051,0.9984160640537414,0.9988538760019872,0.9976795075045034,0.9996799668574534,0.9994852412294257,0.9984612195921315,0.9970808445645432,0.9999393783766392,0.7622909822603506,0.9976697251195337,0.9976285994423356,0.9991520362066812,0.9987700955046784,0.9976690915892512,0.9954673226346907,0.9983651330641714,0.9991703723758159,0.9772458080492915,0.9997156666248145,0.9994311339439005,0.9669499850993399,0.9989224876479282,0.9984789006667065,0.999919344342395,0.9895520294681781,0.9992102155021467,0.9984647878493688,0.9981480951125155,0.9997674342621141,0.9944549851079845,0.998962061729251,0.9970939181497739,0.999672735692364,0.9964862249123347,0.9996897737432976
FFIN,0.9990865700561296,0.9987189244479648,0.9959322378690925,0.999111745134316,0.9745783399358827,0.9686625032755442,0.9978650227712129,0.9990073972670519,0.9982733430031606,0.9966231704267684,0.9993582708605576,0.997752670715367,0.9988970756753927,0.9985347022943839,0.9976374029669111,0.9979099702765825,0.9978413595708406,0.9986917548085614,0.9894929303477539,0.998585326994071,0.9977656502501311,1.0,0.9979780805808803,0.9988547716839538,0.9995596066749732,0.9981744430173038,0.9983641718773468,0.9991188890251569,0.9973253041808131,0.9971254046908641,0.9998522448842444,0.9873836482069062,0.9979481045830149,0.9902926116296998,0.9965795204347595,0.998786716122709,0.9973162265290074,0.9986401003201125,0.9986255513267488,0.9979533068844257,0.9965301693204213,0.9984218190309343,0.9989398749834995,0.9935738812420369,0.9982705280541578,0.9973389601128204,0.7752178591170885,0.997914798165313,0.9977470596676329,0.9976246891449202,0.9990736063886609,0.9993152439070401,0.9946845057652322,0.9983099443518781,0.9970970841126874,0.981236091609813,0.9988743588015753,0.9965802992431597,0.9735253991963803,0.9996922384499306,0.9990988670132273,0.9979003606946036,0.9923833414132525,0.9969072739160769,0.9986391146647625,0.9949267838301845,0.9983688932441706,0.9937663679953469,0.9972629923917055,0.9958886091367826,0.9977479700501598,0.9992436821888162,0.9982275486517305
FHB,0.9986480662505758,0.9998794754084943,0.9940018014000319,0.9982026744834567,0.9744051513453307,0.9613933087438745,0.9988902738236993,0.9995126310472445,0.9981380232804711,0.9967050004789101,0.9977023145378362,0.9979111866091487,0.999791414355801,0.9989005531878844,0.9993077811791338,0.9954160652237595,0.9970980146714278,0.994392965880222,0.9808629119529918,0.9984281678023177,0.9976897808080205,0.9979780805808803,0.9999999999999999,0.9973903096472059,0.997590015922815,0.9998171447180759,0.9998386914816391,0.9995633380892563,0.99627665563681,0.9994935896505328,0.997941510417931,0.9822302926072101,0.9995765064685173,0.9953349631536329,0.9909311459233808,0.9994918097543923,0.997831423120585,0.9981287087403794,0.9986460525280806,0.9996585424589444,0.9995547857609699,0.997770047889836,0.9973640559807507,0.9963831666027841,0.994661821214407,0.9974034589634141,0.7523045142492069,0.9999350994017825,0.9999257259507867,0.9994589340854042,0.9966657916722563,0.9995219983697446,0.9900012444500057,0.9997188585269035,0.9991784726769852,0.9749619246798671,0.9986990012388351,0.9983604363738088,0.9650612154812085,0.9984080866323191,0.998212129087704,0.9978216602652706,0.9858376355560471,0.9990015152038785,0.9991600662252401,0.9985210520707092,0.9988080719284499,0.9979660663739724,0.9946316028483294,0.999270746531038,0.9973154202011213,0.998681340478359,0.9990514166723613
FITB,0.997535770444623,0.9981292287155332,0.9909760525920913,0.9998905873209682,0.9637321173750814,0.9663225701159525,0.9991991088312915,0.9984321187410377,0.9997610203827689,0.9991954327413022,0.9999027148605926,0.9995888681221503,0.9983077122084534,0.999525065365962,0.9980016477048744,0.9996842568150337,0.9991729850094064,0.9976989241654419,0.9910856447376265,0.9996574717816835,0.9995281250882339,0.9988547716839538,0.9973903096472059,1.0000000000000004,0.999708342944848,0.9983325447523744,0.997259396308104,0.9982798872710417,0.9994923955880124,0.9972838384595012,0.9980165357732339,0.9846491997698286,0.9985415498283993,0.9930548301038071,0.9970248363333917,0.9991409010505988,0.9991951780006867,0.9998119425456884,0.9981134761160542,0.9981819130731271,0.9964955328377723,0.9994885826018602,0.9999927464753916,0.9964097678081295,0.9988798302782469,0.9994313497929915,0.7680166318612808,0.9972120752642983,0.9973855308795675,0.998497968764609,0.9997237567753853,0.998210106251494,0.9972857638257409,0.9979756065737683,0.9983162931440447,0.9787934440605032,0.999608838376144,0.9981527218873537,0.9686370156562584,0.9995437286320022,0.999418595284294,0.9996436065780158,0.9913811784497589,0.9984036759088308,0.9988646200188624,0.9966471005555265,0.9993212336683246,0.992709228659996,0.9994609931920947,0.9956818419026066,0.999712503857131,0.9977006734644566,0.9992071674822947
FMAO,0.9982001418936577,0.9984268661055535,0.9936051975965071,0.9996422078862449,0.9690225846396582,0.9675219962348288,0.9985865920120003,0.9987515914025604,0.9991910830492851,0.9980036947714028,0.9999022774788571,0.9988199677211771,0.9986586942123,0.9991310891735707,0.9977791748711564,0.9992059172453013,0.9985424167928981,0.9985976149773481,0.9908653154515875,0.9992224788621067,0.9986778455158787,0.9995596066749732,0.997590015922815,0.999708342944848,1.0,0.9982498546560896,0.997831079499253,0.9985588075629641,0.9985116695263683,0.9969431942742936,0.9990918244750268,0.985872339322692,0.9983110706147001,0.9910357859544168,0.9976499545746801,0.9990225609544496,0.9982019056065442,0.9993519996621809,0.9981549961791221,0.9979134351369634,0.9961461906704859,0.9990043251801373,0.9997457850968477,0.9946088472837974,0.9992058920177647,0.9984841345637896,0.7725020231956736,0.9973852384754844,0.9975834094937452,0.9980432795223428,0.9997259691627309,0.99885333560079,0.9968924951190138,0.9980341945191422,0.9976252205740097,0.980235094067203,0.9992928078971316,0.9971038054441296,0.9705147270878057,0.9997968960613869,0.9997287124119258,0.9989256192918592,0.9922593631046376,0.9976777611391556,0.9989895304765269,0.995596700101648,0.9988136823402037,0.9925674385101068,0.998726288000095,0.9952904391535745,0.999072097826875,0.9987822397079154,0.9986854927607738
FMBH,0.9986590354169654,0.9998584449639554,0.9927187817119774,0.9989240170667988,0.9706891486183352,0.963264989345727,0.999532414355526,0.9996663782181628,0.999031008203783,0.9979076546522762,0.9984905722439075,0.9988558669370295,0.9998150195094021,0.9995010711719902,0.9996951233929187,0.9966732664712239,0.9982054667402164,0.9951651334074575,0.98329135633482,0.9990839045485863,0.9986940078143663,0.9981744430173038,0.9998171447180759,0.9983325447523744,0.9982498546560896,1.0,0.9995761132177211,0.9995808216061307,0.9975913719840914,0.9996515886741175,0.9978634731296729,0.9831658511300364,0.9999357568110745,0.9959613407658564,0.992062269774822,0.9998197401326531,0.9987672245255489,0.9989940657434401,0.9989795730352823,0.9998906853401094,0.9994797167512853,0.9987165976024054,0.9983010190773214,0.9973122195089761,0.9955742837265478,0.9985324139373896,0.7563884049639815,0.9997623270955598,0.9998247132708266,0.9998662381492248,0.9975098393923089,0.9994054184711538,0.991790670631863,0.9998305914552449,0.9996081263821942,0.9763678341283414,0.9993765479186565,0.9990293126090501,0.9657455794558747,0.9989246865445468,0.9987520704314415,0.99884421528664,0.9872657808732073,0.9995499420844947,0.9993685862777162,0.9988994282010107,0.9994818952022468,0.9975243644615718,0.9961289181032611,0.9990674391969195,0.9984568185794197,0.9985157725051579,0.9996306054005348
FNB,0.9989133602844762,0.9998838562483943,0.9954335282021929,0.9980297701138665,0.9769986997822584,0.962560268825726,0.9983997769962023,0.9995585373811391,0.9977723864072732,0.9959309919794772,0.9977487070551093,0.997401061253425,0.9998326068058755,0.9985701680686357,0.9990015364966951,0.9952648050781239,0.9967137989965843,0.995110038718013,0.9811800974712381,0.9980833454384569,0.9971343679406505,0.9983641718773468,0.9998386914816391,0.997259396308104,0.997831079499253,0.9995761132177211,0.9999999999999999,0.9995235484815486,0.9957150405800305,0.9989911616529772,0.9985318476950348,0.9831796159806514,0.9992673859862218,0.9936615126650504,0.991632497499443,0.9992725184868488,0.9971180119337326,0.9978187328763318,0.9985158999306677,0.9992659363892727,0.9989874207762002,0.9974659052671507,0.9972585408868865,0.9950215659456714,0.9950480367735582,0.9967999534509561,0.7567763613407464,0.9997480346924376,0.9998064313205471,0.9990203689327992,0.9967446883104168,0.9997754946089144,0.990144192308727,0.9995325777883527,0.9985519467151509,0.97625247324332,0.998451399030465,0.997515289473515,0.9660371612980528,0.998546589863174,0.9984134974485818,0.9973834223901287,0.9866067366434157,0.9983947253027078,0.9991333906456636,0.9975956710502801,0.9984015040543808,0.9973820525910441,0.9943318818061417,0.9986328767677197,0.9969819035923364,0.999262730153038,0.9985998420635749
GBCI,0.999625249077149,0.9997914293492888,0.9946649694253346,0.9989341820513904,0.9741029853062801,0.9675038837120271,0.9988592186582843,0.9998555843702668,0.9985815033232387,0.9971213110034645,0.9987086765326765,0.9982090480860285,0.9997946374457716,0.9990787948478159,0.9993670486131212,0.9965782536538541,0.9982988923642798,0.9966660249189904,0.9853348472838275,0.9987585113828673,0.9983036322515385,0.9991188890251569,0.9995633380892563,0.9982798872710417,0.9985588075629641,0.9995808216061307,0.9995235484815486,1.0,0.9973418680888011,0.9993495235703485,0.9989381398044446,0.9865783802708913,0.9993376512594215,0.9943743470641757,0.992817083630619,0.9995296255058661,0.9982325324937595,0.9988372710966171,0.9996213648602891,0.999618270078199,0.9990670964614526,0.9987931308552855,0.9983229622835589,0.9960901649361817,0.9958699606056383,0.9979671791424302,0.7675880517629864,0.9996666779887055,0.9993615245522501,0.9991778395019427,0.9977931586684918,0.9996579948793339,0.9915606632613487,0.9998068726482159,0.9987586785747438,0.9798528318015111,0.9993236546462017,0.9984111863408441,0.971480807406787,0.9993525314790481,0.9985469740744659,0.9983604143643684,0.9898202846566133,0.998520405632471,0.9988982816791427,0.9975206952540017,0.999261422000624,0.9975077281188676,0.9960625655213202,0.9986994994269238,0.9978171231706605,0.9989253880802945,0.999246759717155
