Ticker,ABCB,ABTX,AJX,ALTA,ARI,AXP,BAC,BBT,BK,BOH,BOKF,C,CFG,CFR,CIT,CMA,CNND,COF,DFS,EWBC,FCNCA,FFIN,FHB,FITB,FMAO,FMBH,FNB,GBCI,GS,HBAN,HOMB,HTH,HWC,IBKR,IBOC,ISBC,JPM,KEY,LARK,MBWM,MCBC,MS,MTB,NAVI,NKSH,NTRS,OPY,PACW,PBCT,PGC,PNC,PNFP,RF,SCHW,SFBC,SIVB,SLFC,SRCE,STBA,STT,SYF,TCBI,TFSL,TSC,UMBF,USB,WAL,WFC,WSBC,ZION
ABCB,1.0000000000000002,0.9996448141343126,0.7703214770250186,0.9981231131512315,0.7558096235842654,0.9417768826839904,0.9909697081330184,0.999122704007848,0.9944068811074642,0.996773326300125,0.9987646643634678,0.9824141787366957,0.9996548100212486,0.9988670501909709,0.9983965974959383,0.9972768915793092,0.960308008962799,0.9961791987433576,0.9848580044083286,0.9982727576690444,0.997931111569976,0.9988293558131875,0.9992563391829989,0.99816325494177,0.9989038142193831,0.9993976928955788,0.9992995905461524,0.9997804559101813,0.888052397336859,0.9992589632739821,0.9989345240229016,0.9861211683270834,0.9992694415005019,0.767967543596447,0.9943858898736117,0.9981755693779399,0.9888313789816324,0.9987910821432374,0.9996878504468523,0.9989059661137045,0.9985516315809728,0.9132041030659488,0.9985074891936724,0.769334077476619,0.9970712551225757,0.9981836370135807,0.6036719053061632,0.9917300781450489,0.9994239084361362,0.9990143262997886,0.9979287910990828,0.9993256122494641,0.9996578870133733,0.9926674085585,0.9990112286939532,0.9979181727694388,0.7555450696715883,0.9994404007490828,0.9989191125887049,0.9979643784519344,0.9871298090932392,0.9984563177321735,0.9913072928125303,0.9971964025690206,0.9990877787788756,0.9966388228866441,0.9980588992451047,0.9965191620254804,0.9989363638896666,0.9987114392298141
ABTX,0.9996448141343126,0.9999999999999998,0.7663069961718701,0.998699681554617,0.7509694180018712,0.9349025125411243,0.9911007144402004,0.9989215848844955,0.9939910108185261,0.9977839964858206,0.9987938163978155,0.9822476550134468,0.999850536575308,0.9995258152364431,0.9983078712035293,0.9978195879966056,0.9587160391724286,0.9950982799724218,0.9827363689239682,0.9990797425544142,0.9985988670048476,0.998528536589524,0.999849591334325,0.9983662789684353,0.999064253619283,0.9993917457307304,0.9995233986866108,0.999807913679742,0.8860594452525254,0.9995513878153303,0.9985853088464665,0.9821718835676132,0.9998031859000024,0.7662743094900972,0.9942773597079079,0.9984771567573705,0.9888166768674863,0.9990580097561327,0.9994614661097412,0.9991410046128357,0.9992726011809696,0.9110482381088877,0.998855114964485,0.7673899545441686,0.9975047338824334,0.9987341800577346,0.5853999636745936,0.9940966066855409,0.9999008107297672,0.9996906918747257,0.998112227241032,0.9995471111183972,0.9998755073540131,0.9930565340595843,0.9993299101252398,0.9987689295719023,0.7464151670224326,0.9993742192636498,0.999320303976193,0.9982682592078662,0.9840861617166508,0.9993937090586783,0.9915065947409276,0.9985627206123572,0.9994220284639014,0.9968147630877645,0.9988708526106616,0.99672648200459,0.9988283510728863,0.9993746951684573
AJX,0.7703214770250186,0.7663069961718701,1.0000000000000002,0.7418180272293969,0.9904587229625418,0.8823434370511783,0.8377425626466279,0.7933820217958412,0.8229049665846269,0.7386664151238929,0.7797023199839497,0.8637390041895137,0.7768014274521046,0.7623290167996205,0.7957522847310563,0.7557442365851766,0.9074887100914265,0.8100742006916083,0.8191540420793811,0.7501033010352239,0.7454910922078876,0.7907470569177506,0.7575786092031983,0.783043848404004,0.7635858979649589,0.7871226914741374,0.7848071215628137,0.7744777586912726,0.9644994755513497,0.7713690534686999,0.790008359529017,0.8283805953985417,0.7645189904028676,0.9796992070499113,0.7918823197586952,0.7966666423466819,0.8422073327169733,0.7738798805143324,0.758568577567789,0.7866787978156171,0.7484574571323865,0.9545263969373651,0.7576237252981347,0.9825980998758121,0.7601030646292627,0.7593820839478994,0.7700993331206483,0.7534768531626854,0.7690243317955752,0.7651937932762255,0.7823009766891389,0.7838185521153649,0.7614898543118247,0.8288427337655088,0.752511163713738,0.746064623188876,0.970071799720511,0.7740706410616182,0.7633580223624437,0.7851653397100625,0.8323295321881632,0.7616568046194212,0.8398850179874298,0.7437745686269616,0.7702187150287291,0.7807858092418104,0.7438054939009743,0.8001837430458643,0.7914242662439169,0.7507837725523844
ALTA,0.9981231131512315,0.998699681554617,0.7418180272293969,1.0,0.7226441963190252,0.9263984585874635,0.9863655563783826,0.996274605966395,0.9909026103527405,0.9995464235303172,0.9981929096090539,0.9763160937604484,0.9980418488352362,0.9993591223388126,0.9953824073002344,0.9992876995755577,0.9495034493668395,0.9926879608329684,0.9824929977836996,0.9998303205575553,0.9997546380823091,0.9968616725555379,0.9987459444402961,0.9977522890884678,0.9992980486424146,0.997158353236818,0.9968547755420729,0.9982529977200985,0.8714666447013892,0.9977787072930171,0.9966412329669849,0.9778644445807682,0.9988300403276917,0.7434187459695011,0.9943819176847265,0.9960216480569749,0.9842214027688887,0.9986036350991551,0.9989083544071348,0.996800954370273,0.9985246129598613,0.8972146280472587,0.9996177780906186,0.745597913755019,0.9987033596755377,0.999175646002876,0.5721650552348861,0.9920514746967056,0.9981095850119766,0.998749705451348,0.9977201389567717,0.9973358429610053,0.9988113053050057,0.9884524225806209,0.9997967662710183,0.99920830948993,0.7254106644760321,0.9986832620444503,0.9992090291792323,0.9972121372098556,0.9810883252033794,0.9987981804306968,0.9864376212287308,0.9985116759860418,0.9987530417158375,0.9971191258834259,0.9982211154915097,0.994978524112422,0.9963561141253293,0.9996559244658337
ARI,0.7558096235842654,0.7509694180018712,0.9904587229625418,0.7226441963190252,1.0,0.8613157136560281,0.8160951924829889,0.7769843819741835,0.8011312069185942,0.7161580400762845,0.7597841701968773,0.839575934966166,0.7611586646409189,0.7430283766605829,0.7777876663894718,0.7332678975991496,0.8822850580161545,0.7912916023973001,0.7902665143384178,0.7305537259350481,0.7243672777486065,0.7740182334569299,0.7428933336650451,0.761784416146748,0.7449653080724915,0.770867548588872,0.7706196648780752,0.7586902678175941,0.9351877447538424,0.7545250012572153,0.7750957851692285,0.8112480967925326,0.7469524248336771,0.9521907899874322,0.7700180069095627,0.7782282182172678,0.8183443434217722,0.7531835593635297,0.7422210370114164,0.7690662260772908,0.7328658496934635,0.9289404328429431,0.7371767228164753,0.9532575192525545,0.7398477493430641,0.7373262554549321,0.75189300265045,0.7385485651951147,0.7541478024406356,0.746953813198415,0.7615911631074758,0.7689135817994561,0.7455856556746534,0.8083052880098033,0.7336915625622386,0.7261509015002587,0.9520222282015732,0.7560006659888214,0.7454044378369834,0.7632059116272637,0.8108656383900769,0.7423634644071385,0.8210702768516573,0.7251236315461922,0.7505495905266661,0.7563007204577212,0.7287215478148289,0.7773847249775048,0.7772175174325214,0.7318628849094444
AXP,0.9417768826839904,0.9349025125411243,0.8823434370511783,0.9263984585874635,0.8613157136560281,1.0,0.9585033469405216,0.9487585587725109,0.9601531336982855,0.9239025456968673,0.9438930220894545,0.9650046192506878,0.9397614373571536,0.9333200870042468,0.9501561317000713,0.9324510167551113,0.9771966826737066,0.9599369729535125,0.9698415948890166,0.9275223450701441,0.9288052378576586,0.9472358185905502,0.9295617189531376,0.9441538026506658,0.9364799088341296,0.9449766242862639,0.9407752157863026,0.9405280645550891,0.9517870713143481,0.9388615287232026,0.9459606342474371,0.9837420569328221,0.93467427874819,0.8737326978933619,0.9450386949172263,0.9461156484861165,0.9613245712391411,0.9412458664392744,0.9383728831251159,0.9441410946993558,0.9264500922925943,0.9648101504898329,0.9344456627679723,0.877722311875264,0.9319706728735944,0.9353650995154661,0.8285988433288956,0.9097954347116141,0.9346416248589727,0.9341287046452414,0.9428924854319437,0.9405124397337598,0.9354059676364529,0.9541297534206333,0.932789522945818,0.9271239535261288,0.9136765838877214,0.9420989082901245,0.9341104935750331,0.9453055220741889,0.9789135295622156,0.9311928097903913,0.9558599451763795,0.9210020122014184,0.9393813804020262,0.9447788686311065,0.9234543540299144,0.9503681657693761,0.9444010985142559,0.9295764519798057
BAC,0.9909697081330184,0.9911007144402004,0.8377425626466279,0.9863655563783826,0.8160951924829889,0.9585033469405216,0.9999999999999999,0.9956781956227218,0.9989591396382446,0.9865432025216457,0.993856125554864,0.998424133042411,0.9930643848339473,0.9913551632797246,0.9964803561678874,0.9892679255048327,0.9872867878963935,0.9957326541382945,0.9898762578428697,0.9886353997475705,0.9879408786293159,0.9944679466399656,0.9892457293448526,0.9947301694652807,0.990389556492572,0.9948181974280597,0.9939066517059755,0.9925657474255029,0.9391666498275706,0.9925805880459452,0.9936744436957291,0.9870639712371415,0.9915707539332619,0.8430805910250557,0.9923052292304129,0.9968671894201931,0.9997342001073993,0.9935227599289629,0.9892809527474528,0.995375497932428,0.9875850469815777,0.9567108674730298,0.9898839659297244,0.8446433663231462,0.9887317631251892,0.9911022529233937,0.6373264153740621,0.984537281257211,0.9915600452215686,0.9919307946591034,0.9939975676004775,0.9938313283869648,0.9903284599219875,0.9997477301837476,0.9888652888081588,0.9881541898531535,0.816613439167994,0.9926027119319321,0.9905256526957052,0.9956258245207134,0.9910118771883589,0.9914882298969057,0.9995219981801009,0.9874294626344586,0.9929390580397589,0.9940061706049582,0.9862585935808756,0.997465161067768,0.9941129271073468,0.9889390363349294
BBT,0.999122704007848,0.9989215848844955,0.7933820217958412,0.996274605966395,0.7769843819741835,0.9487585587725109,0.9956781956227218,1.0,0.9976897163240473,0.9953310467608053,0.9990933140358461,0.989264067883977,0.9995525287150333,0.9983799676022952,0.9997315794147169,0.9965637450931873,0.9705512278594708,0.9979722215172533,0.9880148241535847,0.997089299653801,0.9965954755000348,0.9993757536513912,0.998077925995537,0.9989330980339614,0.9981238088812171,0.9999164629336458,0.9996139963244067,0.9994379340758726,0.9057054692952253,0.999069320520801,0.9992437444370235,0.9882514531676746,0.9987715613379979,0.7929988107416255,0.995589876762886,0.9996802738255492,0.994048872357848,0.9989761605639875,0.9983054504921718,0.9997063946425684,0.9970166007207779,0.928591409868987,0.9976396901782176,0.7943699966111964,0.9963200797294468,0.9977706218032178,0.6153012062705369,0.9916948194169449,0.9989538060056754,0.9986922693761243,0.998533725211307,0.9995921372596874,0.9986581875339087,0.9967787776017334,0.9976931147871949,0.9966601321439639,0.7760275653475747,0.9991882371844935,0.9982136718002662,0.9990686296465979,0.9900927085639397,0.9981528921825995,0.9958506055713691,0.9960006171747905,0.9990088689208854,0.9975745348775509,0.9962496696298945,0.9986699788622782,0.9994422699546858,0.9975025127881308
BK,0.9944068811074642,0.9939910108185261,0.8229049665846269,0.9909026103527405,0.8011312069185942,0.9601531336982855,0.9989591396382446,0.9976897163240473,1.0,0.9905611466530947,0.9970974085708565,0.996150633544951,0.9956057593666012,0.9944461224989978,0.9978574666833224,0.9936003213821353,0.9829570599437708,0.9985669561345204,0.9939989859225219,0.9923815494659832,0.9919205324704581,0.9974739928667271,0.9921538447607968,0.9976013821392175,0.9945079079588822,0.997065029873729,0.9958448537193637,0.9954046616405776,0.9291982619437974,0.9947471077779823,0.9967527321096337,0.9907073849884775,0.9942573989020279,0.8243581691415427,0.9962504908705663,0.998287241238566,0.998550466347617,0.9964970445181806,0.9931566073240404,0.9970041727280946,0.9904565858509691,0.9483071433532518,0.9939963250065477,0.8269712720750951,0.993343336015153,0.9944249141266597,0.6436830832502236,0.9852989952812384,0.9939601733722842,0.9944034069639143,0.9972026124210555,0.9961214321031254,0.9934202533032669,0.9987105630419787,0.9929269814936214,0.991370496675025,0.8076214976507369,0.9960896499989993,0.9942167962656955,0.9978406951500326,0.9944475211280008,0.9938802383012734,0.9986393783960313,0.989939291359879,0.9957552603857297,0.9972679647576951,0.9891562508340835,0.999067604816618,0.9966402656812958,0.99243881583945
BOH,0.996773326300125,0.9977839964858206,0.7386664151238929,0.9995464235303172,0.7161580400762845,0.9239025456968673,0.9865432025216457,0.9953310467608053,0.9905611466530947,1.0,0.9975747859741213,0.9767530053819494,0.9970948842555782,0.9991221055395996,0.9949804664017456,0.9991256970287142,0.9497761244334585,0.9913235634844682,0.9820091812937725,0.9996033834577022,0.9998548165009289,0.9955131318245977,0.9979188772388052,0.9974463222314515,0.9984057839943209,0.9962122575027655,0.9957173051519549,0.9972794864924879,0.8725101027794114,0.9974200578372517,0.9949426119789154,0.975527037744926,0.998464151051516,0.7460255094240291,0.9932762415146656,0.9955798817705762,0.9847528145133965,0.9984143932487406,0.9979862949053149,0.996425901685554,0.9981326063109468,0.897538396711761,0.9992124287941268,0.747939586759865,0.9978440386122952,0.9994201727440527,0.5648313994206812,0.9920403949159792,0.9972754985405967,0.9985753066073162,0.9971413048428047,0.9961660924739605,0.9980694141010426,0.9886808892697301,0.9992858390954428,0.9994681325297957,0.7222715988931726,0.9977849976231917,0.998390495907319,0.9973211907235361,0.9794311516414635,0.9989133669586892,0.9859141434752072,0.998878948872941,0.9985733723103184,0.9972382585579166,0.9978395060956793,0.9951118784389681,0.9947357938007456,0.9994705119422004
BOKF,0.9987646643634678,0.9987938163978155,0.7797023199839497,0.9981929096090539,0.7597841701968773,0.9438930220894545,0.993856125554864,0.9990933140358461,0.9970974085708565,0.9975747859741213,1.0000000000000002,0.9869866556296361,0.9991665432914865,0.9992960389207018,0.9984995814009444,0.9990592021653333,0.966134456553362,0.9978742295270171,0.9901706883463169,0.9986707467259905,0.9983384743339404,0.9995249031626351,0.99794005096805,0.9999130766857616,0.9995706888521968,0.9993258483816311,0.9986026912614093,0.9991574295010489,0.8985091832408395,0.9983855924731132,0.9991525213158005,0.9860812476559756,0.9988890668792118,0.7795657013666227,0.9979015634948167,0.9991215386431,0.9923893439110895,0.9998044629051338,0.9985289092998937,0.9988821385609272,0.9968742087892581,0.9214850681924979,0.9993959983147825,0.7821752952056181,0.9988529124692189,0.9991037801727907,0.6074878867373291,0.991192287100519,0.9984064773108863,0.9988349255701015,0.9998227351275841,0.9990726650476237,0.998535069589829,0.9948264227574575,0.9989593778465133,0.9976114105166966,0.7638183921112385,0.9998437201173661,0.9993758859210644,0.9995470192767427,0.9896636829688459,0.9985832637219525,0.9939641153288505,0.9965308973016618,0.9994765444158242,0.999400903770052,0.996081192637743,0.9989019522888314,0.9989187402990161,0.9985149551180789
C,0.9824141787366957,0.9822476550134468,0.8637390041895137,0.9763160937604484,0.839575934966166,0.9650046192506878,0.998424133042411,0.989264067883977,0.996150633544951,0.9767530053819494,0.9869866556296361,1.0,0.98512854998678,0.9828395540002095,0.9904621174205365,0.9809604434746532,0.9942627993710639,0.9915503876942584,0.9891177016318873,0.9792401356421094,0.978434211289428,0.9880457362721432,0.9795741514904762,0.9883422721289719,0.9820412242819119,0.9878497948768309,0.9863834732484557,0.984478114934858,0.956580437381571,0.9843262015020604,0.9869208920837298,0.9850780814519565,0.9829133499723205,0.8696733070620708,0.9872430689186737,0.991035880354705,0.9990337559083513,0.9862171296367328,0.9800515028072505,0.9885185135005458,0.9772938630172684,0.9709392915389355,0.9813190422973064,0.8718152982842629,0.9805366216307471,0.9828240409746536,0.6607993687600499,0.9748105147989813,0.9828264489384465,0.9833999394698411,0.9875310659543645,0.9863919309396176,0.9811770033116908,0.9970944382203955,0.9795520766644666,0.9784059779079236,0.8435444942658757,0.9849513099709511,0.9820126947843486,0.9894386041222031,0.9900516554586394,0.9828450892303618,0.99770165601681,0.9772383029701608,0.9851093033230502,0.9880890719980774,0.9755321726404285,0.9927400254338391,0.9872901238667378,0.9794321099707642
CFG,0.9996548100212486,0.999850536575308,0.7768014274521046,0.9980418488352362,0.7611586646409189,0.9397614373571536,0.9930643848339473,0.9995525287150333,0.9956057593666012,0.9970948842555782,0.9991665432914865,0.98512854998678,1.0000000000000002,0.999355308536143,0.9990282898378553,0.9976340148775407,0.963285741444815,0.9964656486116504,0.9848644415346861,0.9986029221802979,0.9980573454856779,0.9991170407632051,0.9994420115648953,0.9988440999303622,0.9990036873770369,0.9998372174448128,0.9998329966745263,0.9998835078508831,0.8935915241999511,0.9995470787141221,0.9991237876027681,0.9843460379870314,0.9996653661154095,0.7763378625102398,0.995168493643029,0.9991917196318837,0.9909783964556687,0.9992543056817594,0.9991827954361149,0.9995572908004439,0.9986154905744483,0.9177760073388702,0.9986603962969176,0.7775890397851759,0.9974247305930142,0.9985791937849735,0.5954766062617901,0.9937285327633839,0.99981041551795,0.9995506698279005,0.9985682725604877,0.9998669232920271,0.999626313059274,0.9946902117392691,0.9989438360148811,0.9981537913070608,0.7571784689930402,0.999551724382441,0.999235220468585,0.9987901858720953,0.9864374599934739,0.9991780101398938,0.9934722404846584,0.9978325367384374,0.9994709915310657,0.9973480723556473,0.9980668630414015,0.9977132453762176,0.9993820399088227,0.9988946580741029
CFR,0.9988670501909709,0.9995258152364431,0.7623290167996205,0.9993591223388126,0.7430283766605829,0.9333200870042468,0.9913551632797246,0.9983799676022952,0.9944461224989978,0.9991221055395996,0.9992960389207018,0.9828395540002095,0.999355308536143,1.0000000000000002,0.9979385107957783,0.9991774260462248,0.9588686870418243,0.9950365845248802,0.9847967271466366,0.9997740521028892,0.999541468088725,0.9983242843328411,0.9993001266357536,0.9991391545383721,0.9994870136626058,0.9989316744736173,0.9986652908079922,0.9993440793161096,0.8865716171254003,0.9991742170981267,0.9980203990375487,0.980896582346165,0.9997646795589546,0.7655345801222145,0.9954915103098096,0.9984584705964199,0.9894693219351047,0.9996826127834557,0.9991245470445831,0.9988818069468984,0.9988699054638868,0.9108110082689441,0.9996644276390345,0.767238472132541,0.9985228488006082,0.9997137086855346,0.5817776397346051,0.9937036620488755,0.9992642876266482,0.9997944530950542,0.9988894093376399,0.9989324798691549,0.9994544685006211,0.9931200380183834,0.999729021317189,0.9993526864283124,0.7433228966653138,0.9994874919621496,0.9995933550267008,0.9990328391845141,0.9841457075300692,0.9997756807992233,0.9913185898929245,0.9989110520276323,0.9997982981639295,0.9983124362337593,0.9983990556137535,0.9975710888741072,0.9980631002740704,0.9997893299080162
CIT,0.9983965974959383,0.9983078712035293,0.7957522847310563,0.9953824073002344,0.7777876663894718,0.9501561317000713,0.9964803561678874,0.9997315794147169,0.9978574666833224,0.9949804664017456,0.9984995814009444,0.9904621174205365,0.9990282898378553,0.9979385107957783,1.0000000000000002,0.9957582136640359,0.9725920953624231,0.9973537323291427,0.9876253521608503,0.9964108415079852,0.9961918564463247,0.9984472076437801,0.9974733165776847,0.998529356119355,0.9971211231929773,0.9994997055901019,0.9991007096601867,0.9988771330685114,0.9091938899495702,0.9990821127236637,0.9981110157907752,0.9881758414817721,0.9985028668550856,0.79941606123504,0.9942057714890655,0.9995694005866732,0.9951052759618383,0.9986967161623134,0.9977241912336371,0.9997531653392152,0.996729505701621,0.9315500926106471,0.9968979567846407,0.8002586744387217,0.9949511822017146,0.9976539647571996,0.6167077952873701,0.9916054080487001,0.9985123396262324,0.9985351171592104,0.9978099092486243,0.9989023260925002,0.9982229245622121,0.9975893718058496,0.9970254040594043,0.9965506387679672,0.7791639969611255,0.998457542950995,0.9973017558617532,0.9991402124823825,0.9897365235859973,0.9980833455664969,0.9960806792365577,0.9959929578561766,0.9988243050080629,0.9972726377286997,0.9959359649225528,0.9988743336656533,0.9984731340529565,0.9970748869906719
CMA,0.9972768915793092,0.9978195879966056,0.7557442365851766,0.9992876995755577,0.7332678975991496,0.9324510167551113,0.9892679255048327,0.9965637450931873,0.9936003213821353,0.9991256970287142,0.9990592021653333,0.9809604434746532,0.9976340148775407,0.9991774260462248,0.9957582136640359,1.0000000000000002,0.9563864157643637,0.9948447497144144,0.9875718934121075,0.9993791256782412,0.9992703742310253,0.9976216689087276,0.9973259444777826,0.9989618400054462,0.9995120328762673,0.9972564652296556,0.9964281849831904,0.9977152833304577,0.8833376348776304,0.9969291626822597,0.9970994442480966,0.9800527204675156,0.9981950512425645,0.757492478615779,0.9971621130012932,0.9968454221294843,0.9876671887471324,0.9991218334450129,0.9978392055481142,0.9967962968555668,0.9966227336819434,0.9072393577319233,0.9997998078252348,0.7606443976288968,0.9995766403582266,0.9993091176682531,0.5858288728841187,0.9909315436479755,0.9971388078362743,0.9981899554690329,0.9990357146511598,0.9972074661566924,0.9976956596162627,0.9905946140838563,0.9992557920972507,0.9981383880350653,0.7397064611676423,0.9989179426064164,0.9992364229691962,0.9982941843493819,0.9848144322295546,0.9983091641457414,0.9892474641478197,0.9970439657211831,0.9987418875248705,0.9989929399615732,0.9959886748569633,0.996928504119931,0.9966515366210008,0.9988472012801106
CNND,0.960308008962799,0.9587160391724286,0.9074887100914265,0.9495034493668395,0.8822850580161545,0.9771966826737066,0.9872867878963935,0.9705512278594708,0.9829570599437708,0.9497761244334585,0.966134456553362,0.9942627993710639,0.963285741444815,0.9588686870418243,0.9725920953624231,0.9563864157643637,1.0,0.9764202615635055,0.9792323107385273,0.9533380807401122,0.9525973164325482,0.9686045318479108,0.9545627210080445,0.9679970743005425,0.9583909128647364,0.9678369241806931,0.9654801487383812,0.9626222825338403,0.9807588867419894,0.9623338349706779,0.9671087755285602,0.9786782391779345,0.9593741699451577,0.9127212767211718,0.968022360018174,0.9723716442667452,0.9894025247410833,0.96461248064946,0.9565928441217395,0.9687072043357596,0.9514200182995548,0.9902494230823657,0.9570571796472465,0.915093710698925,0.9559789299620095,0.9592474447605005,0.7174895968858478,0.947584293684517,0.9595908830148613,0.9599477102252725,0.9668043173616935,0.9652242196339792,0.9574647627227117,0.9841507738497097,0.9545915452357936,0.9525880350273357,0.894802987846394,0.9631869244817219,0.9579345092749816,0.9697501329984624,0.9824775158989157,0.9587433286907735,0.985903796285073,0.9503648582308837,0.962934801228716,0.9680135117988679,0.9489395527299378,0.9754428332441781,0.967336071599193,0.954001543400713
COF,0.9961791987433576,0.9950982799724218,0.8100742006916083,0.9926879608329684,0.7912916023973001,0.9599369729535125,0.9957326541382945,0.9979722215172533,0.9985669561345204,0.9913235634844682,0.9978742295270171,0.9915503876942584,0.9964656486116504,0.9950365845248802,0.9973537323291427,0.9948447497144144,0.9764202615635055,1.0,0.9944109162713033,0.9934147765000874,0.992827069148383,0.9983984882631076,0.9933016322000576,0.9978304787887718,0.996323951897737,0.9975598908568338,0.9963853506880673,0.9961858001274931,0.9171624593028265,0.9948112733376252,0.998101238748299,0.9922333776879149,0.994990561987026,0.8045455076607281,0.9976766814442372,0.9976483155769212,0.9946469998649623,0.9968159004354535,0.9947284540310127,0.9965278358728779,0.9911255472141076,0.938262967256314,0.9953974936809179,0.8078017602316436,0.9953963612274309,0.9947571851214287,0.64958562310591,0.9862250645879252,0.9948288946204158,0.9946397073074784,0.9978080999921282,0.996945657263199,0.9945600547232839,0.9955190897355461,0.9944502400353967,0.9915909126339536,0.7981218997134165,0.9973366352943591,0.9960455811525385,0.9973341881236786,0.9958304835115522,0.9939124911051405,0.9961727347200254,0.9899399913291949,0.9959523869565406,0.9973178921691743,0.989776486626527,0.9981984788514466,0.9978876081632854,0.9933045121381158
DFS,0.9848580044083286,0.9827363689239682,0.8191540420793811,0.9824929977836996,0.7902665143384178,0.9698415948890166,0.9898762578428697,0.9880148241535847,0.9939989859225219,0.9820091812937725,0.9901706883463169,0.9891177016318873,0.9848644415346861,0.9847967271466366,0.9876253521608503,0.9875718934121075,0.9792323107385273,0.9944109162713033,0.9999999999999999,0.9831244834884307,0.9834155031470544,0.9900713919392543,0.9797199880574682,0.9907061416722862,0.9872559242422877,0.9871026300637185,0.9839454560209638,0.985290932734165,0.9281428433792955,0.9831738804081159,0.9886976088856312,0.9918808406539468,0.9832936910954454,0.81680762696295,0.9934484108617229,0.9883711123044752,0.9909340524266435,0.9886151405580009,0.9841209517541145,0.9861569251405393,0.9774296892599902,0.9455620733348684,0.9868612362579134,0.8228595015796756,0.9875306176013053,0.9862300960661212,0.6909768143351577,0.9669160502464111,0.9815973659033005,0.9831759135023026,0.9908395531440378,0.985270417346507,0.982486117619575,0.9879679718428236,0.9843913051827916,0.9807058159090778,0.8231944053326085,0.9883873542557058,0.9856416065351294,0.9898946669802202,0.9975932712844869,0.9825065815620362,0.9887959258266447,0.9766504111418333,0.9866296845260271,0.9926010504703285,0.9755827714699535,0.9918309100687213,0.9869438176592389,0.9823851216893826
EWBC,0.9982727576690444,0.9990797425544142,0.7501033010352239,0.9998303205575553,0.7305537259350481,0.9275223450701441,0.9886353997475705,0.997089299653801,0.9923815494659832,0.9996033834577022,0.9986707467259905,0.9792401356421094,0.9986029221802979,0.9997740521028892,0.9964108415079852,0.9993791256782412,0.9533380807401122,0.9934147765000874,0.9831244834884307,1.0000000000000002,0.9998024869156183,0.9974320737094801,0.9990637656617565,0.9984144126020505,0.999385832991706,0.9978822868232541,0.9976337293938005,0.9986972170520612,0.8778995383517729,0.9984016930725194,0.9971487583184814,0.9780807075600458,0.9993051878300699,0.7530952838654056,0.9948980112793023,0.9971604998152288,0.9866126665263365,0.9991271865139751,0.9988749993759909,0.9977377675902146,0.9987861045348909,0.9028515699711906,0.9997040303745159,0.7550504356813975,0.9987362348248275,0.9995186745956616,0.5712215114630508,0.9931203879922768,0.9986427833032748,0.9993174966863761,0.9983013171232403,0.9980421009876705,0.9990693773738902,0.9906346897471684,0.9997891458091139,0.9994615568183514,0.7313350370767173,0.99898564173372,0.9994257603720708,0.9980674245438446,0.9817147097182932,0.9994174206775414,0.9886669092341592,0.9989758268670847,0.9992652068498508,0.9977235769008121,0.9984461402309418,0.9961586651412613,0.9970212429047229,0.9998332844263723
FCNCA,0.997931111569976,0.9985988670048476,0.7454910922078876,0.9997546380823091,0.7243672777486065,0.9288052378576586,0.9879408786293159,0.9965954755000348,0.9919205324704581,0.9998548165009289,0.9983384743339404,0.978434211289428,0.9980573454856779,0.999541468088725,0.9961918564463247,0.9992703742310253,0.9525973164325482,0.992827069148383,0.9834155031470544,0.9998024869156183,1.0,0.9966971005537675,0.9986055482586219,0.9981138187840435,0.998991189660896,0.9973295169811106,0.9968545851515558,0.998288551799508,0.8763340573401986,0.9982919219840733,0.9962296698640004,0.9786346261482033,0.9990673728972829,0.7510425185387084,0.9939883930015363,0.996569498016469,0.9861502516174891,0.9990172624424987,0.998895471903628,0.9974249503659327,0.9986800312307931,0.9013845322593474,0.999582249737448,0.7528848333582117,0.9981422823135733,0.999713677064041,0.5749997715653555,0.9919975872177412,0.9981155614357272,0.9991217849636067,0.9978089016009083,0.9972129589970204,0.998872115076052,0.9899656088795684,0.9997430370641394,0.9996744047712763,0.7302703917555523,0.9986334594816334,0.9989084660362381,0.9979886267183989,0.9817724907880517,0.9992604772589142,0.9874218041030146,0.998956734943549,0.9992067628827864,0.9976896248996563,0.9983451410508175,0.9959137137671463,0.9959990872826722,0.9998102884258423
FFIN,0.9988293558131875,0.998528536589524,0.7907470569177506,0.9968616725555379,0.7740182334569299,0.9472358185905502,0.9944679466399656,0.9993757536513912,0.9974739928667271,0.9955131318245977,0.9995249031626351,0.9880457362721432,0.9991170407632051,0.9983242843328411,0.9984472076437801,0.9976216689087276,0.9686045318479108,0.9983984882631076,0.9900713919392543,0.9974320737094801,0.9966971005537675,1.0000000000000002,0.9975125695879288,0.9992828080726427,0.9989131827800793,0.9994812887381034,0.9989755416179371,0.9991486269067524,0.903037526428309,0.9979175005967397,0.9999026169581502,0.9879076757470209,0.9981051635113323,0.7862440323050585,0.9977943214317333,0.9991613196232535,0.9928720332452513,0.9989587679654492,0.9980391810908882,0.9987318382352021,0.9960462659031288,0.9259036722340671,0.9982582536378122,0.7888826872706801,0.9979887694463447,0.9975945144567678,0.6155179962364319,0.989802808730605,0.9981600008039425,0.9979753819893481,0.9993820067678639,0.9993662032167159,0.9980316235322046,0.9953048372524024,0.9978811464670776,0.9960937804821876,0.7737864848724002,0.9995162048839468,0.9986709316323383,0.9987162432982094,0.99089280148123,0.9974263560975408,0.995139647900455,0.9949726636852685,0.9986539627922253,0.9982855043503357,0.995249806039477,0.9983018376893963,0.9996259338814344,0.9972991036686621
FHB,0.9992563391829989,0.999849591334325,0.7575786092031983,0.9987459444402961,0.7428933336650451,0.9295617189531376,0.9892457293448526,0.998077925995537,0.9921538447607968,0.9979188772388052,0.99794005096805,0.9795741514904762,0.9994420115648953,0.9993001266357536,0.9974733165776847,0.9973259444777826,0.9545627210080445,0.9933016322000576,0.9797199880574682,0.9990637656617565,0.9986055482586219,0.9975125695879288,1.0,0.9974416107577129,0.9985420187283365,0.998701190386479,0.9990566841827418,0.9994168276206702,0.8795603344083216,0.9993790272840022,0.9976361770895231,0.9793852794044291,0.9996665781856081,0.7585870310988544,0.9926563718803609,0.997599426017253,0.9867422622999849,0.9984344324674003,0.9992812620498496,0.9985826513499191,0.9996901532018193,0.9052255583935793,0.9984595434081616,0.7593016430938468,0.9968612630273147,0.9984260948039683,0.5735300575745552,0.9945951435314843,0.9997963562028123,0.9995682150495109,0.9971339696240564,0.9989964636765808,0.9998114600826006,0.9915786678787447,0.9991791383479147,0.9990138151100507,0.7364923900759731,0.9987184554101253,0.9989210931522045,0.9974120286442382,0.981107965436731,0.9993574084904391,0.9896428838263261,0.9990734862683798,0.9990125526220889,0.9957077293176066,0.999450640619109,0.9954621394609264,0.997975027285458,0.9994307406167486
FITB,0.99816325494177,0.9983662789684353,0.783043848404004,0.9977522890884678,0.761784416146748,0.9441538026506658,0.9947301694652807,0.9989330980339614,0.9976013821392175,0.9974463222314515,0.9999130766857616,0.9883422721289719,0.9988440999303622,0.9991391545383721,0.998529356119355,0.9989618400054462,0.9679970743005425,0.9978304787887718,0.9907061416722862,0.9984144126020505,0.9981138187840435,0.9992828080726427,0.9974416107577129,1.0000000000000002,0.9992249431037493,0.9991177003799789,0.9982976866226148,0.9987800613689626,0.9019808707347273,0.9981478970192413,0.9987698016723727,0.9856411013983472,0.9986416853749648,0.7846129077111347,0.9979971882394187,0.9992519285467326,0.9934522206810751,0.999778650176143,0.9979475706516912,0.9988493334634246,0.9963923749103,0.9243036161380578,0.9991571519481522,0.7872416958855447,0.9986063370863524,0.9990761245540729,0.6070132927737455,0.9911405113579699,0.9980254912608736,0.9986761369335625,0.9998426467273679,0.998782214830021,0.998072696248998,0.9955842915754014,0.9985666366742029,0.9973970943483518,0.7664108686431493,0.9995521642602126,0.9990514264497381,0.999761220088722,0.9897020376663263,0.9985169519272219,0.9946622285532146,0.9963487369901871,0.9993756753910338,0.9996619547411902,0.9955470319954404,0.9993285664684808,0.9985740337992132,0.9982147139022411
FMAO,0.9989038142193831,0.999064253619283,0.7635858979649589,0.9992980486424146,0.7449653080724915,0.9364799088341296,0.990389556492572,0.9981238088812171,0.9945079079588822,0.9984057839943209,0.9995706888521968,0.9820412242819119,0.9990036873770369,0.9994870136626058,0.9971211231929773,0.9995120328762673,0.9583909128647364,0.996323951897737,0.9872559242422877,0.999385832991706,0.998991189660896,0.9989131827800793,0.9985420187283365,0.9992249431037493,0.9999999999999999,0.9986866122703506,0.9981942239724644,0.9990174934856151,0.8858114117319599,0.9980530398028139,0.9987420946490805,0.9829239542396027,0.9990019329134496,0.7615462761537966,0.9972864537960998,0.997897765408873,0.9884371148832108,0.9994064241440399,0.9989093451108765,0.9979529481348288,0.9975535435154961,0.9102361116460841,0.9998304447121668,0.7642635023143145,0.9995284032314669,0.9991066340043139,0.5938049095436186,0.9920084912779933,0.9985400606109132,0.9988294253367185,0.9993305791196753,0.998771331062081,0.99883739602471,0.9917647991050134,0.9995976141104904,0.9981167914977275,0.7468424718070534,0.9997470918758361,0.999859149153265,0.9985235722785963,0.9865237132224378,0.998639204134426,0.9908619956437912,0.9971935346976241,0.9991929142005951,0.99857406242222,0.9969227540902434,0.9972448335886864,0.9984854168469074,0.9990964686933722
FMBH,0.9993976928955788,0.9993917457307304,0.7871226914741374,0.997158353236818,0.770867548588872,0.9449766242862639,0.9948181974280597,0.9999164629336458,0.997065029873729,0.9962122575027655,0.9993258483816311,0.9878497948768309,0.9998372174448128,0.9989316744736173,0.9994997055901019,0.9972564652296556,0.9678369241806931,0.9975598908568338,0.9871026300637185,0.9978822868232541,0.9973295169811106,0.9994812887381034,0.998701190386479,0.9991177003799789,0.9986866122703506,1.0,0.9998012023224823,0.9997182039638236,0.9011956005886312,0.9992937116181984,0.9993964439351416,0.9866383875706499,0.9992199003974128,0.7864859075730442,0.9958328501255009,0.9996430035811911,0.9930180711856723,0.999253767992464,0.9987116424806237,0.9997291637204622,0.9976867336996842,0.9245141261895652,0.9982493900430424,0.7879331180733419,0.9970824603894655,0.9982397422682366,0.6068283948165906,0.9925941986477379,0.999367102358452,0.999134519211132,0.9988173520303446,0.9998436609715122,0.9991020664805871,0.9960947099457828,0.9983321425250338,0.9973486290697563,0.7685223904293335,0.999500255544707,0.9988168091292065,0.9991220748534204,0.9887863958194507,0.9986765524152014,0.995133756572463,0.9968090653804743,0.9993184619751637,0.9977481460810411,0.9969989997180851,0.9984818083924125,0.9995912381211594,0.9981799143007751
FNB,0.9992995905461524,0.9995233986866108,0.7848071215628137,0.9968547755420729,0.7706196648780752,0.9407752157863026,0.9939066517059755,0.9996139963244067,0.9958448537193637,0.9957173051519549,0.9986026912614093,0.9863834732484557,0.9998329966745263,0.9986652908079922,0.9991007096601867,0.9964281849831904,0.9654801487383812,0.9963853506880673,0.9839454560209638,0.9976337293938005,0.9968545851515558,0.9989755416179371,0.9990566841827418,0.9982976866226148,0.9981942239724644,0.9998012023224823,1.0,0.999617044477435,0.8977840632752592,0.9992656728778405,0.9990984403149957,0.9844272211134786,0.9991724998648714,0.7833481123016484,0.9945698175835631,0.9992807060970208,0.9917344112089196,0.9986009658495623,0.9984641951954557,0.9995181472999538,0.998049794609468,0.9216318894705213,0.997636287883571,0.7843203313913745,0.9964158756732068,0.9975850439507356,0.5967872312198563,0.9938072331849119,0.9996397992136449,0.9990723230167419,0.9980102235668621,0.999905901250143,0.9991339241942286,0.9954967267123891,0.9979774171208717,0.9971773773386239,0.7627881336711403,0.9990010117815699,0.9985475694733118,0.9983269237720549,0.9862691321336832,0.9985976696645437,0.994557951768387,0.9970782453405151,0.9988715558146013,0.9964681196230069,0.9974801387547417,0.9974863421138082,0.9995373145868863,0.9980086170141216
GBCI,0.9997804559101813,0.999807913679742,0.7744777586912726,0.9982529977200985,0.7586902678175941,0.9405280645550891,0.9925657474255029,0.9994379340758726,0.9954046616405776,0.9972794864924879,0.9991574295010489,0.984478114934858,0.9998835078508831,0.9993440793161096,0.9988771330685114,0.9977152833304577,0.9626222825338403,0.9961858001274931,0.985290932734165,0.9986972170520612,0.998288551799508,0.9991486269067524,0.9994168276206702,0.9987800613689626,0.9990174934856151,0.9997182039638236,0.999617044477435,1.0,0.8922282188381403,0.9996125654759225,0.9991074560574873,0.9851254020404888,0.9995611111042337,0.7742227466358895,0.9949387058587336,0.9989720870286155,0.9906340833347669,0.9992919582137518,0.9995321287658887,0.9995029712183328,0.9987882149755705,0.9165898735367496,0.9987592690937023,0.7755675124562652,0.9973552699419257,0.9986820859171042,0.5977266893367433,0.9922196985179015,0.9996295389539491,0.9994856722544733,0.998516978726085,0.9996402373512835,0.9997139305268546,0.9942376489702239,0.9991016288485544,0.9984175394391683,0.7572811395821556,0.9996117806959429,0.999045586259198,0.9987088178673443,0.986785446182406,0.9990649521856423,0.992779204027467,0.9978175733456575,0.9995625968229809,0.9973803409394254,0.9983191583926897,0.9974136636184743,0.9991186028927477,0.9990307398740419
GS,0.888052397336859,0.8860594452525254,0.9644994755513497,0.8714666447013892,0.9351877447538424,0.9517870713143481,0.9391666498275706,0.9057054692952253,0.9291982619437974,0.8725101027794114,0.8985091832408395,0.956580437381571,0.8935915241999511,0.8865716171254003,0.9091938899495702,0.8833376348776304,0.9807588867419894,0.9171624593028265,0.9281428433792955,0.8778995383517729,0.8763340573401986,0.903037526428309,0.8795603344083216,0.9019808707347273,0.8858114117319599,0.9011956005886312,0.8977840632752592,0.8922282188381403,1.0,0.8917750610239908,0.9007469707720032,0.9255627261851236,0.8870942713494003,0.9719291208270499,0.9053058417387374,0.9096266873913664,0.9437818474505862,0.8957699542953275,0.8817267601836773,0.9027344864618371,0.8744783533478278,0.998064976559737,0.8835777436253082,0.974944094967623,0.8834292908863149,0.887020492776858,0.7514557101257325,0.8743853911565349,0.887728108520018,0.8882045223168826,0.9004462162037309,0.8974000154780917,0.8835805438221016,0.9329095638494584,0.8790894835993934,0.8764094618250108,0.9477636215326357,0.8932266913924239,0.8852671189417731,0.9047269264877844,0.9320108995134966,0.8866179156435106,0.9374151746955591,0.8736938895135735,0.8927853284128244,0.902671283237344,0.870794686841974,0.9152244506574302,0.901289078988048,0.8784204233363971
HBAN,0.9992589632739821,0.9995513878153303,0.7713690534686999,0.9977787072930171,0.7545250012572153,0.9388615287232026,0.9925805880459452,0.999069320520801,0.9947471077779823,0.9974200578372517,0.9983855924731132,0.9843262015020604,0.9995470787141221,0.9991742170981267,0.9990821127236637,0.9969291626822597,0.9623338349706779,0.9948112733376252,0.9831738804081159,0.9984016930725194,0.9982919219840733,0.9979175005967397,0.9993790272840022,0.9981478970192413,0.9980530398028139,0.9992937116181984,0.9992656728778405,0.9996125654759225,0.8917750610239908,1.0,0.9977240440373752,0.983636732001338,0.9996831716724883,0.7760319752794652,0.9927579663247001,0.9987171573258193,0.990733768418463,0.9990144845145572,0.999272249970794,0.9996457522275023,0.9992561178694649,0.9160945228170839,0.9981400747678015,0.7764961865779006,0.9958857123928913,0.9987770931418987,0.5916068368207735,0.9931000047954072,0.9996058343154585,0.9997136468819955,0.9974971343961212,0.999034263311864,0.9997079373433827,0.9945283625364792,0.998749807316506,0.9989072999061834,0.7541432722787673,0.9988518874665907,0.9982987631101108,0.9986378454433641,0.9848648163264232,0.9994355716820661,0.9921967741663819,0.9986289317750199,0.9995363902374493,0.9967014408145268,0.9988646260495156,0.9972074728773752,0.9980114861698369,0.9990708238603203
