Ticker,ABCB,ABTX,AJX,ARI,AXP,BAC,BBT,BK,BOKF,C,CFG,CFR,CIT,CMA,CNND,COF,DFS,EWBC,FCNCA,FFIN,FHB,FITB,FMAO,FMBH,FNB,GBCI,GS,HBAN,HBHC,HOMB,HTH,IBKR,IBOC,ISBC,JPM,KEY,LARK,MBWM,MCBC,MS,MTB,NAVI,NKSH,NTRS,OPY,PACW,PBCT,PGC,PNC,PNFP,RF,SCHW,SFBC,SIVB,SLFC,SRCE,STBA,STT,SYF,TCBI,TFSL,TSC,UMBF,USB,WAL,WFC,WSBC,ZION
ABCB,1.0,0.9991978089194297,0.18178088572263976,0.16408247742566537,0.86445010673406,0.9980794714867866,0.9998232231255646,0.9965848146571313,0.9974075694040769,0.995620339019535,0.9991688918038574,0.9976801582816004,0.9967423401461157,0.9937610015507267,0.9867586280147961,0.9943813299351648,0.971962141348887,0.9968659395941334,0.9960681185475965,0.9975550451761508,0.9986754281071692,0.9964506623110768,0.9974905333260662,0.9996530191337566,0.9990418720633271,0.9997690589714926,0.9164492643815405,0.9982512044946945,0.9976822585182324,0.9978831236255528,0.9706013380693823,0.16900902129479134,0.9848827834857955,0.9986912000392876,0.9966848426848017,0.9974747495054547,0.9994584881068951,0.9993529078622791,0.9970419358887523,0.8003338856585558,0.9966263949469162,0.16690682423880115,0.9928998146262359,0.9956521543806062,0.15803743602740117,0.9784323800949019,0.9985725421550706,0.9975426139949959,0.9956090114716287,0.9989659959924652,0.9993236720312139,0.9981326822191592,0.9981224415941122,0.9960338908076034,0.17747517376793617,0.9987241114721663,0.9972072830976795,0.9966235413574497,0.9771225575297324,0.9962456208299677,0.996983111279315,0.9935629602959323,0.998196437082477,0.9929428032364346,0.9972061678415647,0.995628389646488,0.9975118027112039,0.9975428522719473
ABTX,0.9991978089194297,1.0,0.168455064198912,0.15265853371813656,0.8449811159772737,0.9985274926402179,0.9993186003297667,0.9955189788133252,0.9973250183064228,0.9955683408363865,0.999879603091779,0.9986697423864638,0.9977135319754135,0.9949341765099394,0.9816864749582811,0.9922839709533214,0.9674647565260241,0.998043971366156,0.9967966489956219,0.9967504015515086,0.9997827291878804,0.9969327666977053,0.9978212771857224,0.999733775755411,0.9997955317586917,0.999535703847898,0.9084366737874386,0.9988800278396615,0.9990890350502053,0.9975532267318186,0.9606164540103331,0.13312594704483013,0.9847198369742549,0.9994388689542121,0.9965656444340988,0.9979035804894141,0.9985522528418179,0.9995903958284279,0.9981792891826011,0.7932217190500022,0.9969296014583972,0.13926545866726864,0.9937187592262577,0.9963212082021201,0.12252091912374916,0.9849659567396692,0.9997691541449494,0.9989946615237788,0.995927234792957,0.9997748120682184,0.9997009091926281,0.9994970866503353,0.9985032942068964,0.9970699269785893,0.14241444091531139,0.9984931125296865,0.9982729000565523,0.9970475693941714,0.969923919785805,0.9980567092695837,0.9981935091825471,0.9959856965212404,0.9986576657271277,0.9930533558128074,0.9981491066180188,0.9961757131749078,0.9979509107053967,0.9986771800655333
AJX,0.18178088572263976,0.168455064198912,0.9999999999999999,0.9508777557710288,0.3647765378005701,0.16356585594297335,0.1895876747056953,0.1835150969241779,0.17473322383407203,0.1720244408261833,0.15844660150626172,0.14081464104276467,0.1341640418047178,0.13759484268593383,0.23901116922274618,0.23238456299878632,0.19457225740129627,0.14030379979526986,0.11694809639706884,0.22199561933308912,0.15632832142963662,0.16005071974092724,0.17268708379802136,0.17590469215097115,0.18415622409095875,0.17930715384315626,0.3802262219174232,0.12899409533499534,0.13765597897468118,0.22610103632833348,0.2804377026928194,0.6365832552300469,0.2346054333641697,0.15959349414810653,0.14892097947891406,0.14649586121826805,0.15510747773444417,0.15123333337019537,0.11711116269673863,0.7268129618976051,0.15377699275692644,0.666421631130305,0.18677065784915856,0.11188355999248584,0.5250628253367197,0.11341447805280579,0.1542971428213937,0.12609869494913886,0.17642104930943392,0.18483908923969392,0.15358170649124306,0.1518860792341669,0.14190551747242264,0.1008452451880908,0.6798006098655417,0.1735700408411789,0.17399400968114595,0.13204662163647266,0.2561126505302901,0.11066930494599864,0.19697727902521034,0.08077902358264552,0.1368995130602938,0.1448233266146041,0.12286950068881933,0.14447139092174566,0.22350965938684372,0.1263922610438087
ARI,0.16408247742566537,0.15265853371813656,0.9508777557710288,0.9999999999999999,0.2939954571742251,0.13264481612283668,0.1687277417778514,0.1419699640730156,0.138020499863958,0.12930593591704614,0.14113854672475204,0.11441542863133479,0.1176421511687447,0.09618625415818215,0.18113759056564474,0.18689610375451485,0.11389798604217934,0.11133254065468091,0.08678473651498579,0.18954910752430842,0.1453854682121744,0.12234812907751727,0.13809613362918033,0.1551871086634707,0.17094972949979967,0.161467573001466,0.25892488403996744,0.11882346806895595,0.12004997641864176,0.19791443316372967,0.23746916998041315,0.54779831892473,0.1705928051526444,0.1357843536173574,0.11215168131550018,0.11494023995887535,0.1362082319873155,0.13496142371222392,0.11084041222136315,0.6624061337571109,0.11699593637980948,0.48134172035547423,0.13990322442153083,0.08108698498789367,0.4041366805302383,0.10726117565116522,0.1422756647443398,0.1090643998413242,0.13642571679792204,0.16604155516987096,0.13966583608736174,0.13057159577858574,0.11473286161066092,0.08081929505897587,0.5781713570087944,0.14335890050879785,0.14265433305435157,0.09926670261105541,0.1970724384253231,0.09171220359868025,0.16714850495109695,0.06964063109651743,0.11195582938691094,0.09764408095620625,0.11819292393352455,0.10585123464503786,0.20058213288210447,0.10461728033760062
AXP,0.86445010673406,0.8449811159772737,0.3647765378005701,0.2939954571742251,1.0,0.8529444521291183,0.8632450654159942,0.8722535428372963,0.8601786803130501,0.8611715515422578,0.8464938319124725,0.8433828050903982,0.845882376271099,0.8432326766440918,0.9187807808218096,0.8882988708986814,0.9054978952095302,0.8395465257936624,0.844428323599401,0.8667198615994295,0.8380446540218088,0.8531632768148796,0.8544012286370335,0.8549974606731597,0.8454099323035057,0.8565481917069864,0.9210789486063311,0.8427469715845035,0.8387796561571857,0.8617116509117163,0.9591521626161975,0.5941262098616731,0.861125837978001,0.8462648979609736,0.8582612874123979,0.8520538938554467,0.863264300112253,0.8500703123776954,0.8320433943217951,0.8134790119291931,0.8539478454743963,0.5415878490396208,0.8489956709387577,0.8456292040182857,0.6289376081895179,0.7696322676719346,0.8387427528174561,0.8354553081679721,0.8542213674843907,0.8455897633132992,0.8489645328229414,0.8380544975289833,0.8507886467580527,0.8359337716625878,0.6101173161224391,0.8600724434753803,0.8470944818239584,0.8515464467672262,0.9367161821328929,0.8294159168585625,0.8440099705663262,0.8156925291543441,0.8492819425777709,0.8562942540636979,0.8330975572995656,0.8537166836830865,0.8544655474657111,0.8397633382688228
BAC,0.9980794714867866,0.9985274926402179,0.16356585594297335,0.13264481612283668,0.8529444521291183,0.9999999999999998,0.9986065445822018,0.9987825692113986,0.9997305194649241,0.9991288269249176,0.9988654652874241,0.999647199238222,0.9965608674740628,0.9986814025255963,0.9875066958966204,0.9955173443714634,0.9783451206722595,0.9994699102992929,0.998774376203372,0.9978770945960395,0.9976361387551014,0.9996967806567214,0.9998525607160963,0.9991386063376005,0.997599298220894,0.9985456879384508,0.9242383808737744,0.9970697672064982,0.9983580127264889,0.9977060052451985,0.963731194446487,0.14302580847141758,0.9913074226801706,0.9996537621308097,0.9994397896996057,0.99981154058664,0.9981289401242598,0.9985964257733867,0.9958167852630854,0.7929868366167768,0.9996670341098418,0.16903758701810023,0.9978088288305454,0.9985014655023776,0.14001107365101187,0.9814355195557728,0.9977335899686026,0.9983514444163816,0.9990909847064895,0.998623649631458,0.9982006795388613,0.9992530382958213,0.9996247788879045,0.9974235287732157,0.15582832220058723,0.9997896803476108,0.9995973860777496,0.9993428602426976,0.9762097766682447,0.9979077034629023,0.9988397399037904,0.9948590816675449,0.999424657427567,0.997923021760207,0.9953841481856057,0.9992543908486253,0.9971849825340331,0.998965595131894
BBT,0.9998232231255646,0.9993186003297667,0.1895876747056953,0.1687277417778514,0.8632450654159942,0.9986065445822018,1.0,0.9972046685971743,0.9980729311442873,0.9965267136157814,0.9992589635015469,0.9979550639975354,0.9968887256261183,0.9946219404373547,0.9874226259467291,0.9954620282344708,0.9732377216015258,0.9972108760233048,0.9961020025300732,0.9982594634335147,0.9985954533793416,0.9972005632937896,0.9981676166067421,0.9998007124544308,0.9992115018098383,0.9997295442078168,0.9201483854467523,0.9977613808589724,0.9978589825871492,0.998673840002794,0.9697115853124924,0.16763633220254137,0.9871151924910864,0.9989771699582232,0.9970658390012866,0.997848541238725,0.9989769120935177,0.9991291014099204,0.996341151815435,0.8062745259745615,0.9971925404762589,0.17131687166997434,0.9943064508833462,0.9956973846742756,0.15773859525413716,0.9799762231641882,0.9986004649413726,0.9974850706409125,0.9964750156653213,0.9993366391289945,0.9991382374266167,0.998434533236903,0.9982271778035656,0.9955989962478636,0.17784141029859982,0.9990718393463188,0.9981110310075262,0.9968858090788115,0.9774787091281221,0.9961871609926243,0.9980381476521455,0.9930832196618656,0.998204878544752,0.993751543958716,0.9963826478254872,0.9963579089448653,0.9984452734542072,0.9975537694294093
BK,0.9965848146571313,0.9955189788133252,0.1835150969241779,0.1419699640730156,0.8722535428372963,0.9987825692113986,0.9972046685971743,0.9999999999999998,0.9995903167108902,0.9994732886267569,0.9959704123175591,0.9974748697480147,0.9927990633665439,0.9978548413231293,0.9937002318547168,0.9977819432555712,0.9858612454590444,0.9975009657226149,0.9971005795151394,0.9983112850529712,0.9938946164062502,0.9991232684846904,0.9992112554177797,0.9972546992358425,0.9944487714921204,0.9967620210792213,0.9401357323467723,0.9933947487744333,0.994672208353146,0.9972262418262563,0.972495220299991,0.18207362382523087,0.994455536248526,0.9975417380304245,0.9992312267821877,0.9985990263988729,0.996806433977693,0.9960515820201967,0.9914803933239604,0.8046210139841926,0.9991529160916277,0.21336950203933988,0.9982079538171237,0.996882687768594,0.18025780073292724,0.9720075756490223,0.9939242260840708,0.9947243278611615,0.9991437855794679,0.9960348964273481,0.9952092054569543,0.9963635021721284,0.9980340277396749,0.99443945833534,0.19525391982445733,0.9991600043488343,0.997865881928233,0.9981995759795123,0.9837852623196138,0.9941387477297703,0.9971605144984584,0.9897504620033167,0.9974753233625951,0.9985757968314077,0.991068857289656,0.998482711249023,0.9954597747527552,0.9961105181861984
BOKF,0.9974075694040769,0.9973250183064228,0.17473322383407203,0.138020499863958,0.8601786803130501,0.9997305194649241,0.9980729311442873,0.9995903167108902,1.0000000000000002,0.9997063209161111,0.9976917360401658,0.9988938373168575,0.9949040690606825,0.9987576848264739,0.990387727698344,0.9969535762811474,0.9822553402176343,0.9988855865865339,0.9981564382652368,0.9984313252092674,0.996050701949237,0.9998103890540625,0.99992055563918,0.9984281506321457,0.9963462982870055,0.9978151953061003,0.9325066239272541,0.9953249335428543,0.9968679876961005,0.9978908508408334,0.966974034858486,0.15861826453005326,0.9936606142121858,0.9989318524311154,0.9995835283686395,0.9994960409153557,0.9974239514658771,0.9974586453131141,0.9937487015332743,0.8000557295497905,0.9997534529410026,0.19001973353982993,0.9986415164114163,0.9978746683643741,0.1559119628143657,0.9778154880645968,0.99611831067438,0.9968201892348367,0.9995678916260449,0.9977279024153806,0.9968684710271657,0.9981932863929619,0.9990427622048631,0.9960836652343926,0.17262845616058467,0.999727087488305,0.9992685719020296,0.9989903812516545,0.9797249823221048,0.9963383402880432,0.9985826756356267,0.9925613053752479,0.9986486444575393,0.9986185475256576,0.9933185930456443,0.9992147386227568,0.9968307518665296,0.9978076398277637
C,0.995620339019535,0.9955683408363865,0.1720244408261833,0.12930593591704614,0.8611715515422578,0.9991288269249176,0.9965267136157814,0.9994732886267569,0.9997063209161111,1.0,0.9961612312514531,0.9980918487066761,0.9937533717850348,0.9991398295886068,0.9910763557670312,0.9972058969307472,0.9855130222923548,0.9981704977502555,0.9976289140292841,0.997409402059695,0.9939837388637214,0.9997403140765075,0.9994778384062869,0.9969166008882703,0.99431355739816,0.9960067300651793,0.937328457425809,0.9934038585108366,0.9957197956463362,0.996668815614961,0.9661677369655813,0.1587022912531098,0.995072857448077,0.9977592958872563,0.9994166800635309,0.9990563650340826,0.9957585748998081,0.9957414894705001,0.991446729239953,0.7992300024176341,0.9995948830440516,0.19949786234845857,0.9990458780741553,0.9974542951396586,0.16130820128805867,0.9766734649221103,0.9941881632322711,0.9954657041072316,0.9995416973787805,0.9960861285310579,0.9950870628857255,0.9968918454719767,0.9981880771450096,0.9948703869096447,0.17596543825134617,0.998904690972989,0.9988606560855604,0.998659807708088,0.9810562573526361,0.9951535521130477,0.997701959797734,0.9909529039425998,0.9976952706864342,0.9993258195510409,0.9908153087991914,0.9994199368372784,0.9955372923632482,0.9967431183828952
CFG,0.9991688918038574,0.999879603091779,0.15844660150626172,0.14113854672475204,0.8464938319124725,0.9988654652874241,0.9992589635015469,0.9959704123175591,0.9976917360401658,0.9961612312514531,1.0000000000000002,0.999121576058298,0.9983557536139493,0.995739027838152,0.9823806625098443,0.9925575217291787,0.9694376899730629,0.9984551946659889,0.9976136013045896,0.996409027380662,0.9996790344721302,0.9974623666798055,0.9980886407917655,0.9997110561082676,0.9994068395263038,0.9994191985601611,0.9089564344149366,0.9992502478071581,0.9995052402936021,0.9970747325644196,0.9611085477093271,0.13223968755731672,0.9848250558599346,0.9995947560991126,0.9972802621450872,0.9984966012096296,0.9988577834786742,0.9997708817112483,0.9984157918650715,0.787610881662985,0.9975199644848485,0.1384390954752536,0.9939591124173944,0.9972706863777835,0.12444132038114787,0.9850445320374003,0.9997484402644662,0.9993895993647948,0.9962276962928988,0.9994792665153786,0.9998578436091891,0.9995963797097654,0.9990023451851624,0.9978180412625192,0.1421885716637747,0.9987296411499177,0.9984984634599151,0.9978227538110516,0.9711150792989317,0.9986183790531612,0.9979146456108549,0.9966554312443777,0.9991877518134034,0.994029457998297,0.9982606201109717,0.9970086375962521,0.9973982462530242,0.9992055435332067
CFR,0.9976801582816004,0.9986697423864638,0.14081464104276467,0.11441542863133479,0.8433828050903982,0.999647199238222,0.9979550639975354,0.9974748697480147,0.9988938373168575,0.9980918487066761,0.999121576058298,1.0,0.9971558943859118,0.9985649685601589,0.9838489390200053,0.9928292676912402,0.9747382545203948,0.9998324332924117,0.999455274957123,0.9962356632553437,0.9982630084031408,0.9991759190927632,0.9992048807174118,0.9988761601683559,0.9975080684231681,0.9983163861120335,0.9148037857163482,0.9981536768794532,0.9990244975893745,0.9961529844392027,0.9589500835631685,0.12328069052834809,0.9882991562168498,0.9997201515051767,0.9991245897802264,0.9997679237059455,0.998242077601925,0.9990126147413362,0.9974211145103447,0.7782400764187752,0.9993054544345973,0.1458914303388154,0.9965268320503671,0.9992207553871192,0.11976487797468004,0.9833110533660123,0.9983245831269599,0.9993512722020763,0.9981873633618747,0.9983634898968831,0.9986282722196447,0.9996362234222516,0.9998519276051135,0.9988548180984129,0.1342758816709601,0.9992127027864719,0.9990542543765157,0.9995310952881606,0.9717376961472587,0.9992249701390306,0.9979906628639116,0.9971441635250702,0.9998296698364019,0.9973194149661222,0.9969363749217413,0.9989353768155287,0.9958398403430034,0.9997775088478215
CIT,0.9967423401461157,0.9977135319754135,0.1341640418047178,0.1176421511687447,0.845882376271099,0.9965608674740628,0.9968887256261183,0.9927990633665439,0.9949040690606825,0.9937533717850348,0.9983557536139493,0.9971558943859118,0.9999999999999999,0.9936906369886468,0.978866163090821,0.9899253085493805,0.9672915497220232,0.9957622997255714,0.9959574601331039,0.9915415568327656,0.9975729227537176,0.9951069603809346,0.99511217118153,0.9972088301434311,0.9969298917292984,0.996315087423117,0.9011566784431279,0.998398430981398,0.9991948813462239,0.9927922936553483,0.9579376928893263,0.11940488915618479,0.9794197732572559,0.9970463862449214,0.9949292212259716,0.99658190284507,0.9965550462516267,0.9977810925397597,0.9968689918129646,0.7732161188225358,0.9950654721794085,0.11763128040037867,0.9898990632525115,0.9960728351499953,0.12601521350481584,0.9888244246849079,0.9983293894027118,0.9983505098149958,0.9924665468321673,0.9965381643351947,0.9984041187706697,0.9972856454532595,0.9969987826695862,0.9964362763977008,0.1317747466902436,0.9958081067232747,0.996480931048863,0.9962979517031778,0.9688975858033094,0.9976722420814763,0.9944201783101151,0.9961850896231719,0.9975153630948496,0.9916520915981096,0.9963522870169648,0.9959669995745154,0.9942815370769261,0.9978413652045552
CMA,0.9937610015507267,0.9949341765099394,0.13759484268593383,0.09618625415818215,0.8432326766440918,0.9986814025255963,0.9946219404373547,0.9978548413231293,0.9987576848264739,0.9991398295886068,0.995739027838152,0.9985649685601589,0.9936906369886468,1.0000000000000002,0.9857262416482426,0.9932878553529952,0.9817573857595697,0.9989113785348794,0.9987409995407581,0.9948351204400765,0.9938558294137301,0.9995136859340282,0.9988261754956868,0.9957835464627445,0.9931531368714047,0.994679208260604,0.9269664892157264,0.9936903108656119,0.9960897280035782,0.9940439153766677,0.9565174565429917,0.12298424295801809,0.9928449064681178,0.9975694178427936,0.9992242126777695,0.9991009109710107,0.9947313847899012,0.9953670945753849,0.9924727212582274,0.7778998948281224,0.9994855248690165,0.16923263016716691,0.9985193621682276,0.9986489224383466,0.12702844930260226,0.9797181600423353,0.9940829953929843,0.9963840614959375,0.9989326506589579,0.9950775248258487,0.9945763150909348,0.9972121458773134,0.9983278626263822,0.9965007640600234,0.13855159116626697,0.997868922099261,0.9983241098560443,0.999136233940536,0.9735663023818809,0.9967815893986749,0.9967601317901694,0.9937097032270729,0.9979491277670248,0.9995070220592619,0.9915636160238808,0.9995201894936492,0.9931366517246512,0.997609352995361
CNND,0.9867586280147961,0.9816864749582811,0.23901116922274618,0.18113759056564474,0.9187807808218096,0.9875066958966204,0.9874226259467291,0.9937002318547168,0.990387727698344,0.9910763557670312,0.9823806625098443,0.9838489390200053,0.978866163090821,0.9857262416482426,0.9999999999999999,0.9959154431094155,0.9931326870679192,0.9834945132082565,0.983840216028189,0.9909255146039827,0.9784084811188377,0.9885470589819939,0.9887262700214537,0.9857139142187044,0.9807934681499958,0.9854658047180701,0.9654164527580331,0.9784138845877568,0.9794772818244762,0.9885782146204324,0.9892893024592501,0.28191933335754416,0.9902357442299601,0.9844584235544744,0.9894448221297126,0.9870719860817594,0.9865596227205804,0.9830028905336584,0.9742981671357714,0.8316166812073156,0.9885955912042823,0.31009621568499207,0.9884558265872473,0.9838601931716001,0.2875592627323169,0.9453684741647066,0.9785433676221733,0.9787537918127077,0.9893895258806008,0.9828212590873324,0.9818127165313534,0.9814744324531135,0.9858240753666814,0.9787626901775955,0.29885915531565155,0.9893413780388735,0.9857803505160109,0.9865323942709984,0.9959002967837871,0.9771364047583375,0.9847800019567171,0.9696941635361401,0.9847429044513852,0.9896194469534264,0.9740970096279051,0.9878548601724216,0.9850016390596754,0.9813093212153727
COF,0.9943813299351648,0.9922839709533214,0.23238456299878632,0.18689610375451485,0.8882988708986814,0.9955173443714634,0.9954620282344708,0.9977819432555712,0.9969535762811474,0.9972058969307472,0.9925575217291787,0.9928292676912402,0.9899253085493805,0.9932878553529952,0.9959154431094155,1.0000000000000002,0.98809716124731,0.9923787091117231,0.9911311209182456,0.9973741060746727,0.9897861657496999,0.9957712503291237,0.996187760055321,0.994449784159685,0.9919665062051695,0.9937646062069208,0.9515424872953319,0.9884650634949671,0.9909149594861135,0.9968890645501142,0.9782680078410365,0.21949259434895127,0.9947227595993736,0.9936376998953462,0.9952716547394658,0.9945526598855458,0.9929006133838368,0.9918719166238296,0.9850382259549201,0.8340416529613981,0.9953501846098772,0.25015822466097687,0.9955888938177808,0.9908396203254392,0.2202948160483088,0.9681369118538564,0.9900365165113135,0.9894535790056166,0.9961112341439352,0.9934748116498446,0.9915829500741628,0.9918939324729064,0.9934167383656469,0.9874114206904141,0.24092590806763808,0.9962166663589359,0.9956364820812774,0.9933332213404363,0.9901963918772696,0.9878895556398309,0.9950359905452543,0.9816357402553018,0.9927563301687632,0.9945896734009886,0.9848693427374732,0.9949879959577778,0.9955185223415174,0.9907847171145232
DFS,0.971962141348887,0.9674647565260241,0.19457225740129627,0.11389798604217934,0.9054978952095302,0.9783451206722595,0.9732377216015258,0.9858612454590444,0.9822553402176343,0.9855130222923548,0.9694376899730629,0.9747382545203948,0.9672915497220232,0.9817573857595697,0.9931326870679192,0.98809716124731,1.0000000000000002,0.9751151479915572,0.9765998518398801,0.9785870500987838,0.9634704683125046,0.9818181411761533,0.9801199385234387,0.9722879424303907,0.9648497975402662,0.970890744393815,0.9717215622657425,0.96473502584297,0.968670319109739,0.9751706597016848,0.9738677381535937,0.2607027401780741,0.9878228747026233,0.973226714652703,0.9828021654741529,0.9791845269084077,0.9732054852880312,0.9695394234856319,0.959652981030636,0.802454728047664,0.9818120639067817,0.3287550947192706,0.9832390720258546,0.9770224965759025,0.2836394957637731,0.9338144437356325,0.9639024878219016,0.9675182975073973,0.9826725043635471,0.9687988042462375,0.9679190682803939,0.9698401958201434,0.9762804840050922,0.9693300537025312,0.29125188499359794,0.9790735363013005,0.9772074864371763,0.97931022970301,0.9924502514906012,0.9672626633754238,0.9734895998000288,0.9590999520163711,0.9749380705327247,0.9868265065997557,0.9586349735047744,0.9823467307310935,0.9708534665860152,0.9714444362401279
EWBC,0.9968659395941334,0.998043971366156,0.14030379979526986,0.11133254065468091,0.8395465257936624,0.9994699102992929,0.9972108760233048,0.9975009657226149,0.9988855865865339,0.9981704977502555,0.9984551946659889,0.9998324332924117,0.9957622997255714,0.9989113785348794,0.9834945132082565,0.9923787091117231,0.9751151479915572,0.9999999999999999,0.9994354549802338,0.9962755631757908,0.9976264214761983,0.9992505738777652,0.9992589657073301,0.9983393131248248,0.9967770217719605,0.9977963713234418,0.9161478713744031,0.9972386594020692,0.9982146943854779,0.9959599297386381,0.9570038031802797,0.12014398604327073,0.9894255468154289,0.9995034039681214,0.9991628369220251,0.9996115427446032,0.997583500122891,0.9983849952896532,0.9967429692711199,0.7777150743489855,0.9994035062371862,0.14807712295184677,0.9972234999813755,0.9991120522201699,0.11354900158598794,0.9819672065764565,0.9975573023488403,0.9988025025184973,0.9985531942595881,0.9979460186308915,0.9977890927201173,0.999410001931289,0.9996174555660245,0.9986332215451879,0.13063180760192916,0.9990386370730888,0.9988470115470759,0.9993792592453942,0.9707185790733205,0.9988874067910518,0.9980209995244872,0.9967304252316289,0.9994823748988018,0.9977206441343481,0.9962608180207506,0.9987552325865056,0.9952499462240256,0.9994281807160584
FCNCA,0.9960681185475965,0.9967966489956219,0.11694809639706884,0.08678473651498579,0.844428323599401,0.998774376203372,0.9961020025300732,0.9971005795151394,0.9981564382652368,0.9976289140292841,0.9976136013045896,0.999455274957123,0.9959574601331039,0.9987409995407581,0.983840216028189,0.9911311209182456,0.9765998518398801,0.9994354549802338,0.9999999999999998,0.994183725868755,0.9964508390898037,0.9987182537679844,0.9983100619100992,0.997290429503193,0.9950337798729705,0.9966680546435664,0.9141425688553857,0.9972776933268712,0.9977841088233806,0.9934933154606129,0.9586366503099557,0.1209735379771908,0.9870176026917183,0.9985824955436993,0.999233166442488,0.9994695992158913,0.9976532902009437,0.9979580123993402,0.9966987071046013,0.763042672076449,0.9991034051404002,0.14476117570854619,0.9956286195681929,0.9999445308221041,0.12121791651795467,0.9799611615841958,0.9965392712914031,0.9986170104837607,0.9974746692586269,0.9961335484735756,0.9972417184712952,0.9984055455971301,0.9995745081696588,0.9993385338816445,0.12974970009360046,0.9983010149848263,0.9975157941636682,0.9997826088015224,0.9714744533418057,0.9989665189163097,0.9957708270927474,0.9972733245518037,0.9995413497810566,0.9979435474352275,0.9960463585652616,0.9988770551861431,0.9926088589543645,0.9994049098060004
FFIN,0.9975550451761508,0.9967504015515086,0.22199561933308912,0.18954910752430842,0.8667198615994295,0.9978770945960395,0.9982594634335147,0.9983112850529712,0.9984313252092674,0.997409402059695,0.996409027380662,0.9962356632553437,0.9915415568327656,0.9948351204400765,0.9909255146039827,0.9973741060746727,0.9785870500987838,0.9962755631757908,0.994183725868755,1.0,0.9952940935406337,0.9973153581523582,0.9984324956574345,0.9980152848453249,0.9967421240733042,0.9980012538654873,0.9364263136540558,0.9930896939723678,0.9940901623769772,0.9996870483512212,0.9709957941809564,0.1874133710338431,0.9935114047468736,0.997520206981568,0.9967796844076376,0.9967278719631434,0.9963407976800782,0.9961442968496063,0.9915129788189931,0.8259972807211204,0.9971282130057928,0.21220903983534853,0.9971338004666467,0.9934906395642437,0.17149808115811802,0.9729389474879891,0.9949612143707908,0.9938698579223832,0.998038030225073,0.9978866199121671,0.9956157530045514,0.9964905915696414,0.996481643790103,0.9920830215718702,0.2002812236702653,0.99866310177815,0.9976119352604607,0.9954041196137214,0.9806505481235893,0.9925631394654131,0.9985609307009873,0.987890032363575,0.9959200030429961,0.9948136571556431,0.9916156878523195,0.9955247687273675,0.9982994056758364,0.9946799089281563
FHB,0.9986754281071692,0.9997827291878804,0.15632832142963662,0.1453854682121744,0.8380446540218088,0.9976361387551014,0.9985954533793416,0.9938946164062502,0.996050701949237,0.9939837388637214,0.9996790344721302,0.9982630084031408,0.9975729227537176,0.9938558294137301,0.9784084811188377,0.9897861657496999,0.9634704683125046,0.9976264214761983,0.9964508390898037,0.9952940935406337,1.0,0.995772696876702,0.996710397615969,0.9992054407988785,0.9995263737726428,0.9991551938091525,0.9004655495216743,0.9992930059640195,0.9989851773805632,0.9962286474357384,0.9570877570815092,0.12193360240510083,0.9816507606114495,0.9990099597243973,0.9955599957985877,0.9971381420984122,0.9982751454575713,0.999526597112733,0.9990065112262645,0.7843150337279882,0.9958931811863024,0.12200987179110057,0.9919794805173299,0.9959726181602583,0.10813202520835949,0.9856069564092237,0.9999057470636141,0.9991151562796164,0.9945197110437797,0.9993036656992063,0.9996798250031217,0.9992751904978272,0.9980106144603494,0.9974043506418901,0.12935709000657844,0.9975505752140211,0.9972412309704011,0.9963392387475247,0.9661077794592564,0.9983189558050475,0.9971390915533545,0.9969534445444104,0.9983031762561793,0.9915808364943329,0.9990029402241086,0.995012597703866,0.9967271779792637,0.9986157645805483
FITB,0.9964506623110768,0.9969327666977053,0.16005071974092724,0.12234812907751727,0.8531632768148796,0.9996967806567214,0.9972005632937896,0.9991232684846904,0.9998103890540625,0.9997403140765075,0.9974623666798055,0.9991759190927632,0.9951069603809346,0.9995136859340282,0.9885470589819939,0.9957712503291237,0.9818181411761533,0.9992505738777652,0.9987182537679844,0.9973153581523582,0.995772696876702,1.0,0.9998118471932924,0.9978603466689452,0.9956759495073372,0.9970440233716767,0.9296523149893439,0.9952636359204313,0.9971494581330047,0.9967727119731887,0.9628815814154731,0.14315234657168366,0.9933664258701589,0.9988301679958261,0.9997090163875065,0.9996956757637558,0.9967793864845625,0.9971315811630863,0.9938223160260301,0.791563640919954,0.9999358821367492,0.17924405066015228,0.9987940760922599,0.9985193408677346,0.14322766319194088,0.9796332693157489,0.9959293143892142,0.9971818426457542,0.9995530883942968,0.9971988960574619,0.9965229344130487,0.9982875903702165,0.9991409701893783,0.9966642380756671,0.15777730144594135,0.9993395812601562,0.9993297660034707,0.9993829567705479,0.9772707139692692,0.9970162254999156,0.9982948724493901,0.9935754637514005,0.9987834629403519,0.9991354512868829,0.9931995399959507,0.9996746570623535,0.9959004648865251,0.9981906284041142
FMAO,0.9974905333260662,0.9978212771857224,0.17268708379802136,0.13809613362918033,0.8544012286370335,0.9998525607160963,0.9981676166067421,0.9992112554177797,0.99992055563918,0.9994778384062869,0.9980886407917655,0.9992048807174118,0.99511217118153,0.9988261754956868,0.9887262700214537,0.996187760055321,0.9801199385234387,0.9992589657073301,0.9983100619100992,0.9984324956574345,0.996710397615969,0.9998118471932924,0.9999999999999999,0.9986808378688109,0.9969085765268606,0.9980915170082808,0.9292122314175645,0.9957691510898935,0.9973074728083172,0.998042714833717,0.964342250084382,0.1493286328042413,0.9932476106822736,0.9992889827985819,0.9994524047289912,0.9995614942975748,0.9974469329278578,0.997789240885823,0.9944566271968377,0.7986532147499065,0.9997360236657796,0.18114772021001763,0.9986914265981037,0.9979625159248264,0.14469139927695818,0.9794132096863604,0.9967269608789241,0.9973499073999363,0.9995894783187436,0.9982332517450396,0.9972312456556272,0.9987348475964553,0.9991964670108865,0.9964855794607527,0.16281532321040354,0.9997476985554733,0.9995025728963264,0.9990027475604856,0.9773446177674121,0.9969175221865658,0.9990232869047402,0.9933987624678284,0.9988365362655504,0.9983363095223714,0.9940419641393375,0.9991037701167931,0.9971580741519556,0.9981950533185374
FMBH,0.9996530191337566,0.999733775755411,0.17590469215097115,0.1551871086634707,0.8549974606731597,0.9991386063376005,0.9998007124544308,0.9972546992358425,0.9984281506321457,0.9969166008882703,0.9997110561082676,0.9988761601683559,0.9972088301434311,0.9957835464627445,0.9857139142187044,0.994449784159685,0.9722879424303907,0.9983393131248248,0.997290429503193,0.9980152848453249,0.9992054407988785,0.9978603466689452,0.9986808378688109,1.0,0.9994155189213022,0.9998517468354083,0.9166657206469937,0.9984196167584587,0.9985936825316517,0.9983732921556905,0.9658023823418992,0.15118147563489978,0.9872160328370629,0.9996306860213577,0.9977090150614782,0.998565123310954,0.999153613275714,0.999604276959776,0.9974033272193278,0.7982937937882199,0.9979043607230242,0.1593506286950352,0.9950224353474906,0.9968618152321153,0.14120754426942658,0.9816912534225405,0.9991618821893835,0.9985285232780929,0.9971032172770803,0.9996674559375562,0.9995051400699756,0.9993167321255736,0.9989837067556993,0.9969772100022593,0.16077086168498353,0.9993686645327705,0.998618835498206,0.9977635457093679,0.9746948586874672,0.9975554018496683,0.998477673581945,0.9949055613581846,0.9989825953698803,0.9946094750888133,0.9973659365894321,0.9970496750543952,0.9981668740925541,0.9985908647658032
FNB,0.9990418720633271,0.9997955317586917,0.18415622409095875,0.17094972949979967,0.8454099323035057,0.997599298220894,0.9992115018098383,0.9944487714921204,0.9963462982870055,0.99431355739816,0.9994068395263038,0.9975080684231681,0.9969298917292984,0.9931531368714047,0.9807934681499958,0.9919665062051695,0.9648497975402662,0.9967770217719605,0.9950337798729705,0.9967421240733042,0.9995263737726428,0.9956759495073372,0.9969085765268606,0.9994155189213022,0.9999999999999999,0.9993253475101509,0.9077611279903738,0.9981023248177573,0.998283436824033,0.9978474661291078,0.9608061604131405,0.138571934299731,0.9838296663134667,0.9987141988414507,0.9950683677154478,0.9966097710727708,0.9978117338878564,0.9989691333791341,0.9973522987553869,0.8019422949295476,0.9955632630488928,0.14178322429449403,0.9926221976995527,0.9944312778047466,0.1251500750007758,0.9847327834606459,0.9994703308336209,0.9979848160692332,0.9948413931203162,0.9997571973987845,0.9992370453255782,0.99878862760446,0.9973002311688148,0.9954050931715159,0.1478509840844439,0.9977165054261607,0.9975795434234042,0.9954523904912407,0.9691196394213493,0.9967062760408479,0.9980081863979672,0.9944037273204598,0.9974562877942917,0.9910937268632409,0.9974899725702935,0.9946276455586074,0.9984766546868238,0.9974432043623748
GBCI,0.9997690589714926,0.999535703847898,0.17930715384315626,0.161467573001466,0.8565481917069864,0.9985456879384508,0.9997295442078168,0.9967620210792213,0.9978151953061003,0.9960067300651793,0.9994191985601611,0.9983163861120335,0.996315087423117,0.994679208260604,0.9854658047180701,0.9937646062069208,0.970890744393815,0.9977963713234418,0.9966680546435664,0.9980012538654873,0.9991551938091525,0.9970440233716767,0.9980915170082808,0.9998517468354083,0.9993253475101509,1.0,0.9152339025292933,0.9983334681465716,0.9979028413868597,0.9982607498304893,0.9669558288760123,0.15762057414036884,0.9860048246778478,0.999287764246994,0.9971002992885258,0.9979249496333682,0.9993188262481796,0.9995523856061428,0.9975099812823517,0.7988428480475842,0.9972001747493046,0.16096676049791472,0.9940719879165664,0.9961706240754618,0.14322026420104034,0.9794947503548115,0.9989290392972276,0.9980294656874074,0.9964494466225946,0.9994679490811297,0.999385496116673,0.9988906203765932,0.9985390216104525,0.9966303410421995,0.1655600268785549,0.9990490333686975,0.9977657121757277,0.9970473054782173,0.9744884908165352,0.9969493827653902,0.9978960552095888,0.9944275879804163,0.9985432195882533,0.9935918616957217,0.997609356820886,0.9959692999041803,0.9977974271467518,0.9980807649572684
GS,0.9164492643815405,0.9084366737874386,0.3802262219174232,0.25892488403996744,0.9210789486063311,0.9242383808737744,0.9201483854467523,0.9401357323467723,0.9325066239272541,0.937328457425809,0.9089564344149366,0.9148037857163482,0.9011566784431279,0.9269664892157264,0.9654164527580331,0.9515424872953319,0.9717215622657425,0.9161478713744031,0.9141425688553857,0.9364263136540558,0.9004655495216743,0.9296523149893439,0.9292122314175645,0.9166657206469937,0.9077611279903738,0.9152339025292933,1.0,0.8965560917880431,0.9039845462696973,0.9315629435017312,0.9516078584745447,0.4002954595711161,0.9601926234317297,0.9157686487902066,0.9285378386327097,0.9223329504869112,0.9137712964017146,0.9079451157510009,0.8883971880569997,0.8824301723231124,0.9283102959890717,0.5153564501960113,0.9398284568916139,0.913944303338449,0.41846671453683687,0.8596991548343572,0.9007550715034562,0.9012929563991992,0.9349392872604783,0.913813745394446,0.9054759420155882,0.9100030213407924,0.9171701886784942,0.9001641625888234,0.44047888290782017,0.9268362722427914,0.9244720843483912,0.9206205630489549,0.9670925902150885,0.8989244999913621,0.9249894556983034,0.8827846241101585,0.9139184376631853,0.9359325356207181,0.8877467745457955,0.9274732333976135,0.9246970832928355,0.9071432922415342
HBAN,0.9982512044946945,0.9988800278396615,0.12899409533499534,0.11882346806895595,0.8427469715845035,0.9970697672064982,0.9977613808589724,0.9933947487744333,0.9953249335428543,0.9934038585108366,0.9992502478071581,0.9981536768794532,0.998398430981398,0.9936903108656119,0.9784138845877568,0.9884650634949671,0.96473502584297,0.9972386594020692,0.9972776933268712,0.9930896939723678,0.9992930059640195,0.9952636359204313,0.9957691510898935,0.9984196167584587,0.9981023248177573,0.9983334681465716,0.8965560917880431,1.0,0.9990887575182053,0.9937313519412195,0.9587691777627296,0.12149431620188705,0.9784799103336459,0.9983179312034575,0.9957529580017814,0.9971964447415844,0.9987697499413922,0.9995315646533515,0.9996231185863219,0.7670635152035462,0.9956592630512752,0.11462960841843592,0.9900581283143862,0.9970887573483816,0.11427608010185729,0.9841390776235556,0.9993423550064325,0.9993930646670351,0.9933338836899589,0.9977156949998759,0.9996465898918366,0.9985117976231849,0.9982141075240423,0.9985997552707793,0.12764242936369752,0.9969311482343225,0.9960362209264412,0.9969310566863194,0.9670697985809391,0.9988511487644497,0.9948070802330273,0.9981516393325386,0.9986879795156006,0.9917492465569842,0.9994670660381052,0.995242870703015,0.9941464047966714,0.9989894713516497
HBHC,0.9976822585182324,0.9990890350502053,0.13765597897468118,0.12004997641864176,0.8387796561571857,0.9983580127264889,0.9978589825871492,0.994672208353146,0.9968679876961005,0.9957197956463362,0.9995052402936021,0.9990244975893745,0.9991948813462239,0.9960897280035782,0.9794772818244762,0.9909149594861135,0.968670319109739,0.9982146943854779,0.9977841088233806,0.9940901623769772,0.9989851773805632,0.9971494581330047,0.9973074728083172,0.9985936825316517,0.998283436824033,0.9979028413868597,0.9039845462696973,0.9990887575182053,0.9999999999999999,0.9949880244511485,0.9559538226848693,0.11140923487532221,0.9832346005755642,0.9989247507515924,0.9968512754612472,0.9983128873700284,0.9976285419316127,0.9990054452953595,0.9981546359417388,0.7757750251011268,0.9971469134453896,0.12231569210290578,0.9931604239255857,0.9976148941765708,0.1113560599422415,0.9883491377182412,0.9993093955009955,0.9996600607571209,0.9953974462077448,0.998365862182739,0.9992770690643505,0.9992014464042656,0.998646047388351,0.9980793149315431,0.12418096046306042,0.9976546438263499,0.9982914028964869,0.9978805026350442,0.9683728557049366,0.9991802499015785,0.9968660425917606,0.9976677811507625,0.9989808562994671,0.9940066871116602,0.9977343808591604,0.9973410928253799,0.9959551275811237,0.999355042063054
HOMB,0.9978831236255528,0.9975532267318186,0.22610103632833348,0.19791443316372967,0.8617116509117163,0.9977060052451985,0.998673840002794,0.9972262418262563,0.9978908508408334,0.996668815614961,0.9970747325644196,0.9961529844392027,0.9927922936553483,0.9940439153766677,0.9885782146204324,0.9968890645501142,0.9751706597016848,0.9959599297386381,0.9934933154606129,0.9996870483512212,0.9962286474357384,0.9967727119731887,0.998042714833717,0.9983732921556905,0.9978474661291078,0.9982607498304893,0.9315629435017312,0.9937313519412195,0.9949880244511485,1.0000000000000002,0.9684248604202538,0.17848852557628866,0.992058857943211,0.9976596820515112,0.9958763341794609,0.9963163857560088,0.9961068153259602,0.99644765938111,0.9921055476334371,0.8287333351790295,0.996431487931882,0.1996325435592881,0.9962964888844624,0.992758346807835,0.1625501911919935,0.9768225887618401,0.9960120272201309,0.9943762365428712,0.9972342903955138,0.9986544136174504,0.9962798257348694,0.9968811945599577,0.9961483787250863,0.9917773052148873,0.19266066800005707,0.9983097426232085,0.9979413866545126,0.9947538218323898,0.9784278170062404,0.9928683320922267,0.9989885113758596,0.9883568256006781,0.9957282915856229,0.9934190762195211,0.9922629166174444,0.995019968279574,0.9993420836723603,0.9947707924478776
