Ticker,ABCB,ABTX,AJX,ARI,AXP,BAC,BBT,BK,BOKF,C,CFG,CFR,CIT,CMA,CNND,COF,DFS,EWBC,FCNCA,FFIN,FHB,FITB,FMAO,FMBH,FNB,GBCI,GS,HBAN,HBHC,HOMB,HTH,IBKR,IBOC,ISBC,JPM,KEY,LARK,MBWM,MCBC,MS,MTB,NAVI,NKSH,NTRS,OPY,PACW,PBCT,PGC,PNC,PNFP,RF,SCHW,SFBC,SIVB,SLFC,SRCE,STBA,STT,SYF,TCBI,TFSL,TSC,UMBF,USB,WAL,WFC,WSBC,ZION
ABCB,0.9999999999999999,0.999182170512305,0.18233395924742607,0.16525930265210734,0.8642212913844555,0.9980708390216416,0.99982420906364,0.9965840223968626,0.997403682598413,0.9956026968293903,0.9991367909646895,0.9976739221166071,0.9963020153595917,0.9937296386512354,0.9867449310170188,0.9943171603515657,0.9719693679470878,0.9968652290572988,0.9960617922983033,0.9975428209180803,0.9986706418496873,0.9964329641820795,0.9974892943453783,0.9996484174764595,0.9990293651646425,0.9997855963639518,0.9164121598523969,0.9982336397844844,0.9975688554131613,0.9978918711957367,0.9730158956019411,0.1696074090035699,0.9848929919959863,0.9986899586383515,0.9966874002375318,0.9974662572206204,0.9994521881655276,0.9993541804807132,0.9970433630489987,0.8003657676504398,0.9966230585001621,0.16746362292221942,0.9929114020511979,0.9956301972308519,0.15850741544669403,0.9764311966935209,0.9985180366504957,0.9975014906166736,0.995610752109873,0.9989597872345743,0.9993061692054055,0.9981118808149895,0.9981177392148225,0.9960301940320749,0.17873917322020422,0.9987267197592787,0.997146998104527,0.9966070802564361,0.977129606846737,0.9961932991537372,0.9969723469687025,0.9935123444308852,0.9981891305521743,0.9929432453169587,0.9972113140981871,0.9955470643649961,0.9975068874844679,0.99751537850844
ABTX,0.999182170512305,1.0,0.16874985497295514,0.153437720507153,0.8446001715985433,0.9985323139283424,0.9993285498552709,0.9954964429838833,0.9973241503170566,0.9955704653648747,0.9998797705386453,0.9986771846737281,0.9974236868841551,0.9949370123643156,0.9816227023188991,0.9922388821211422,0.9674645290974817,0.9980393207914918,0.9967944845588343,0.9966811777863528,0.9997957266780912,0.9969383330636294,0.9978202770130521,0.9997310549588128,0.9997955038250975,0.9995252368295688,0.9083115966907288,0.9988911705711673,0.9990448271299011,0.9975430031672188,0.9633565929044237,0.1335310253814446,0.9847162176579383,0.9994476886203859,0.9965658206904444,0.9979134672978102,0.9985082862139402,0.9995886435428927,0.9981754524452428,0.7931849491409143,0.9969344053068724,0.14241906581348335,0.9937277958250257,0.9963209363279278,0.1227870715917106,0.9833316995393667,0.999766080245256,0.9989887667672138,0.9958795321792526,0.9997731999880908,0.9997067580470574,0.9994989628611719,0.9985007337996672,0.9970703711380409,0.14321540578627134,0.998483798433964,0.9982645983941816,0.9970494459029553,0.9698925757088793,0.998046032880908,0.9982008896476204,0.9959757152433465,0.9986565846039621,0.993064576118274,0.9981304851766588,0.9961472169627869,0.9979637104756146,0.9986777926393114
AJX,0.18233395924742607,0.16874985497295514,0.9999999999999998,0.9521219756914997,0.36597339822362696,0.16374158204023379,0.18975047850310112,0.184015276117213,0.1750727900870889,0.17219535536126085,0.15848372962838786,0.14099591885402818,0.13318867426523825,0.13763388616282216,0.23974981764753595,0.23253129844496298,0.19486193656778927,0.14071219755062755,0.11739854126756522,0.22266122123651852,0.1564553829246372,0.16016940043619032,0.17303324955153768,0.17627492498709796,0.18452313047367805,0.17974483901186034,0.3810483761229034,0.12901421827270262,0.13737440719468974,0.22652461446525832,0.27891726853302506,0.6366317077222795,0.2349709898740854,0.1598334307177287,0.14923954046057322,0.14663478321183926,0.1558111978532446,0.1515940780460435,0.11752419681855017,0.7271722257896882,0.15404605623449463,0.6820098634027402,0.18702697788253958,0.11207447213288613,0.5264148989070001,0.11055595546374776,0.15418303958517213,0.1262717654408867,0.17704560891873874,0.18520680759956518,0.15368305694909767,0.15208834736691523,0.1423074938602396,0.10136130778298427,0.6808178545019269,0.17402804395340443,0.1738232453747854,0.13227528800630015,0.2566154239718082,0.11081292709499241,0.19708077968600518,0.08092030508708903,0.1372602815585226,0.14502142706913093,0.12360883058991466,0.14429073019955513,0.22359449313182447,0.12654154705656598
ARI,0.16525930265210734,0.153437720507153,0.9521219756914997,1.0000000000000002,0.29632531190619565,0.13308571020217438,0.16914733026209613,0.14294339991091148,0.13876446289075606,0.12976719368472026,0.14136462990080864,0.11480282157224311,0.11633369577486104,0.09632072144768936,0.18251876058793187,0.18754153705422613,0.11442988951663692,0.11212425866729189,0.08768315795858973,0.19078558185403527,0.1456868360419895,0.1226619707522074,0.1388362404559013,0.156025627591653,0.17194306812555288,0.16222838525899455,0.26072734101374917,0.11889033688682338,0.11980771470068853,0.19882995977511497,0.23907186817512005,0.5463360082974893,0.17139903953592145,0.1362787853645562,0.11272822682833189,0.11523377456287406,0.13750813839001438,0.135674261834073,0.11157957837407101,0.6645222149031751,0.11752988979413155,0.47654427720755554,0.14041113109456058,0.08143212466416008,0.40737217885053745,0.10304189722530847,0.14223576355746204,0.10958117172312601,0.13754171246818964,0.16696404353332678,0.1399659335988422,0.1310866235317565,0.11554809972029485,0.08181244491956136,0.5768299257267768,0.14426163324441782,0.14255426237142368,0.09975404156886399,0.1980825826264322,0.09215921405043537,0.16751970731838184,0.0700007985857035,0.11272015600508112,0.09798187539578862,0.11964516566785366,0.10570955157378477,0.20096952690340814,0.1049807138567901
AXP,0.8642212913844555,0.8446001715985433,0.36597339822362696,0.29632531190619565,1.0,0.8525683762451601,0.8628856310383456,0.8720570387689726,0.8598541817590628,0.8607510988432756,0.8460144045055805,0.8429994070189204,0.844511275335536,0.8427209640846668,0.918676318957726,0.8879069077440712,0.9051929190508182,0.8392777181384544,0.8441343167805935,0.8666385854111048,0.8376494558417219,0.8527248574483037,0.8540872774187955,0.8546897599231419,0.8450420121709131,0.8563480912444669,0.9210674837970508,0.8422856579123703,0.8380592675615621,0.8614746582121069,0.9564306530383314,0.5952023217826924,0.8608713290099446,0.8458899775986758,0.8579685122327809,0.8516222217590135,0.863137013946789,0.8497820545523823,0.8317671602374025,0.8135144485617791,0.8535928859698138,0.5300950517822801,0.8486819210541711,0.8452231326041069,0.6295598223064671,0.7658853242984985,0.8381273265961723,0.8349622732365913,0.8541630919119135,0.8452710265563603,0.8485320462035304,0.8376233187535632,0.8504680126050744,0.8356314729254334,0.6129664555048928,0.8598068945599833,0.8464649491768463,0.851126422006714,0.936523489738545,0.8289056381909387,0.8436126308853179,0.8151742969228782,0.8489543874703681,0.8559034020399015,0.8329486909096581,0.8531127367728102,0.8540249688756113,0.8392974234351414
BAC,0.9980708390216416,0.9985323139283424,0.16374158204023379,0.13308571020217438,0.8525683762451601,0.9999999999999998,0.9986090582397376,0.9987631172957663,0.9997312210218461,0.9991298213125503,0.9988623808729845,0.9996462368600489,0.9962723675157207,0.9986763957559669,0.987453615922852,0.9954900560296477,0.9783409195911681,0.9994666304564914,0.9987839420081093,0.9977959109703854,0.9976411870787043,0.9996979369578284,0.9998499589061521,0.9991403802152118,0.9976063722721648,0.9985201861864225,0.9241119373282245,0.9970710846260183,0.9983085300168252,0.9976884272109443,0.9661381187770469,0.1432772904834549,0.991297496326177,0.9996550120031429,0.9994364057490353,0.999809878317273,0.9980894189341388,0.9985925194403795,0.9958090072362897,0.7929591366857202,0.9996687287085709,0.1743221027140197,0.9978043909306703,0.9985036203470219,0.14026841276891466,0.9797963647992504,0.9977215722260124,0.9983505799433895,0.9990368078782695,0.998626681429247,0.9982012371521707,0.9992538236973557,0.9996242652218859,0.9974358187901173,0.15641225225517694,0.9997780669047687,0.9995772005008103,0.9993417518358861,0.9761736118616009,0.9979069958109681,0.9988410074126729,0.994852425578838,0.9994275214004674,0.9979229570076825,0.9953794636664648,0.9992235631402773,0.997182597711151,0.99896334840563
BBT,0.99982420906364,0.9993285498552709,0.18975047850310112,0.16914733026209613,0.8628856310383456,0.9986090582397376,1.0000000000000002,0.9971946171151179,0.9980771631021257,0.9965281448089739,0.9992515381609705,0.9979548842364736,0.9965720068500632,0.9946103663879364,0.9873756806191955,0.9954451252501816,0.9732361028354709,0.9972149134543145,0.9961223050750253,0.9981883133986573,0.9985945092018189,0.9971982951916085,0.9981685780685858,0.9998069018714951,0.999226765176676,0.9997043595224263,0.920039534176591,0.9977554438177613,0.9978033230647554,0.9986575858266736,0.9721157141202623,0.1678235204293004,0.987108270662254,0.9989740301099115,0.9970653309475728,0.9978424748987578,0.9989512986438986,0.9991285730053353,0.9963371718965007,0.806259626305237,0.9971936765342974,0.17394372706741873,0.9943007379712515,0.9956983620844253,0.15801237997018175,0.9782326130126977,0.9985742528970193,0.997486176156486,0.9964392604655171,0.9993476582711787,0.9991354670058952,0.9984335838614699,0.9982319337641211,0.9956195408623565,0.17834421048069904,0.9990637799269305,0.9980799771607476,0.9968853351537715,0.977447472340725,0.9961883005190914,0.9980371333820905,0.9930767714933345,0.998215258507013,0.9937478202631677,0.9963964313610316,0.9963249226019523,0.998436109192231,0.997549051180965
BK,0.9965840223968626,0.9954964429838833,0.184015276117213,0.14294339991091148,0.8720570387689726,0.9987631172957663,0.9971946171151179,0.9999999999999998,0.9995797743774726,0.9994453527704302,0.9959269259266177,0.997453074892355,0.992341287709698,0.9978040059977986,0.993697982921933,0.9977339528109508,0.9858627675094267,0.9974947005788004,0.9970958194445296,0.9982888318012619,0.9938758029859663,0.9990924436697154,0.9992003802138615,0.9972466401284771,0.9944291451748066,0.9967624515063767,0.9401002796477992,0.9933614402568355,0.9945415085258623,0.9972228783896562,0.9744086420767634,0.18259382885295097,0.9944540914950162,0.9975238971407909,0.9992261324293491,0.9985698947322389,0.9968013680073307,0.9960451128671165,0.9914708430522519,0.8046698200637461,0.9991384904922591,0.21772699503745976,0.9982003071276919,0.9968552947475298,0.18074047289512166,0.9699469737437819,0.9938476979011445,0.9946729229997667,0.9991429462763333,0.996023309877624,0.9951794343044997,0.9963294238062164,0.9980210409077196,0.9944337193673599,0.19646762788816197,0.9991526161890255,0.9977817614972927,0.9981687959806967,0.9837900354478465,0.9940812285881208,0.9971376384997317,0.9896871739782039,0.9974627880639624,0.9985566946438874,0.9910781655423228,0.9983920161598087,0.9954307066456137,0.996068145714595
BOKF,0.997403682598413,0.9973241503170566,0.1750727900870889,0.13876446289075606,0.8598541817590628,0.9997312210218461,0.9980771631021257,0.9995797743774726,0.9999999999999999,0.9997019437700134,0.9976792337433812,0.9988949452657827,0.9945556459160075,0.9987438597908038,0.9903441773386426,0.9969143089766491,0.9822564296234311,0.9988859504048708,0.9981615426580961,0.9983806479786613,0.9960531771182077,0.9998055539537883,0.9999202975874132,0.9984284557024118,0.9963483681157319,0.9978088272268197,0.932409254041445,0.9953211964914913,0.9967984866825585,0.9978845861999567,0.9691772587410764,0.15900575438719966,0.9936594525443749,0.998932679130113,0.9995846678076549,0.9994942137813659,0.9974000471871854,0.9974590970415151,0.9937473425801485,0.8000505598718651,0.9997540784109263,0.19550974532593382,0.9986458774146317,0.9978678883153899,0.1562369227083554,0.9760172990615963,0.9960894580047018,0.9968056440358618,0.9995423826693904,0.9977302285406803,0.9968643076229795,0.998186600204661,0.9990422592486075,0.9960897904950629,0.17347729474715406,0.9997218781503463,0.999235209065345,0.9989855053753753,0.9797057708632624,0.9963186274596425,0.9985817138312085,0.9925395890323025,0.9986504678611205,0.9986204662624784,0.9933208447658574,0.9991690779198199,0.9968298801973434,0.9977972143821977
C,0.9956026968293903,0.9955704653648747,0.17219535536126085,0.12976719368472026,0.8607510988432756,0.9991298213125503,0.9965281448089739,0.9994453527704302,0.9997019437700134,1.0,0.9961595051162583,0.9980924986717635,0.9934820023205345,0.9991368250321481,0.9910007840069245,0.997175238183948,0.9855032670393041,0.9981627773717231,0.9976323956937253,0.9973187790686474,0.993988006066874,0.9997410987640355,0.999471013843974,0.9969124329276686,0.9943171363482192,0.9959761128827107,0.9371749648355234,0.9934076031900444,0.995681063212296,0.996644164214884,0.9682755775928207,0.15897621786998936,0.995056696009146,0.9977575320402842,0.9994096899537829,0.9990558129454772,0.9957085270933396,0.9957334995795746,0.9914352134595297,0.7991835150881189,0.9995930126939377,0.20697939167109072,0.9990398796939424,0.9974537737493581,0.16149619046347452,0.9750729625054381,0.994179020631578,0.9954648709643867,0.9994820838616276,0.9960854480090376,0.9950883175729567,0.9968907908062176,0.9981826237514286,0.9948744968398918,0.1765380012958933,0.9988859077756823,0.9988470224530308,0.9986578918774599,0.9810082895315188,0.9951522458535251,0.9977036081030273,0.9909475225435636,0.9976949492678066,0.9993250217288988,0.9908008156886317,0.9993971212949385,0.995536437964325,0.9967409803544219
CFG,0.9991367909646895,0.9998797705386453,0.15848372962838786,0.14136462990080864,0.8460144045055805,0.9988623808729845,0.9992515381609705,0.9959269259266177,0.9976792337433812,0.9961595051162583,1.0000000000000002,0.9991162377212844,0.998132535779101,0.9957361753883224,0.9822776385658016,0.9925360684198328,0.9694168069771032,0.998437693036341,0.9976142257320882,0.9962828657481653,0.9996763279748265,0.9974607263598458,0.9980716212382627,0.9996987052333085,0.9994078642516357,0.999361473710851,0.908769737606472,0.9992517574339045,0.9994847514011566,0.9970285808602859,0.9637638335417608,0.13234406947369168,0.9847925430146272,0.9995822100549988,0.9972623191094866,0.998488886777537,0.9987847127310838,0.9997508858774358,0.9983901289799285,0.7875364810330331,0.9975097755680901,0.1418402025057639,0.9939379239828889,0.9972695333356416,0.12456901211588411,0.9835470788245037,0.9997435239290297,0.999394452870774,0.9961427289443158,0.9994728396291269,0.9998565462788365,0.9995925974507156,0.9989882248678895,0.997816625851991,0.14246363584202176,0.9986941894805486,0.9984908989531115,0.9978171327709893,0.971042097922175,0.9986271499303401,0.9979121176141447,0.9966570840873886,0.999182611575502,0.9940187232824172,0.9982318049283814,0.9970001129532389,0.9973878705888012,0.999202814306708
CFR,0.9976739221166071,0.9986771846737281,0.14099591885402818,0.11480282157224311,0.8429994070189204,0.9996462368600489,0.9979548842364736,0.997453074892355,0.9988949452657827,0.9980924986717635,0.9991162377212844,0.9999999999999999,0.9968578227364687,0.9985611661153216,0.9837903967098501,0.9927907979008518,0.9747293902381917,0.9998299028475549,0.9994654885683233,0.996157098202937,0.9982664878878331,0.9991762327074662,0.9992037900646954,0.9988780722177985,0.9975206640877973,0.9982924283794398,0.9146770424044133,0.9981524432212318,0.9989731017373248,0.9961374140016028,0.9615272474554996,0.12347807185952461,0.9882898970004113,0.9997233780688963,0.9991193873813247,0.999768419468813,0.9982042542184433,0.9990088888674354,0.9974160412568595,0.7782088438935136,0.9993072869045071,0.1501782946334119,0.9965241086748895,0.9992198571961038,0.12004235503881454,0.9816632577144534,0.9983130507530658,0.9993537153492608,0.9981321028307649,0.9983691919897956,0.9986272807138147,0.9996394711710936,0.9998544423375835,0.9988712061743321,0.1347676675415617,0.9992039108605129,0.9990344993867909,0.9995327511867925,0.9716980157667162,0.9992251498537977,0.9979899575008219,0.997141180742531,0.999833965611745,0.9973210224057614,0.9969368071082366,0.9988986976718588,0.9958406014736266,0.9997773697122324
CIT,0.9963020153595917,0.9974236868841551,0.13318867426523825,0.11633369577486104,0.844511275335536,0.9962723675157207,0.9965720068500632,0.992341287709698,0.9945556459160075,0.9934820023205345,0.998132535779101,0.9968578227364687,1.0,0.993459903869536,0.9782290477119483,0.9896803603160165,0.9669176936949574,0.9953893769652572,0.9956363927595026,0.9908551640899966,0.9972848060216793,0.9948440817475066,0.9947468473821448,0.9968565003261924,0.9966244556168405,0.9957994795815776,0.9003241881162067,0.9981609763140665,0.9990996198477419,0.9923171825004181,0.9601784490584514,0.11881416940191175,0.9789909023694258,0.9967079829261686,0.9945631699010128,0.9962854609135393,0.9959983872597188,0.9974034903734343,0.99647112319853,0.7726348559651859,0.9947345020434167,0.12491495057829988,0.9895162144442851,0.9958114631700686,0.1251813745171169,0.988266781702834,0.998149426751359,0.9981351337928381,0.9918815864528227,0.9962042465812787,0.9981447597707055,0.9970081637088936,0.9966398132562102,0.996094460687217,0.13037691777435173,0.9953697856363843,0.9963127632901843,0.9960075009699824,0.9683454785621739,0.9974914023571544,0.9941443388977821,0.9959854467142111,0.9971921636142014,0.9913258303294339,0.9958907829146084,0.9958385163437178,0.9939740779042017,0.9975878610672351
CMA,0.9937296386512354,0.9949370123643156,0.13763388616282216,0.09632072144768936,0.8427209640846668,0.9986763957559669,0.9946103663879364,0.9978040059977986,0.9987438597908038,0.9991368250321481,0.9957361753883224,0.9985611661153216,0.993459903869536,0.9999999999999998,0.9856071980229835,0.9932459620437784,0.9817261698823847,0.9988929088822274,0.9987395834479539,0.9947094484877635,0.9938513256893807,0.999510773102968,0.9988097876399672,0.9957695097992505,0.9931607739751365,0.9946231987957204,0.9267603354888422,0.9936892288659517,0.9960688999067913,0.9939991187098841,0.9588171030142664,0.1230484915632719,0.9928104408543418,0.9975598150905958,0.9992019558779466,0.9990971559903616,0.9946573669214488,0.9953462116616022,0.9924504218306586,0.7778102596561705,0.999474542326321,0.17703272366884296,0.9985001794583565,0.9986423571593868,0.12713865959050508,0.978237121037615,0.9940810389619336,0.9963934914915678,0.9988415894928078,0.9950732737411058,0.9945730942493671,0.9972118427115244,0.9983165126105423,0.9965028195514062,0.13872224277764308,0.9978356896849189,0.9983197128924081,0.9991343461313431,0.9734831335786885,0.9967910078299567,0.9967546438253131,0.9937170518285902,0.9979443339744458,0.9994988279736806,0.9915389520790346,0.9995040548784394,0.9931322165525709,0.9976100402054915
CNND,0.9867449310170188,0.9816227023188991,0.23974981764753595,0.18251876058793187,0.918676318957726,0.987453615922852,0.9873756806191955,0.993697982921933,0.9903441773386426,0.9910007840069245,0.9822776385658016,0.9837903967098501,0.9782290477119483,0.9856071980229835,0.9999999999999999,0.9958410406282568,0.9931119042671103,0.9834692075663934,0.9838096462513235,0.9909330270481409,0.978339441230525,0.9884618515197038,0.9886858090558552,0.9856750851740342,0.9807356583914646,0.9854603368900112,0.9654228378142946,0.9783233113253034,0.9792611753909984,0.9885576520944404,0.9901027541103505,0.2826037555588842,0.9902148458936791,0.9843923338479807,0.9894162835539174,0.9869917006180338,0.9865688677759137,0.9829726802880329,0.9742666296927235,0.831706010045616,0.988540245506372,0.3128727630268964,0.9884186914072272,0.9837823281629434,0.28812468136881403,0.9428486842149781,0.9783741883341177,0.9786403552175463,0.9894317029118219,0.9827819899695551,0.9817322953478231,0.981384174815629,0.9857794125728258,0.9787215259047933,0.3004859976653643,0.9893111026057165,0.9856122229197556,0.9864534375639563,0.9959076056802072,0.9770117373195565,0.9847127104444873,0.9695634025076647,0.9847020556858386,0.9895548168459047,0.9741109344708493,0.9876995298140514,0.9849188571275801,0.9812075549408327
COF,0.9943171603515657,0.9922388821211422,0.23253129844496298,0.18754153705422613,0.8879069077440712,0.9954900560296477,0.9954451252501816,0.9977339528109508,0.9969143089766491,0.997175238183948,0.9925360684198328,0.9927907979008518,0.9896803603160165,0.9932459620437784,0.9958410406282568,1.0,0.9880812242375905,0.99233341686591,0.9910984327528177,0.9972343602223448,0.9897665248970596,0.9957442971350886,0.9961394826159137,0.9944122097502597,0.9919066311253323,0.9936907040044203,0.9513705713586351,0.9884503304674762,0.9908548824200569,0.99681998971534,0.9799507592860008,0.2199850006772559,0.9946705395469698,0.9935922798539508,0.9952414025820995,0.9945068811659101,0.9928066888445665,0.991829394768072,0.9849777951793156,0.8339971115890995,0.9953149129759512,0.25821800438796644,0.9955397546287047,0.9908241959311246,0.22041053331874633,0.9665705190267521,0.9899936709714332,0.9894024994295737,0.9960220161392205,0.9934261446437745,0.9915600482983651,0.9918470509237268,0.9933615068218541,0.9873606604611467,0.2419307781513346,0.996149088788951,0.995588255440318,0.9932831417669656,0.9901359733070554,0.9878521964544613,0.99501569418739,0.981578411516014,0.992714841399915,0.994546470677966,0.9847922447217305,0.9949652018030556,0.995466846154501,0.9907385895160229
DFS,0.9719693679470878,0.9674645290974817,0.19486193656778927,0.11442988951663692,0.9051929190508182,0.9783409195911681,0.9732361028354709,0.9858627675094267,0.9822564296234311,0.9855032670393041,0.9694168069771032,0.9747293902381917,0.9669176936949574,0.9817261698823847,0.9931119042671103,0.9880812242375905,1.0,0.9751197259574931,0.9766163742138055,0.9785422756284817,0.963462976639617,0.9818039882899711,0.9801181412025983,0.9722934714992305,0.964853586802445,0.9708785041786638,0.971633796785651,0.9647177232805724,0.9685827977997032,0.9751620852054343,0.9744942245368788,0.26110966265640123,0.9878184603076833,0.9732163313705356,0.9828032393207385,0.9791658871396967,0.9731981975951715,0.9695407856593571,0.9596502008545097,0.8024792607333918,0.9818077112985184,0.3379609638253718,0.9832306995456678,0.9770152033375287,0.2838906098714852,0.9319593109771431,0.9638507726393737,0.9674983987695425,0.9826606254738005,0.9688050871946707,0.9679065701082462,0.9698254196856413,0.976280378303425,0.969344081856027,0.2921356754954014,0.9790679507694152,0.9771496034395842,0.9792965054312778,0.992435408984332,0.9672422752582249,0.9734812340834228,0.9590697645363389,0.9749432400694924,0.9868133046066975,0.9586574934252167,0.9822927994315173,0.970831866515051,0.9714232476679727
EWBC,0.9968652290572988,0.9980393207914918,0.14071219755062755,0.11212425866729189,0.8392777181384544,0.9994666304564914,0.9972149134543145,0.9974947005788004,0.9988859504048708,0.9981627773717231,0.998437693036341,0.9998299028475549,0.9953893769652572,0.9988929088822274,0.9834692075663934,0.99233341686591,0.9751197259574931,1.0,0.9994380244588476,0.9962362365181969,0.9976281549703941,0.9992429199865589,0.9992591891703023,0.9983401152039719,0.9967751322998564,0.9977972315715457,0.9160773183382351,0.9972312185133649,0.9981299252730952,0.9959600890172463,0.9595600525085966,0.12054665515648112,0.9894290046957704,0.9995054357120073,0.9991648378535536,0.9996076043351418,0.9975657492912957,0.9983863628686183,0.9967424739792095,0.7777307595438332,0.9994044197254319,0.15217721959594063,0.9972296890520291,0.9991026636715608,0.11397082949104076,0.9801222230262825,0.997523238454833,0.9987805328875254,0.9985321231432019,0.9979459557343693,0.99778149046231,0.9994005513532597,0.9996166394042211,0.9986387150327142,0.13157579616442575,0.9990375558887492,0.9988054468750185,0.9993711000148056,0.9707113069312253,0.9988592821862661,0.9980173518770331,0.9967003127087591,0.9994813773708743,0.9977224347190773,0.9962641450937502,0.998696898933436,0.9952480161912547,0.9994133935386016
FCNCA,0.9960617922983033,0.9967944845588343,0.11739854126756522,0.08768315795858973,0.8441343167805935,0.9987839420081093,0.9961223050750253,0.9970958194445296,0.9981615426580961,0.9976323956937253,0.9976142257320882,0.9994654885683233,0.9956363927595026,0.9987395834479539,0.9838096462513235,0.9910984327528177,0.9766163742138055,0.9994380244588476,0.9999999999999998,0.9941421786310968,0.9964698472288986,0.9987255832955205,0.9983150317422885,0.9972942708524151,0.995028342848854,0.9966766644267772,0.9140595171382002,0.9972922737393717,0.9977263012360268,0.993497747832302,0.9610330214556388,0.12149517851673097,0.9870271335128435,0.998595162814626,0.9992447432700847,0.9994802315122804,0.9976270962354297,0.9979654541740332,0.9967015226093486,0.7630551146559326,0.9991136940484122,0.14792020809591067,0.9956466205399546,0.9999479757649227,0.1215725783681126,0.9782272950046131,0.9965282381227086,0.9986007933237584,0.9974529925583129,0.996133555759715,0.9972505902251014,0.9984045116787356,0.9995742779301098,0.9993370864730491,0.13084741004444786,0.9983008086709199,0.9974990668773828,0.9997823435161604,0.9714715976131953,0.9989455370467354,0.9957837396342243,0.9972507807506643,0.9995424979465306,0.9979585929513476,0.9960335052930721,0.9988450611387452,0.9926228415492183,0.9994012055964465
FFIN,0.9975428209180803,0.9966811777863528,0.22266122123651852,0.19078558185403527,0.8666385854111048,0.9977959109703854,0.9981883133986573,0.9982888318012619,0.9983806479786613,0.9973187790686474,0.9962828657481653,0.996157098202937,0.9908551640899966,0.9947094484877635,0.9909330270481409,0.9972343602223448,0.9785422756284817,0.9962362365181969,0.9941421786310968,1.0000000000000002,0.9952097786525854,0.9972161218524934,0.9983859815422996,0.9979688649207972,0.9966887890903564,0.9979901593024408,0.9364456553158439,0.9929743263860329,0.9938334101333162,0.9996684747252869,0.973188115016217,0.18795119911731803,0.9934845996102041,0.9974574816063797,0.9967303940407723,0.9966416564298989,0.9963442255692749,0.9961014546666991,0.9914771421756005,0.826060556644824,0.9970661372522099,0.21532813188248448,0.997088515464998,0.9933938454609494,0.1722540401117366,0.9704373273429526,0.9947909102794087,0.9937536188225432,0.9980382849832965,0.9978392354536295,0.995514215324657,0.9964013292160795,0.9964381170659895,0.9920543003622059,0.20165479161458502,0.9986386681130698,0.9974282248758544,0.9953218784343907,0.980646500188343,0.9924289971756582,0.9984689652704641,0.9877571255986712,0.9958664718153307,0.9947450382104979,0.991632738547758,0.9953138998505472,0.9982150324415625,0.9945742220055193
FHB,0.9986706418496873,0.9997957266780912,0.1564553829246372,0.1456868360419895,0.8376494558417219,0.9976411870787043,0.9985945092018189,0.9938758029859663,0.9960531771182077,0.993988006066874,0.9996763279748265,0.9982664878878331,0.9972848060216793,0.9938513256893807,0.978339441230525,0.9897665248970596,0.963462976639617,0.9976281549703941,0.9964698472288986,0.9952097786525854,1.0,0.9957734717156711,0.9967100834945537,0.9992089904412728,0.9995455472786804,0.9991225845437048,0.9003347380188687,0.9992911657112256,0.9989462271069807,0.9962060473217726,0.9599462799588165,0.1220071377467606,0.9816388531016983,0.9990072349121397,0.9955562252877309,0.9971364306892119,0.9982388544302422,0.9995233122597997,0.9990007005279364,0.7842814293487205,0.9958936607527132,0.12389773719629132,0.9919730345367086,0.9959741069980079,0.10838936549148209,0.9839288377519246,0.9998890061011474,0.9991244697101983,0.9944732703255658,0.9993154793449313,0.9996802067863619,0.9992782062002558,0.9980149549768224,0.9974238707150308,0.12966794396168144,0.9975380579109439,0.9972221219685743,0.9963429867701499,0.9660632489095198,0.99832787154183,0.9971400627916,0.9969568224868638,0.9983142500512439,0.9915789836855718,0.9990109519769615,0.9949902175132147,0.9967227400731957,0.9986168118435851
FITB,0.9964329641820795,0.9969383330636294,0.16016940043619032,0.1226619707522074,0.8527248574483037,0.9996979369578284,0.9971982951916085,0.9990924436697154,0.9998055539537883,0.9997410987640355,0.9974607263598458,0.9991762327074662,0.9948440817475066,0.999510773102968,0.9884618515197038,0.9957442971350886,0.9818039882899711,0.9992429199865589,0.9987255832955205,0.9972161218524934,0.9957734717156711,0.9999999999999998,0.9998041557714618,0.9978560370012951,0.9956848287423172,0.9970050930389702,0.9294894539551177,0.9952648952585565,0.9971166747449923,0.9967424324302444,0.9651427412065704,0.14331318695954837,0.9933461076155207,0.9988252826739701,0.9996992645511903,0.9996933327363285,0.9967268266048084,0.9971215894906408,0.9938091167883907,0.7915103871002865,0.9999321481141046,0.1858041991609732,0.9987836932210924,0.9985185910383662,0.1434066537844101,0.978042049126945,0.9959194838865651,0.9971867459812288,0.9994893963720262,0.9972010002344952,0.9965231767801611,0.9982875596683427,0.999136443752099,0.9966719667555859,0.15816988310620558,0.9993180048277918,0.9993169560606135,0.9993823617367784,0.9772143975749921,0.9970214186657709,0.9982949107860196,0.9935759466108637,0.9987855689144414,0.9991317180911865,0.9931887757623223,0.9996558138940645,0.9958966449266526,0.9981899398154445
FMAO,0.9974892943453783,0.9978202770130521,0.17303324955153768,0.1388362404559013,0.8540872774187955,0.9998499589061521,0.9981685780685858,0.9992003802138615,0.9999202975874132,0.999471013843974,0.9980716212382627,0.9992037900646954,0.9947468473821448,0.9988097876399672,0.9886858090558552,0.9961394826159137,0.9801181412025983,0.9992591891703023,0.9983150317422885,0.9983859815422996,0.9967100834945537,0.9998041557714618,0.9999999999999999,0.9986810336362355,0.9969124992245453,0.9980869660827153,0.9291214837963213,0.9957606973957787,0.9972294648658689,0.9980386597004491,0.9666705875303963,0.14969673923454774,0.9932471279384454,0.9992900854933627,0.9994517269436414,0.9995584610676014,0.9974264032617025,0.9977893220051004,0.9944564898241606,0.7986493619465793,0.9997358071499797,0.18660695571924987,0.9986956406113356,0.9979522325744288,0.14504940967958554,0.9775889664624732,0.996694619921493,0.9973342590645771,0.9995639423365205,0.9982360200402886,0.9972235030898303,0.9987277607464096,0.9991972934789837,0.9964945402792339,0.1636411521478006,0.9997449512083653,0.9994643223453931,0.9989973836313973,0.9773261025316943,0.996895176447,0.9990186314325847,0.9933757002309997,0.9988378922235418,0.9983375134990198,0.9940487852058276,0.9990483973044811,0.9971565830224054,0.99818326196911
FMBH,0.9996484174764595,0.9997310549588128,0.17627492498709796,0.156025627591653,0.8546897599231419,0.9991403802152118,0.9998069018714951,0.9972466401284771,0.9984284557024118,0.9969124329276686,0.9996987052333085,0.9988780722177985,0.9968565003261924,0.9957695097992505,0.9856750851740342,0.9944122097502597,0.9722934714992305,0.9983401152039719,0.9972942708524151,0.9979688649207972,0.9992089904412728,0.9978560370012951,0.9986810336362355,1.0,0.9994145421737902,0.9998484084582153,0.9165805166785622,0.9984171035534429,0.9985228843221218,0.9983687798161277,0.9683152971094074,0.15159730689335923,0.9872176900654139,0.9996318541178741,0.997712203297136,0.9985639051722733,0.9991305923198395,0.9996054485961496,0.9974019380405663,0.7982944287908008,0.9979057336173955,0.16200351785836992,0.9950291354867358,0.9968553812414847,0.1415583550746272,0.9798739100533627,0.9991320124497423,0.9985110219519634,0.9970826184495504,0.9996684973393956,0.999501522392639,0.9993087657313603,0.9989824053994015,0.9969806047948423,0.16168401192643977,0.9993640037892738,0.9985850989267933,0.9977579766892221,0.9746811749967557,0.9975326190968634,0.9984779888160069,0.9948806797216615,0.9989837243241545,0.9946127522735048,0.9973656480875864,0.9970046928257369,0.9981666323143707,0.9985793069217515
FNB,0.9990293651646425,0.9997955038250975,0.18452313047367805,0.17194306812555288,0.8450420121709131,0.9976063722721648,0.999226765176676,0.9944291451748066,0.9963483681157319,0.9943171363482192,0.9994078642516357,0.9975206640877973,0.9966244556168405,0.9931607739751365,0.9807356583914646,0.9919066311253323,0.964853586802445,0.9967751322998564,0.995028342848854,0.9966887890903564,0.9995455472786804,0.9956848287423172,0.9969124992245453,0.9994145421737902,1.0,0.9993302659044094,0.9076477388226775,0.9981180800134264,0.9982344085313456,0.9978485955331343,0.9636066623279884,0.13909102799334075,0.9838345911969816,0.9987318602282563,0.9950730595675137,0.99662800612182,0.9977735420835819,0.9989724524323229,0.997355754161623,0.8019062083602255,0.9955731930675137,0.14490187270809793,0.9926423375002265,0.9944305883908445,0.12544172348693364,0.9830828143870576,0.9994723563675256,0.9979770288151714,0.9948007821740449,0.9997563165339367,0.9992459368210599,0.998794080229674,0.9973013495345594,0.9954054861804773,0.14881342885084123,0.9977154561746306,0.9975752444796387,0.9954582289188877,0.9690975295336433,0.9966898718839289,0.998019007498413,0.9943923685308594,0.9974555219411467,0.9911141264085649,0.9974716022507388,0.99459256215129,0.9985004537783757,0.9974469931629034
GBCI,0.9997855963639518,0.9995252368295688,0.17974483901186034,0.16222838525899455,0.8563480912444669,0.9985201861864225,0.9997043595224263,0.9967624515063767,0.9978088272268197,0.9959761128827107,0.999361473710851,0.9982924283794398,0.9957994795815776,0.9946231987957204,0.9854603368900112,0.9936907040044203,0.9708785041786638,0.9977972315715457,0.9966766644267772,0.9979901593024408,0.9991225845437048,0.9970050930389702,0.9980869660827153,0.9998484084582153,0.9993302659044094,1.0000000000000002,0.9152157094573449,0.9982803812754617,0.9977531809562636,0.9982625666546722,0.9694877562374439,0.1579012385205756,0.9860061298360644,0.9992703729134229,0.9970892652222536,0.9978939176237218,0.9993312557629541,0.9995470442924941,0.9975094136732652,0.7988867344707327,0.9971844725817114,0.16150289508770976,0.9940634187620688,0.996132516610327,0.1437861030053197,0.9773222380057844,0.9988390035565761,0.9979897149680182,0.9964536123859916,0.9994705588972451,0.9993439365111589,0.998861885498012,0.998540047467197,0.9966488897747635,0.16637964831740693,0.9990532703737516,0.9976675619850798,0.9970235558474999,0.974485722957988,0.9968974565893307,0.997860589683137,0.9943749884374976,0.9985404938494702,0.9935710192776956,0.9976531304630682,0.9958515407659462,0.9977663964702741,0.9980407677702644
GS,0.9164121598523969,0.9083115966907288,0.3810483761229034,0.26072734101374917,0.9210674837970508,0.9241119373282245,0.920039534176591,0.9401002796477992,0.932409254041445,0.9371749648355234,0.908769737606472,0.9146770424044133,0.9003241881162067,0.9267603354888422,0.9654228378142946,0.9513705713586351,0.971633796785651,0.9160773183382351,0.9140595171382002,0.9364456553158439,0.9003347380188687,0.9294894539551177,0.9291214837963213,0.9165805166785622,0.9076477388226775,0.9152157094573449,0.9999999999999997,0.8963883406500313,0.9036372620712613,0.9315176986721933,0.9507217073232754,0.40123896783847524,0.9601233984645214,0.915651406299009,0.9284573489942557,0.9221840402561601,0.9137811581214383,0.9078740571980618,0.8883354987760775,0.8824869329453761,0.928197345484107,0.5309200510639599,0.9397376827305133,0.9137953352357179,0.41909122173333596,0.8569183707057967,0.9004939436726831,0.9010994880987638,0.9349664781133737,0.9137219036161077,0.905322844915573,0.9098473721879798,0.9170797874134647,0.9000850434370606,0.4425839074833219,0.9267764466907082,0.9241955998589478,0.9204741584086459,0.9670758029293417,0.8987123739453381,0.9248466112767768,0.8825729819586883,0.9138218152283047,0.9358036991067714,0.8877532554569486,0.9271917502767537,0.924547020051853,0.9069685417950256
HBAN,0.9982336397844844,0.9988911705711673,0.12901421827270262,0.11889033688682338,0.8422856579123703,0.9970710846260183,0.9977554438177613,0.9933614402568355,0.9953211964914913,0.9934076031900444,0.9992517574339045,0.9981524432212318,0.9981609763140665,0.9936892288659517,0.9783233113253034,0.9884503304674762,0.9647177232805724,0.9972312185133649,0.9972922737393717,0.9929743263860329,0.9992911657112256,0.9952648952585565,0.9957606973957787,0.9984171035534429,0.9981180800134264,0.9982803812754617,0.8963883406500313,0.9999999999999997,0.9990665070249519,0.993692885800957,0.9615033463763638,0.12149354005863885,0.9784546560858584,0.9983098479642212,0.9957404285863054,0.9971912646852571,0.9987119388008173,0.9995190092533462,0.9996062023308192,0.7670056180049676,0.9956547478630222,0.11518522607079035,0.990040492907512,0.9970919653246572,0.11444007021266552,0.9825977827803836,0.9993357359962701,0.9994076016068101,0.9932600687795834,0.9977214955520686,0.9996473104388762,0.9985149252682372,0.9982111695624689,0.998614355348642,0.12777472594140088,0.9969057729296377,0.9960263496642208,0.9969325880656721,0.9670035608189825,0.9988692480520572,0.9948065227320837,0.9981618952928809,0.9986936898324364,0.9917414592313534,0.9994593715899018,0.995232623270698,0.9941374989699606,0.9989922230907672
HBHC,0.9975688554131613,0.9990448271299011,0.13737440719468974,0.11980771470068853,0.8380592675615621,0.9983085300168252,0.9978033230647554,0.9945415085258623,0.9967984866825585,0.995681063212296,0.9994847514011566,0.9989731017373248,0.9990996198477419,0.9960688999067913,0.9792611753909984,0.9908548824200569,0.9685827977997032,0.9981299252730952,0.9977263012360268,0.9938334101333162,0.9989462271069807,0.9971166747449923,0.9972294648658689,0.9985228843221218,0.9982344085313456,0.9977531809562636,0.9036372620712613,0.9990665070249519,1.0,0.994859977332708,0.9586952025511155,0.111351459118336,0.9831264415611977,0.9988659823546748,0.9967701602636964,0.9982670366331198,0.9974466528451859,0.9989207865823194,0.998060845040159,0.7755712751591801,0.9970872669791258,0.12813907434580185,0.9930762652772188,0.9975814076667896,0.11120275317805219,0.9872749198964376,0.9993101901360681,0.9996442411141454,0.9951865251274453,0.9983009725612967,0.9992441695971881,0.9991647410466123,0.9985722748572201,0.9980206285349829,0.12399061447737096,0.9975444570088239,0.9982870941000777,0.9978351032789483,0.968196049505771,0.9991771906591568,0.996825689681141,0.9976557423779159,0.9989195408780446,0.9939496037014816,0.9976104802217249,0.9973339681494718,0.9959064109201017,0.9993254435839327
HOMB,0.9978918711957367,0.9975430031672188,0.22652461446525832,0.19882995977511497,0.8614746582121069,0.9976884272109443,0.9986575858266736,0.9972228783896562,0.9978845861999567,0.996644164214884,0.9970285808602859,0.9961374140016028,0.9923171825004181,0.9939991187098841,0.9885576520944404,0.99681998971534,0.9751620852054343,0.9959600890172463,0.993497747832302,0.9996684747252869,0.9962060473217726,0.9967424324302444,0.9980386597004491,0.9983687798161277,0.9978485955331343,0.9982625666546722,0.9315176986721933,0.993692885800957,0.994859977332708,1.0,0.9708054008041737,0.17886491257684337,0.9920592627552458,0.997647213054238,0.9958691161021745,0.9962946581536164,0.996109290622477,0.9964440629170012,0.9921056550762258,0.8287530033208456,0.9964195661108987,0.20414170977308363,0.9962935177912567,0.9927269107503806,0.1630352243631917,0.9747372442089889,0.9959375449640702,0.9943403953526151,0.9972342824563141,0.9986550245552407,0.9962485828869486,0.9968567547137106,0.9961475503451932,0.9917884455754284,0.19357573597083266,0.9983108382145693,0.9978612634194708,0.994734629322725,0.9784208790216958,0.9928208928848283,0.9989626185967331,0.9883101256252043,0.9957254797729918,0.9934056905557831,0.9922928650079299,0.9949217333697257,0.9993209041329036,0.994737820468416
