Ticker,ABCB,ABTX,AJX,ARI,AXP,BAC,BBT,BK,BOKF,C,CFG,CFR,CIT,CMA,CNND,COF,DFS,EWBC,FCNCA,FFIN,FHB,FITB,FMAO,FMBH,FNB,GBCI,GS,HBAN,HBHC,HOMB,HTH,IBKR,IBOC,ISBC,JPM,KEY,LARK,MBWM,MCBC,MS,MTB,NAVI,NKSH,NTRS,OPY,PACW,PBCT,PGC,PNC,PNFP,RF,SCHW,SFBC,SIVB,SLFC,SRCE,STBA,STT,SYF,TFSL,TSC,UMBF,USB,WAL,WFC,WSBC,ZION
ABCB,1.0000000000000002,0.9988222579727276,0.8377949393266061,0.8258038549252579,0.9572385425521021,0.9919927312820657,0.9989373586672607,0.9943533026224063,0.998492612725098,0.9856150246629499,0.9995902151103104,0.9977594143319541,0.9953698071941042,0.9973213540612236,0.9675583518658809,0.9971092309784748,0.9878811470928069,0.9986995798101541,0.9969129705852704,0.998763407542058,0.9995962991964498,0.9976896972560209,0.9987075920023543,0.9980034727035944,0.9992392471888151,0.9974740150648393,0.9215771388620023,0.9991617973611632,0.9992479055465605,0.9990216641872175,0.9908083970199163,0.844049317490789,0.9952398518381665,0.9934746558256956,0.9896350335257409,0.9984907718928285,0.9994360546920568,0.9975632554184704,0.9946957212598174,0.9324749954172185,0.9983859418219454,0.8379381977291362,0.9977676545290486,0.9974271264213601,0.724491503266714,0.9941127143033778,0.9993810250279599,0.9989506893834266,0.9983730034772108,0.9976060439409214,0.9997404350901908,0.9868827187899085,0.9985905641894299,0.9866549814136155,0.83808057141988,0.9995948753450817,0.9980364357205668,0.9851186995081381,0.9845162588179258,0.9894670904888412,0.9957752942176459,0.9977154042835805,0.9973174513621913,0.9945113892685454,0.9944794404136831,0.9981045464663746,0.9988067420905095
ABTX,0.9988222579727276,1.0000000000000002,0.8365803236822699,0.8224766213802233,0.9503525279087518,0.9929551733402945,0.997540491809303,0.991843049025744,0.996841595548543,0.986129679840599,0.9986985892344745,0.9994968032172947,0.9922735885013849,0.9984311029075995,0.9652874109590753,0.9950342284482114,0.9835194252221966,0.9990972578473839,0.9987104998320345,0.9989357352447582,0.9990787294992421,0.9987790611756568,0.9991922788509725,0.9995891925041345,0.997940892507001,0.9995195727700429,0.9216367263512502,0.9988272549667484,0.9985528363880753,0.9974711185712313,0.9875520628887406,0.8433492898967292,0.9954032114342176,0.9888072332910035,0.9919411789499387,0.9990573635299752,0.9993334935984732,0.9991060150733029,0.9980558712213087,0.9320257425175473,0.9990558835244091,0.8347850742134109,0.9970902150752712,0.9986621539569093,0.7129093081023584,0.995803374015547,0.997952019955364,0.9988452938585393,0.9980010080430128,0.9996572423092946,0.9994030141542836,0.9918621219265658,0.9993368526742227,0.9926717608231854,0.8328314173706477,0.9987465471443047,0.9952324224423831,0.9776802433489654,0.9773626357743602,0.9862325681347631,0.9983839800176459,0.9993608620571596,0.9966794818001528,0.9979151111550619,0.9915107716473639,0.9957596295444049,0.9993800785358442
AJX,0.8377949393266061,0.8365803236822699,0.9999999999999999,0.9946415270135152,0.9165778321883027,0.8851122124406477,0.859749306891732,0.8769539504988889,0.8525199978510959,0.9019073475244127,0.8439495508153436,0.8339554032207503,0.8588575561715452,0.8340691486521652,0.9311884092631773,0.8672677897256571,0.871278461555684,0.8268061587834281,0.8205725847184576,0.84670615266721,0.8316740376819816,0.8481038832459675,0.8341702328852746,0.8476864763615117,0.8520089044587498,0.8417314293612954,0.9637021869071601,0.8414655052075269,0.8377917718948112,0.8540688184187942,0.8798878771765098,0.9711971798771476,0.853385251167083,0.8574417449063415,0.8822056138985407,0.8438879520302857,0.8287770879781075,0.8501824187324372,0.81696206523823,0.9749136641821702,0.8312814017607644,0.9641522967745328,0.8306818117460192,0.8277877023902409,0.8515519513440512,0.8261114299010813,0.8379769498956829,0.8384650586529576,0.8493143315100623,0.8438511062191861,0.8354245723741245,0.8722479407409812,0.823988110440687,0.8052248334992855,0.9770865251525446,0.8406408061298648,0.8383562314675966,0.8450913553330218,0.8800175426383302,0.8902530218604048,0.8209828081386128,0.8364897553267233,0.8488612279716325,0.8162610242463222,0.8650492541189624,0.8591291518446456,0.8272811078805136
ARI,0.8258038549252579,0.8224766213802233,0.9946415270135152,1.0,0.9043304262302323,0.8684756633316623,0.8474948774707989,0.8627029387436405,0.8380428497407525,0.8844714194671981,0.8312075896413593,0.8169293951092275,0.8474997259882038,0.8154029810335214,0.9159420023069326,0.8530987599750225,0.8531900630192933,0.8108799620509473,0.802314784703336,0.8323893713474109,0.8197416451449434,0.8304821793256124,0.8181207086522749,0.8324042388737022,0.8409853162321632,0.8265007616790827,0.945030990948545,0.8282955364180449,0.8242938028155301,0.8421918184568984,0.8671376169869316,0.9570022733942385,0.8349835761693597,0.8474892568305906,0.863164594866878,0.8272199400269378,0.8148098953503763,0.8348205048266074,0.800870829335337,0.9660110097708393,0.8140461182219955,0.9512284634944017,0.8143822612404682,0.8099439215757664,0.8378423975070021,0.8123341549239782,0.8266348328755597,0.8242137945452842,0.8332047223314698,0.828877085168174,0.8225074424202388,0.8528713094838648,0.8078211287219186,0.7841339505898179,0.966023232139708,0.8263108760925467,0.8259982875930288,0.8358979414932871,0.8686339856259119,0.8788834802371379,0.8039961206513829,0.8195480487666906,0.8310692650397314,0.8005937826504753,0.8508157098158733,0.8486000157424306,0.8117251236355747
AXP,0.9572385425521021,0.9503525279087518,0.9165778321883027,0.9043304262302323,1.0,0.9692750216290179,0.9651743533869557,0.9738660184128237,0.9634774961937979,0.9743258396060125,0.9572869907401892,0.9498316926200893,0.9658042816852639,0.9515068094927597,0.9843794191182424,0.9714567807581528,0.9790880452045585,0.9484433812285307,0.9456351713278286,0.9568365061292892,0.9502060267638663,0.9573656991817926,0.9518903648832893,0.9555306469091376,0.9593150042452433,0.9520774367017282,0.966119617537447,0.9564716700367567,0.9547013171971815,0.960922464457891,0.9865750361789746,0.9209669445711189,0.9581059205281324,0.9643350334071928,0.9668242641397572,0.9571576111839366,0.9534694883123578,0.9570766178801553,0.937982065123326,0.9644696689591747,0.9517321100795576,0.9186604492755067,0.9503658290383061,0.9501777240668084,0.8835203519476045,0.9346781823133368,0.9541912326790213,0.9542226271604515,0.9595837665400859,0.9506037286100106,0.9537800149654883,0.9537837393464871,0.9487197636553649,0.9270707596794917,0.9458999157733735,0.9577441382618834,0.9561385177863981,0.9607547906114343,0.984769412506735,0.9721115704371898,0.9408843990215316,0.9523653326779491,0.9617953653947839,0.9372382712495022,0.9688417397499338,0.9622774555133765,0.9492294902276986
BAC,0.9919927312820657,0.9929551733402945,0.8851122124406477,0.8684756633316623,0.9692750216290179,1.0,0.9958466894777591,0.9969517280865728,0.995173767469469,0.9988144220483308,0.9941106693769551,0.9936931679713917,0.9935894482887858,0.9937746260289017,0.9884361793237035,0.9952613880076835,0.990435010147593,0.9918989404448255,0.9911648881047025,0.9930748346435504,0.991386000026623,0.9960775038544334,0.9921094234989167,0.9953331791887632,0.9942727758212251,0.9936047460217801,0.9605801150593384,0.9945760639308845,0.9935674229061211,0.993252275985663,0.9910551982604284,0.8995788732640005,0.992632322423024,0.990106205349549,0.9993358097042775,0.9956491102463142,0.9916102609066832,0.9964964905036201,0.9886689783128668,0.9579166838361396,0.9925761479586327,0.8927597549820315,0.9898557191801258,0.9933064872703774,0.7544192016346841,0.9881377762000091,0.9920790257985398,0.9945218641792721,0.9953784342799692,0.9937075118526043,0.9927001156896396,0.9958473766940431,0.9913241720016835,0.9828934224462296,0.8853357608274746,0.9934720022887389,0.9900800378636879,0.9800321854420986,0.9844891931659024,0.994710982125693,0.991370998078584,0.9944232744761491,0.9957773714132456,0.9880488021857934,0.9951005238096216,0.9927597832599064,0.9924153628531074
BBT,0.9989373586672607,0.997540491809303,0.859749306891732,0.8474948774707989,0.9651743533869557,0.9958466894777591,0.9999999999999997,0.9977997794135769,0.9993549364231995,0.9915681561191486,0.9994609899955835,0.9965966413529094,0.9976997776337143,0.9965566185590323,0.9775270582728157,0.9988344032637515,0.9915670139302961,0.9971724264415368,0.9948328775584176,0.9980526620130067,0.9982928395547646,0.9978078974294436,0.9973590083123703,0.997608512182965,0.9996888881724978,0.9963674969424192,0.9373547863538284,0.9989132293367476,0.9988624772029708,0.9993271742947752,0.9931526423382226,0.8666361499320492,0.995681761229249,0.9959537330094012,0.9932215477870407,0.9983409568976928,0.997628396038375,0.9976531113939905,0.9919284866049527,0.9455106382229255,0.9970488596012534,0.8611896834124496,0.9965579250986678,0.9961942580003521,0.739632111019233,0.9933605412952522,0.9989150615583626,0.998623719771836,0.9987122928161035,0.9967395813864547,0.9986728651438974,0.9891710248539166,0.9966130770943491,0.983137628785196,0.8589337310326719,0.999020456521459,0.9979878278500658,0.9880375496139684,0.988847681227435,0.9947164832342678,0.9939818987546749,0.9967751815586968,0.9980954086345327,0.9915761181780421,0.9974334380996349,0.9991661012655684,0.9973298200605385
BK,0.9943533026224063,0.991843049025744,0.8769539504988889,0.8627029387436405,0.9738660184128237,0.9969517280865728,0.9977997794135769,0.9999999999999999,0.9981930109778033,0.9956088561445972,0.9959430027940459,0.9918582185153502,0.9978218637915021,0.9933242952917883,0.9872863728172955,0.9983266616158937,0.996528808719303,0.9927134382866272,0.9896365226957986,0.9936562469193976,0.9931030118267479,0.9949597109321607,0.9927451173305339,0.9930243172618015,0.9964894103198304,0.9907176097110634,0.9532270991180802,0.9951601864244296,0.9952799413068923,0.9962834155435387,0.993593038544988,0.8892475634807049,0.993893267770104,0.9972926286101015,0.9940695793711869,0.9953023945346924,0.9924095630208799,0.9938397682971236,0.9841948005977821,0.9532698173335213,0.9928290440211023,0.8866520636134685,0.9930444571409789,0.9922536795352964,0.7589886819136616,0.9872396740335913,0.9949789927052983,0.9951864030660693,0.9967471894585985,0.9910827467274904,0.9938137153468263,0.9867223896699711,0.9914157364109727,0.9745864115950974,0.8809483733568827,0.9956235008653631,0.9957447505998338,0.9917593661583689,0.9937892889144638,0.9984449857763086,0.9881553301982487,0.9923725262084494,0.9973912225087649,0.9834841227738013,0.9994072764765197,0.9968385979847559,0.9925753186226298
BOKF,0.998492612725098,0.996841595548543,0.8525199978510959,0.8380428497407525,0.9634774961937979,0.995173767469469,0.9993549364231995,0.9981930109778033,0.9999999999999999,0.9910311759655114,0.9991545788448069,0.9966932442859672,0.9975197197487122,0.9976793050861671,0.9766125786686599,0.9990142378604354,0.9938685237724934,0.9978901804871468,0.9954709193419036,0.9978476490634867,0.9978760824985425,0.9981638203068722,0.9978389356477764,0.9968204435382845,0.9989821747034549,0.9954101171021972,0.9355548813933648,0.998344647832104,0.998865529071913,0.9990743653658068,0.9919169462783646,0.8622302902518937,0.9970507349423868,0.9965748701222945,0.9926390470905797,0.9986447554305821,0.9974183211418094,0.9968272379343803,0.9910193606136,0.9407543440904373,0.997786701770427,0.8583537783888812,0.9980556121790876,0.9968585666463646,0.7354735078153661,0.9928018651198663,0.998592847203224,0.9986352616932471,0.999482169600985,0.995797513841497,0.9981845945843717,0.9875580590447576,0.9970354528477334,0.9826803745991375,0.8542254660079269,0.9993389243765504,0.9988782542963387,0.9898866017508956,0.9896350659619022,0.9946007614830094,0.9937848344258177,0.9967283648094506,0.9993859547905686,0.9905087030568029,0.9983201138626503,0.9987140070485506,0.9975970626861463
C,0.9856150246629499,0.986129679840599,0.9019073475244127,0.8844714194671981,0.9743258396060125,0.9988144220483308,0.9915681561191486,0.9956088561445972,0.9910311759655114,1.0,0.9885650221097042,0.9872921951502192,0.9907007784233512,0.9880360322990163,0.9942504261712599,0.9921070942331461,0.9904242299683204,0.9851716639597109,0.9840329874287648,0.9870543996755335,0.9845117220795817,0.9911046573455552,0.9855426862076628,0.9895650583429434,0.9891626407519485,0.987090172123926,0.9725793604288454,0.9889574184047784,0.9878330886492532,0.9881462146689943,0.9892259681318206,0.9184527851282215,0.9881266276994379,0.9875005942653233,0.9980806290757198,0.9904042645729566,0.9846472626485173,0.9912959967667223,0.9804075374811698,0.9653914334319448,0.9861679231135586,0.9128127925624309,0.9835280173109769,0.9870922135503298,0.7708988138748507,0.9810707725710921,0.9860722743747373,0.9888931414157158,0.9906962226794753,0.9872387182583404,0.9861943782007944,0.9927953494696338,0.9841926965290634,0.9741658272921487,0.9041146969925692,0.9877379423198991,0.9847843044691434,0.9782958799412693,0.9849400049933251,0.9948126890459411,0.9841568296158765,0.9883355060703216,0.9918045287922578,0.9795879806023156,0.9932074950440508,0.9882549698586226,0.9856764202396394
CFG,0.9995902151103104,0.9986985892344745,0.8439495508153436,0.8312075896413593,0.9572869907401892,0.9941106693769551,0.9994609899955835,0.9959430027940459,0.9991545788448069,0.9885650221097042,1.0,0.9979300242300847,0.9970453448049439,0.9977599203484411,0.971490950564039,0.9974882744958267,0.9890469959683924,0.9987686801300559,0.996808378016025,0.9982842448240754,0.9995907749691152,0.9982139318915205,0.9984059236579562,0.9981178955713484,0.9997374645425586,0.997192417824565,0.9278769682753563,0.9996745500120808,0.9998256132151632,0.9990337587767543,0.9899414669146241,0.8534264190103809,0.9953655053065913,0.9950379268851285,0.9916606792738764,0.9989556567093945,0.9988715539286157,0.9980670493004119,0.9943253908454633,0.9354225270712343,0.9982850921756873,0.8478253907970593,0.9976114592613406,0.997777570182649,0.72068887163368,0.9955923316838662,0.9997590182830404,0.9996306442177797,0.9988610815901844,0.99755764695094,0.9997070343014749,0.9885021219246415,0.9982955940789465,0.9860865173792319,0.8427543582585649,0.999578748380306,0.9984797398665859,0.9869846965585358,0.9851348903709382,0.9921124216173568,0.9962661941215023,0.9979182476509543,0.9981717927177443,0.9939928442658634,0.9963196916937321,0.9985355378560288,0.9989464502938897
CFR,0.9977594143319541,0.9994968032172947,0.8339554032207503,0.8169293951092275,0.9498316926200893,0.9936931679713917,0.9965966413529094,0.9918582185153502,0.9966932442859672,0.9872921951502192,0.9979300242300847,0.9999999999999998,0.991344270365245,0.9994654766516421,0.9662370850534701,0.9945512159094102,0.9846958117823457,0.9993298565055061,0.9996413911273846,0.998386243472538,0.9980554418724414,0.9994289222079323,0.9992059816561245,0.9995000222950841,0.9966600260243308,0.9993805187002979,0.923996116722549,0.9983233480006571,0.998068635504734,0.9962532485330788,0.9867799580743534,0.8452741966128803,0.9959902082617937,0.9876612470302304,0.9934471001099846,0.9994991317071122,0.9989624918411788,0.9992389568979445,0.9983318431884978,0.929575170321468,0.9995373270237345,0.8368365192530601,0.9971762949935975,0.9996121546771736,0.7125841787494666,0.9949372356698915,0.9967907022137225,0.9987110781557397,0.9982861130503488,0.9993245575789496,0.99863507921651,0.9932184264448752,0.9995736980520364,0.9943849564245669,0.8331488840100633,0.9984127435449247,0.9943139833510021,0.9765755369618685,0.9764880282215418,0.9855265291766349,0.9990571327547035,0.999916977739417,0.9975786665227352,0.9980528252140591,0.9915428619426125,0.9941125827144808,0.9995044923440121
CIT,0.9953698071941042,0.9922735885013849,0.8588575561715452,0.8474997259882038,0.9658042816852639,0.9935894482887858,0.9976997776337143,0.9978218637915021,0.9975197197487122,0.9907007784233512,0.9970453448049439,0.991344270365245,0.9999999999999999,0.9921732879138551,0.9802052227598581,0.9963867830516441,0.9923880414474214,0.9930030523447004,0.9894116900291502,0.9920311869933829,0.9950721157708012,0.993221726027808,0.9919664051115825,0.9920564333580293,0.997509361271634,0.9897013099924976,0.9401794916848742,0.9965426962445701,0.9970157746269799,0.9958046174220597,0.9896064330883063,0.8749672390149835,0.9899399695325187,0.9986892578915904,0.9895699186876756,0.9944526759725035,0.9930798383067252,0.9930381840883176,0.9849500105922926,0.9405795194755139,0.9921010059706723,0.8730707117752846,0.9921688359039471,0.9921911827231756,0.7352041835734116,0.9916980412616117,0.9972273635750255,0.9963244692285865,0.9951216032916251,0.9903159367518665,0.995231674379145,0.9824488759981921,0.9917263273035732,0.9733034447046347,0.8619461691344086,0.9954761292766083,0.9972193075047769,0.9943014022456446,0.9913169847047361,0.996982843554405,0.9892925540706512,0.991781459052968,0.9956702649982466,0.9842447194147712,0.9989874069051032,0.9971964473534412,0.9934947801668786
CMA,0.9973213540612236,0.9984311029075995,0.8340691486521652,0.8154029810335214,0.9515068094927597,0.9937746260289017,0.9965566185590323,0.9933242952917883,0.9976793050861671,0.9880360322990163,0.9977599203484411,0.9994654766516421,0.9921732879138551,1.0,0.9679920508275147,0.9956090303672374,0.9882032738471602,0.9994226628073279,0.9992689096413868,0.9981368531586937,0.9974325299560841,0.9995823938892627,0.9992850261373836,0.9984899367607338,0.9963844167622171,0.9979796689647065,0.9260468907693769,0.9977109919795171,0.9980382806343778,0.9964940937693351,0.9868999728870472,0.8466416102964478,0.99745826089604,0.9893710124367803,0.9932820169692429,0.9995732146704621,0.9982758964937967,0.9982110553873652,0.9962102517393335,0.9296067473638179,0.99972898799696,0.8399376906827378,0.9983635457151591,0.999501091310408,0.7156461884647463,0.9942243005435248,0.9965997526613443,0.9985213961735925,0.9990551569304092,0.998069926158681,0.9979934820267492,0.9915280199288578,0.9992699642334811,0.9920496821092082,0.8351264521481188,0.998676055016246,0.9955537569087355,0.9797717640466763,0.979399586441303,0.9871105334263102,0.9978309097127362,0.9992880407602825,0.9988757981214662,0.9957552587303095,0.9933598475821008,0.9945304355010142,0.9991844123408299
CNND,0.9675583518658809,0.9652874109590753,0.9311884092631773,0.9159420023069326,0.9843794191182424,0.9884361793237035,0.9775270582728157,0.9872863728172955,0.9766125786686599,0.9942504261712599,0.971490950564039,0.9662370850534701,0.9802052227598581,0.9679920508275147,0.9999999999999999,0.9801189979257164,0.9848675346181789,0.9642284740207393,0.961345996300201,0.9682712662602802,0.9648086087458531,0.9729843348097134,0.9649782639643659,0.9704328904319062,0.973514927388748,0.9663855461200573,0.9883417939348274,0.9715348137898364,0.9699889705777994,0.9723994611799838,0.9825523783661742,0.9495166947028171,0.9708820256281244,0.9784490034275662,0.9864682013549093,0.9723107640393596,0.9645828893296376,0.973311063678909,0.9554155522094737,0.9747841874381327,0.9655821411850054,0.9472916612383091,0.9636155404567877,0.9665523372538461,0.811269897678954,0.9585236743645782,0.9686286294207722,0.9708548281745093,0.9741076523617068,0.9664038259354717,0.9670912191100515,0.9762378561864776,0.9625417867757053,0.9458423147451048,0.9400820721087919,0.9699885724703801,0.9688832388087624,0.9725287214827291,0.9837583951416405,0.989874938041223,0.9610581917455662,0.9681239098120061,0.976395411389174,0.9543063898191548,0.9837897819131936,0.9742959358083134,0.9648824865839434
COF,0.9971092309784748,0.9950342284482114,0.8672677897256571,0.8530987599750225,0.9714567807581528,0.9952613880076835,0.9988344032637515,0.9983266616158937,0.9990142378604354,0.9921070942331461,0.9974882744958267,0.9945512159094102,0.9963867830516441,0.9956090303672374,0.9801189979257164,1.0000000000000002,0.9955851627443553,0.9952744632477809,0.9926415037886257,0.997315865070927,0.9954984763223437,0.9969699404048405,0.9963695464096322,0.9956570386510177,0.997729476546308,0.9940844923754684,0.9421107485443377,0.9962223243132035,0.9967550090028989,0.9987260490747021,0.9951824584919728,0.8705799862185798,0.9972644083128397,0.995226142916084,0.9927061851291518,0.997057789688212,0.9953829427861229,0.9953480235906877,0.987813050793787,0.9512787505331305,0.9959228166347495,0.8662744831238112,0.9964471491813363,0.9940939155944745,0.7602298280899619,0.9896711336896838,0.9964527978725662,0.9961985939069216,0.9983397741019905,0.9945285568181512,0.9962329214707611,0.9871662139213196,0.9945881969255597,0.9794254357287743,0.8696917224472189,0.9979221332412759,0.9973111781543514,0.9881144274638577,0.9927286709286552,0.9948635398838787,0.9901269065192766,0.9946915380756348,0.9981110860094926,0.9873565886035499,0.997519466700543,0.9985039220889295,0.9949210691511553
DFS,0.9878811470928069,0.9835194252221966,0.871278461555684,0.8531900630192933,0.9790880452045585,0.990435010147593,0.9915670139302961,0.996528808719303,0.9938685237724934,0.9904242299683204,0.9890469959683924,0.9846958117823457,0.9923880414474214,0.9882032738471602,0.9848675346181789,0.9955851627443553,0.9999999999999999,0.9864062197633431,0.9830871496840571,0.9876541445335394,0.9850870999237802,0.9893000808309578,0.9871123261372313,0.9851854065928767,0.9890182373307618,0.9823780513800228,0.9510966027279903,0.9874905252191022,0.9885567198366755,0.9905935608080633,0.9925531093459875,0.8844238906051047,0.9911651781555518,0.9929739416273365,0.9876677934183721,0.9894310169463502,0.9857281503322533,0.9857295591910754,0.9739656989266703,0.9480915093076294,0.9874947420238664,0.8844642471759987,0.9890841091092508,0.9859228665731478,0.7839857433354939,0.9766657045650374,0.9875559484675346,0.9879231086394648,0.9920304500178181,0.9824789233704203,0.9863996651370222,0.9770137941665066,0.9849887367964962,0.9648227774871737,0.8869185633002746,0.990229124965649,0.9913778092789213,0.9902479489726964,0.9969316832474211,0.9934680243813446,0.9788103522424709,0.985257696842546,0.9939493790772553,0.9730355911292627,0.996021131853554,0.99094330541521,0.9855680046054356
EWBC,0.9986995798101541,0.9990972578473839,0.8268061587834281,0.8108799620509473,0.9484433812285307,0.9918989404448255,0.9971724264415368,0.9927134382866272,0.9978901804871468,0.9851716639597109,0.9987686801300559,0.9993298565055061,0.9930030523447004,0.9994226628073279,0.9642284740207393,0.9952744632477809,0.9864062197633431,1.0,0.9991994237987893,0.9984848234891867,0.9990570541587029,0.9988551538582459,0.9995348790503478,0.9983666844294595,0.9976180497869649,0.9980275382895886,0.9186023875975221,0.9986245851245554,0.9989589666819885,0.9974287882366131,0.9861354068970177,0.8380003296849354,0.996339440962119,0.990805553365114,0.990621882216944,0.9993161829483409,0.99929519105721,0.9979689371718982,0.99668290896035,0.9250100499427557,0.9997266814663832,0.831599451246213,0.998776230052095,0.9993306983549204,0.705680507956964,0.9952020221817132,0.9982350974878578,0.9991858004997083,0.9988536698021471,0.9981815127079074,0.9991825278972151,0.9888880135074419,0.9997801187465869,0.9910283014845639,0.8263804647167129,0.9993226508784911,0.9969360822126752,0.9817321669373574,0.9791915105013227,0.9868263314877066,0.9980942607034368,0.9990525950508888,0.998189728537306,0.996363522217661,0.9932030149962574,0.9957316853064189,0.9998169839042235
FCNCA,0.9969129705852704,0.9987104998320345,0.8205725847184576,0.802314784703336,0.9456351713278286,0.9911648881047025,0.9948328775584176,0.9896365226957986,0.9954709193419036,0.9840329874287648,0.996808378016025,0.9996413911273846,0.9894116900291502,0.9992689096413868,0.961345996300201,0.9926415037886257,0.9830871496840571,0.9991994237987893,0.9999999999999998,0.9972835476213708,0.997309325305332,0.9985788532981674,0.998749299854872,0.9984264617709525,0.9950065090327813,0.9985375625715045,0.9166437024793077,0.9974035317421399,0.9972251429316489,0.9945866565913315,0.9846173110305038,0.8348650545597157,0.9948365943461873,0.9856943988062261,0.9912561537727761,0.9987954517067559,0.9987359804476079,0.9981304565953263,0.9984711991283067,0.9203748084647666,0.9993653313381101,0.8264953050454498,0.9968261120487057,0.9996967980130879,0.7051356624655374,0.9938086816970686,0.9957387543403273,0.9979746916457134,0.9973047641001672,0.9982394689562756,0.9978926126961333,0.9911670234479408,0.9996259309183352,0.9952311352231173,0.8225972970545834,0.9976594784830238,0.9932882856446482,0.974933553419061,0.9738439030760431,0.9821719713480335,0.9991427747035242,0.9995185835522469,0.9968344816368623,0.9981718634340054,0.989721222985641,0.9920167952763623,0.9993321481822983
FFIN,0.998763407542058,0.9989357352447582,0.84670615266721,0.8323893713474109,0.9568365061292892,0.9930748346435504,0.9980526620130067,0.9936562469193976,0.9978476490634867,0.9870543996755335,0.9982842448240754,0.998386243472538,0.9920311869933829,0.9981368531586937,0.9682712662602802,0.997315865070927,0.9876541445335394,0.9984848234891867,0.9972835476213708,0.9999999999999999,0.9981024348399956,0.9987819625117476,0.9995168247397712,0.9988442143401612,0.9979037789272647,0.9985893732802057,0.9259104374987657,0.997511547740371,0.997599094444838,0.9989136081736046,0.9907326867136574,0.846997493981621,0.9981545916894258,0.9900707851291288,0.9917029880159637,0.9987251369796908,0.9985621693605302,0.9978806562978456,0.9950293707482749,0.9400777057410273,0.99894723568854,0.8393788911265553,0.9984668548780461,0.9972170127108329,0.7309281089686069,0.9927249065974478,0.9972724432366568,0.9976248821912715,0.9989173529566447,0.9988628716445088,0.9985000783283149,0.990224132279031,0.998442317563542,0.9891971761425441,0.8431699400342605,0.9991651219028708,0.9962011564387165,0.979692994810488,0.9822639922839068,0.9880706950722432,0.9953781253087701,0.9981255241362156,0.9974832662310025,0.9949014934917348,0.9926397913000231,0.9972192512590106,0.9981029645797018
FHB,0.9995962991964498,0.9990787294992421,0.8316740376819816,0.8197416451449434,0.9502060267638663,0.991386000026623,0.9982928395547646,0.9931030118267479,0.9978760824985425,0.9845117220795817,0.9995907749691152,0.9980554418724414,0.9950721157708012,0.9974325299560841,0.9648086087458531,0.9954984763223437,0.9850870999237802,0.9990570541587029,0.997309325305332,0.9981024348399956,0.9999999999999998,0.9974542598354426,0.9985049994191744,0.9979000710529992,0.9991346569888231,0.9974195165970637,0.9180143295370283,0.9993572027048525,0.9995225766062932,0.9983228069137234,0.9870143260940694,0.8402196381987327,0.9942016230375009,0.9929798605339099,0.9889942129639635,0.9983557417630979,0.9992403086917625,0.9975840603734307,0.9956618512567744,0.9278502900149952,0.9982898725279574,0.8340180384107285,0.9975215852258908,0.9977758607936472,0.706271898826213,0.9961467564503675,0.99963909999066,0.9993414886225902,0.9979315304673138,0.9977607845049309,0.9998375504478096,0.9869882466895559,0.9987643538062537,0.9876895190988735,0.8288003831509367,0.9992054482714716,0.997814405581248,0.9843311560880649,0.9808659434056691,0.9886326576016363,0.9969882216739974,0.9978670480495112,0.9967724756825495,0.9954571698153186,0.9937665784175994,0.9974699251869793,0.9992378386608424
FITB,0.9976896972560209,0.9987790611756568,0.8481038832459675,0.8304821793256124,0.9573656991817926,0.9960775038544334,0.9978078974294436,0.9949597109321607,0.9981638203068722,0.9911046573455552,0.9982139318915205,0.9994289222079323,0.993221726027808,0.9995823938892627,0.9729843348097134,0.9969699404048405,0.9893000808309578,0.9988551538582459,0.9985788532981674,0.9987819625117476,0.9974542598354426,1.0,0.9991477404005559,0.9993348229288277,0.9972948562953372,0.9987091037672966,0.9339068548001745,0.9981805261501208,0.9981126190387025,0.9973919501800402,0.9898550005778272,0.858061861853418,0.997824084898733,0.9901467452021743,0.995531886768863,0.9998362862590808,0.9982406342421829,0.9991532920831221,0.9960055332356382,0.9388659311778793,0.9993876500822402,0.8506344219268057,0.9977186557436077,0.999031764498082,0.7287316689547859,0.9939208185616315,0.9968177450203347,0.9986164882839358,0.9993605013074581,0.998812784397701,0.9982219661290797,0.9938168756815752,0.9987663744886541,0.9914861642940538,0.8479447704686648,0.9988353977499944,0.9953919265168026,0.979912418165523,0.9816471998329118,0.9894471802828827,0.9973927547529275,0.9994248000469325,0.99900174245878,0.9956030150574209,0.9942874099584283,0.9956839629353823,0.9988026784249677
FMAO,0.9987075920023543,0.9991922788509725,0.8341702328852746,0.8181207086522749,0.9518903648832893,0.9921094234989167,0.9973590083123703,0.9927451173305339,0.9978389356477764,0.9855426862076628,0.9984059236579562,0.9992059816561245,0.9919664051115825,0.9992850261373836,0.9649782639643659,0.9963695464096322,0.9871123261372313,0.9995348790503478,0.998749299854872,0.9995168247397712,0.9985049994191744,0.9991477404005559,0.9999999999999998,0.9987598159414518,0.9974541834499029,0.998526100723548,0.9206123769272188,0.9978552412081249,0.9982499428571966,0.9981283463646481,0.9882354933694538,0.83923804615294,0.9979464875424519,0.9896772950647178,0.9909762336568837,0.9992309453751609,0.9990562173677272,0.9978950081645014,0.9961520287332609,0.9315067614572241,0.9998193789193339,0.8320724724165458,0.9991772109411118,0.9985959841759282,0.7185521795551798,0.9942813541863605,0.9975441531931014,0.9983264051242106,0.9990634367391256,0.9987662207416261,0.998834233616297,0.9895837504146755,0.9995003126531825,0.9909607699766969,0.8323554267585936,0.999374452527645,0.9965676785099018,0.9798022054757347,0.98021526074967,0.9865246819037126,0.9969276241808215,0.9988594981306411,0.998052652496564,0.9959073956753789,0.992532406670441,0.9962581189176057,0.9991752645949084
FMBH,0.9980034727035944,0.9995891925041345,0.8476864763615117,0.8324042388737022,0.9555306469091376,0.9953331791887632,0.997608512182965,0.9930243172618015,0.9968204435382845,0.9895650583429434,0.9981178955713484,0.9995000222950841,0.9920564333580293,0.9984899367607338,0.9704328904319062,0.9956570386510177,0.9851854065928767,0.9983666844294595,0.9984264617709525,0.9988442143401612,0.9979000710529992,0.9993348229288277,0.9987598159414518,1.0000000000000002,0.997410883162202,0.9998026965391887,0.9306296346945274,0.9984454814322016,0.9978226192798725,0.9970433801576839,0.9896384798060642,0.8551624568693919,0.9959533554141218,0.9881790449972537,0.9949013683463025,0.999282863151708,0.9986830811012694,0.9997536582045953,0.9977236625114481,0.9388116586939254,0.9987664816079574,0.8460914937158169,0.9962159893744759,0.9985859474322355,0.726076753243057,0.9943012223382413,0.9968245229116093,0.9984126559291077,0.9981712031853515,0.999769939087097,0.9986264040465527,0.9947490892131113,0.9987019573755767,0.9931765549230077,0.845337889034688,0.9982867653103138,0.993950844761397,0.9764396871843485,0.9785406528294129,0.9874497726997822,0.9980477357023549,0.9995806249535396,0.9971269066860481,0.9975327996472504,0.9919661816678847,0.9951871995551893,0.9987199621277032
FNB,0.9992392471888151,0.997940892507001,0.8520089044587498,0.8409853162321632,0.9593150042452433,0.9942727758212251,0.9996888881724978,0.9964894103198304,0.9989821747034549,0.9891626407519485,0.9997374645425586,0.9966600260243308,0.997509361271634,0.9963844167622171,0.973514927388748,0.997729476546308,0.9890182373307618,0.9976180497869649,0.9950065090327813,0.9979037789272647,0.9991346569888231,0.9972948562953372,0.9974541834499029,0.997410883162202,0.9999999999999999,0.9963059889676721,0.9309786282620914,0.9991507007288539,0.9992802482779846,0.9993271075395865,0.9904486122052009,0.8586643068942488,0.9948321004639572,0.9959486542856754,0.9912940588328998,0.9980414370366641,0.9978885035958845,0.997355361433317,0.9925926240321139,0.9405725884547779,0.9970250455756147,0.8534478078219135,0.9967818105656453,0.9962166505232526,0.724782033165727,0.9949440029634586,0.9996172964926708,0.9989494531375628,0.9983382936466861,0.9968522163670975,0.9991187067331687,0.9877518947654959,0.9969435815115016,0.9832993476019357,0.8485464403929064,0.9990339202232277,0.9984413030644554,0.9880432890199903,0.9863902695739236,0.9936634864708845,0.9945851466733163,0.9966659389422633,0.9973692861896896,0.9922921776561326,0.9966310097321531,0.9992482401128339,0.9977663887734621
GBCI,0.9974740150648393,0.9995195727700429,0.8417314293612954,0.8265007616790827,0.9520774367017282,0.9936047460217801,0.9963674969424192,0.9907176097110634,0.9954101171021972,0.987090172123926,0.997192417824565,0.9993805187002979,0.9897013099924976,0.9979796689647065,0.9663855461200573,0.9940844923754684,0.9823780513800228,0.9980275382895886,0.9985375625715045,0.9985893732802057,0.9974195165970637,0.9987091037672966,0.998526100723548,0.9998026965391887,0.9963059889676721,1.0,0.9254116107271101,0.9976609915208279,0.9968575013610304,0.9960557287129312,0.9882718671503965,0.8479363633616892,0.9951358005730803,0.9855614461445625,0.9935474949630615,0.9986197993634742,0.9985699253593994,0.9993485595911532,0.998519827575826,0.9352368902362287,0.9984878652608169,0.8378620147811487,0.9955897890865694,0.9982583049311915,0.7216583285847263,0.9934561584340613,0.99584158676404,0.9975721985407648,0.9972050535408153,0.9998285871513153,0.9981472918134116,0.994413435806622,0.9986379576418659,0.9947060232693979,0.83892894299038,0.9975654716327119,0.9924638658288834,0.9729363346493247,0.9753192632305634,0.9843569670477816,0.9981581421050827,0.9994009064822252,0.9958442951177674,0.998443590747461,0.9894702767921641,0.9937391469717202,0.9983951723560648
GS,0.9215771388620023,0.9216367263512502,0.9637021869071601,0.945030990948545,0.966119617537447,0.9605801150593384,0.9373547863538284,0.9532270991180802,0.9355548813933648,0.9725793604288454,0.9278769682753563,0.923996116722549,0.9401794916848742,0.9260468907693769,0.9883417939348274,0.9421107485443377,0.9510966027279903,0.9186023875975221,0.9166437024793077,0.9259104374987657,0.9180143295370283,0.9339068548001745,0.9206123769272188,0.9306296346945274,0.9309786282620914,0.9254116107271101,1.0,0.9284410172181161,0.9255930577639758,0.929860419470332,0.948390530365303,0.9826685449554112,0.9321594413987583,0.9368889019770718,0.9604718482203266,0.9314983712432081,0.9182766649258747,0.9347995093028179,0.9107913275686419,0.9773284479632536,0.9215205959064422,0.9789226720754288,0.9176593796742382,0.9233681077200595,0.8312953630789003,0.9135576144500744,0.9227402274104729,0.9276479950393509,0.9335577866541738,0.9255392994551689,0.921698251225927,0.949946304418923,0.9165233475193246,0.9039234542871801,0.9696705486077415,0.9258898182742364,0.9224706333281336,0.9283445604296847,0.9484800431413326,0.9590526612045507,0.9173491802186469,0.9266734954799833,0.9368415479013267,0.9093718273447897,0.9465989345476107,0.9322203733075453,0.9195368105907707
HBAN,0.9991617973611632,0.9988272549667484,0.8414655052075269,0.8282955364180449,0.9564716700367567,0.9945760639308845,0.9989132293367476,0.9951601864244296,0.998344647832104,0.9889574184047784,0.9996745500120808,0.9983233480006571,0.9965426962445701,0.9977109919795171,0.9715348137898364,0.9962223243132035,0.9874905252191022,0.9986245851245554,0.9974035317421399,0.997511547740371,0.9993572027048525,0.9981805261501208,0.9978552412081249,0.9984454814322016,0.9991507007288539,0.9976609915208279,0.9284410172181161,0.9999999999999999,0.999667614186293,0.997763062121203,0.9894487894035519,0.8552079031443253,0.9937916582089837,0.9937099901064896,0.9926712278556353,0.9990179594339941,0.9990438830616541,0.9987733654224132,0.995734508476301,0.9325879020592958,0.9980866819980226,0.8487863305519063,0.9962647322344435,0.9984112676187988,0.7182177413089571,0.995462740121212,0.9993051781332418,0.9998161176598109,0.998211550605746,0.9977158170719215,0.9996581246434042,0.9901377145615239,0.9984244557111644,0.988182191135854,0.8422126657337202,0.9990064154700163,0.9970385644200038,0.9850765291442719,0.98301837216675,0.990979119280309,0.9975387822775004,0.9985187525377209,0.9977362195196857,0.9954035783943503,0.995489506308544,0.9970353298244206,0.9991754942045004
HBHC,0.9992479055465605,0.9985528363880753,0.8377917718948112,0.8242938028155301,0.9547013171971815,0.9935674229061211,0.9988624772029708,0.9952799413068923,0.998865529071913,0.9878330886492532,0.9998256132151632,0.998068635504734,0.9970157746269799,0.9980382806343778,0.9699889705777994,0.9967550090028989,0.9885567198366755,0.9989589666819885,0.9972251429316489,0.997599094444838,0.9995225766062932,0.9981126190387025,0.9982499428571966,0.9978226192798725,0.9992802482779846,0.9968575013610304,0.9255930577639758,0.999667614186293,1.0000000000000004,0.9982693319990167,0.988378074037278,0.8502864474454671,0.994762066064057,0.9946582723273589,0.9912378516428635,0.9989421271356423,0.998791192966305,0.9978915969383529,0.9946453232668615,0.930978895238473,0.9983571248104964,0.8450451870216547,0.9974836062511242,0.9982305070007105,0.7142276616330583,0.9964169707131418,0.9996671243073156,0.9998052734405027,0.998593890077882,0.9972116681571935,0.999616238227152,0.988105627875731,0.998491633839861,0.9866951893121247,0.8377970048616956,0.9993312249549906,0.9983705597706579,0.9868639911846097,0.9839327132150941,0.991259671451057,0.9968549507142205,0.9980461834238414,0.9981633463664353,0.9942413352700675,0.996129457966501,0.9977419872555157,0.9992179053011172
HOMB,0.9990216641872175,0.9974711185712313,0.8540688184187942,0.8421918184568984,0.960922464457891,0.993252275985663,0.9993271742947752,0.9962834155435387,0.9990743653658068,0.9881462146689943,0.9990337587767543,0.9962532485330788,0.9958046174220597,0.9964940937693351,0.9723994611799838,0.9987260490747021,0.9905935608080633,0.9974287882366131,0.9945866565913315,0.9989136081736046,0.9983228069137234,0.9973919501800402,0.9981283463646481,0.9970433801576839,0.9993271075395865,0.9960557287129312,0.929860419470332,0.997763062121203,0.9982693319990167,0.9999999999999999,0.9915838904650853,0.8546511612337387,0.9971498151467478,0.9950095370906764,0.990337398543577,0.9977667796823189,0.9974613918468724,0.9963594333945324,0.991233779731012,0.9437686340900867,0.9973507623755841,0.8494611351832044,0.9981108650823197,0.9953870239358762,0.7338262310065099,0.9930063005639221,0.9986372903156269,0.997734236128316,0.9987884175650065,0.9967181293544677,0.9983751227894205,0.9865663239826273,0.9967216185477639,0.982440086142625,0.8501074080444176,0.9992001061345107,0.9985835847314797,0.9869960401094399,0.9877623060479042,0.9927657248956321,0.9928276583868317,0.9960331663035941,0.9975710119011932,0.990991125401334,0.995932180477304,0.9995745051834273,0.9970228493928568
HTH,0.9908083970199163,0.9875520628887406,0.8798878771765098,0.8671376169869316,0.9865750361789746,0.9910551982604284,0.9931526423382226,0.993593038544988,0.9919169462783646,0.9892259681318206,0.9899414669146241,0.9867799580743534,0.9896064330883063,0.9868999728870472,0.9825523783661742,0.9951824584919728,0.9925531093459875,0.9861354068970177,0.9846173110305038,0.9907326867136574,0.9870143260940694,0.9898550005778272,0.9882354933694538,0.9896384798060642,0.9904486122052009,0.9882718671503965,0.948390530365303,0.9894487894035519,0.988378074037278,0.9915838904650853,0.9999999999999998,0.882433850647329,0.9890519431875581,0.9874574389973125,0.9893455888668482,0.9899797146579581,0.9893244940701948,0.9897583576639798,0.9805311500592713,0.9561609630481096,0.9879000557632542,0.8764541476320762,0.986421663480077,0.9863890014593821,0.8098379910218857,0.9757955535011558,0.9880613484206738,0.9881773775712431,0.9907335297404918,0.9873830275744433,0.9889664967704307,0.9830223837736194,0.9866923066224527,0.9724293781851694,0.8941971362833706,0.9906912113712334,0.9877395789233537,0.979865175699844,0.9927674249099586,0.9887448683216928,0.9813830708286971,0.9879105617464078,0.9908201560678089,0.980236699107912,0.9907067910811843,0.9909571824664549,0.9865286198720324
