Ticker,ABCB,ABTX,AJX,ALTA,ARI,AXP,BAC,BBT,BK,BOH,BOKF,C,CFG,CFR,CIT,CMA,CNND,COF,DFS,EWBC,FCNCA,FFIN,FHB,FITB,FMAO,FMBH,FNB,GBCI,GS,HBAN,HOMB,HTH,HWC,IBKR,IBOC,ISBC,JPM,KEY,LARK,MBWM,MCBC,MS,MTB,NAVI,NKSH,NTRS,OPY,PACW,PBCT,PGC,PNC,PNFP,RF,SCHW,SFBC,SIVB,SLFC,SRCE,STBA,STT,SYF,TCBI,TFSL,TSC,UMBF,USB,WAL,WFC,WSBC,ZION
ABCB,1.0,0.9991944727974611,0.9954869197607504,0.9981908893889052,0.9767436441782478,0.978066811285205,0.9976294004947763,0.9995918107894741,0.9982590864022061,0.9956777543862286,0.9982901170624409,0.9969970458473804,0.999281989959747,0.9980242221828728,0.9988382305363359,0.9957040103984045,0.9980226631575182,0.9977004190289341,0.9868559243609267,0.9976822092175492,0.9972589640665355,0.9991352533906969,0.9987522233794819,0.9975652391344676,0.9982305850043582,0.9987183030596244,0.9989841933796085,0.9996660226235294,0.9964326343431162,0.9985695744635411,0.9991221653256948,0.9918205600093982,0.9984550247991653,0.9921515752583754,0.992649342333113,0.998623319816769,0.9969973552436442,0.9980833572364195,0.9997565042294707,0.9987996909292506,0.9980231905839319,0.9983843507845128,0.9976974696722751,0.9941567521941331,0.9953243046188972,0.9969017916704919,0.8094559406108542,0.9990154824549026,0.9984726818434045,0.99806581952477,0.9972442794837069,0.9992597760353845,0.9993200657490008,0.9973245396110866,0.9987617514083033,0.9971013771693958,0.978593709113179,0.9991491383260742,0.9979893274226062,0.9974055095011265,0.9925690794903655,0.9970863150828163,0.9978164049416214,0.9956827058575004,0.9984462949862551,0.9952959507048779,0.9976308616857247,0.9968897849635907,0.9987919337600332,0.9982222450955073
ABTX,0.9991944727974611,0.9999999999999999,0.9946973023983036,0.9987830531891015,0.9749537320922911,0.9699213062105376,0.9990712453787385,0.9998506501948909,0.9983937540697737,0.9971042981066394,0.9984979749750315,0.9982978268966608,0.9999784468962916,0.999205034681731,0.9995026795020672,0.9963746688686799,0.9978950545655005,0.9959360038279554,0.9835392123759062,0.99882697773304,0.9981367633153178,0.9987413525959893,0.9998960618862056,0.9981344589859548,0.9984303688780303,0.9998588363837944,0.9998853856169128,0.9998121908117478,0.9969752588994869,0.9993846957166113,0.9986724898355742,0.9862134681058286,0.9996736858891674,0.9946289055001851,0.9925336828888932,0.9997060574605573,0.9981181944237548,0.9986837905292483,0.9992165141836769,0.9996734702673447,0.999231934836901,0.9984669516452875,0.9981337125402643,0.9961699089485017,0.9958129118260918,0.9978855142919818,0.7872043150505376,0.99984026306731,0.9998200306030769,0.9994898080839016,0.9975287289527537,0.9998120910875623,0.9998275194758258,0.999102314931265,0.999165663802772,0.9983660966173263,0.9697344432683108,0.9991107203575369,0.9988446716284574,0.9983433529051033,0.9883179156045888,0.9989692720391816,0.999401955435184,0.9981404880972042,0.9991420412350848,0.9956741254873593,0.9988620344774052,0.9979734211744471,0.9991636710270645,0.999260531982404
AJX,0.9954869197607504,0.9946973023983036,0.9999999999999998,0.9918885590250981,0.9905450480864063,0.9673510364508519,0.9902977115238086,0.9945388099070415,0.991491632364045,0.9862510608644787,0.9925492668241555,0.9890068017435747,0.9948402163453979,0.9914682830709929,0.9916421020633213,0.9889357336882381,0.9889753631866874,0.9936982957943502,0.977411221583434,0.991165219515817,0.9886261742011245,0.995943401349315,0.9940807579931614,0.9910730083231235,0.9937094415328437,0.9928648461207439,0.9956097163583248,0.994696499507781,0.9870635744133903,0.9911835933936475,0.9972810160474777,0.984538182334898,0.9919348863779135,0.9796128978362263,0.9901820064791048,0.9929094916323655,0.9879935602889525,0.9906884119013571,0.9933302697433221,0.9919928980521334,0.9911462061672823,0.99027505670904,0.9912109409108492,0.9825668475938867,0.9918701410929553,0.9878137581028003,0.7987658242539961,0.9938413608246784,0.9937574101331589,0.9910611724867001,0.9921187833751025,0.996172321523951,0.9933510018643344,0.9898811992927774,0.9922314158153014,0.9877914757286612,0.9710928475319356,0.9940465735989956,0.9937144642900023,0.9891930583967671,0.9853030469734907,0.9894105811975534,0.9938020292364856,0.9872011594253248,0.9908153421627371,0.9870681490906427,0.9906698860372649,0.9890621972440587,0.997204899583077,0.9908713547239935
ALTA,0.9981908893889052,0.9987830531891015,0.9918885590250981,0.9999999999999999,0.9663883113157822,0.9715260920146184,0.9995254589570204,0.9989649383919459,0.99988273036873,0.9991925666477702,0.9998736951851969,0.9996769512539884,0.9988846207722154,0.9997954182020928,0.9986060689227568,0.9992991785393133,0.9993227353027303,0.9975533648334929,0.9899408026258183,0.9998811521751142,0.9996473930381553,0.9991142703970619,0.99821318789415,0.9998997439586335,0.9996516644890736,0.9989341845565413,0.998042813022789,0.9989402493447704,0.9993835927337172,0.9980904242989997,0.9983953932847482,0.9867218490956888,0.9990552801943295,0.9940331114119955,0.9962221567459966,0.999570562718836,0.9994158455674282,0.9999094268400448,0.9986589844719302,0.9988463729706245,0.9974969633003851,0.9996583272847056,0.9998907089540638,0.9970088000440993,0.99843849565865,0.9994834690432197,0.7929901398468587,0.9980841439603626,0.9980948488770939,0.9990513569743944,0.9995673163986785,0.9987863387227532,0.9986572381327941,0.9988817923834602,0.9998958542083026,0.9987129633053127,0.9708878786482196,0.999712825888638,0.9994417187438742,0.9997174981329586,0.9911424401272364,0.9988769457433984,0.9992421453741664,0.997431679382519,0.9996602689149543,0.9990070553731009,0.9968705579721899,0.9996284663442917,0.998114283830613,0.9995893609139122
ARI,0.9767436441782478,0.9749537320922911,0.9905450480864063,0.9663883113157822,1.0,0.9458501330229416,0.9648675390030259,0.9742066957755922,0.965511969718824,0.9563208889365156,0.9673982522291179,0.9614836992640661,0.9749786132852675,0.9665291395346072,0.9695416157500797,0.9596902549490475,0.9618371939009038,0.9709365674347499,0.9433141237990934,0.965405829520755,0.960792476067934,0.9750277423731873,0.9749091242835604,0.9643548420397913,0.9696742165750315,0.9713757961223226,0.9777637450646016,0.9745898422583247,0.9572745386444315,0.9697418422425371,0.9785694113843915,0.9651609717828769,0.9693523952782739,0.9519762930649659,0.9629691672125583,0.9700252705301665,0.9601388065051213,0.9644068121322569,0.9722171962999925,0.9699621198156241,0.9706194685066415,0.9640304217290485,0.9646442871660311,0.9532718028064748,0.9655563738554933,0.9593591583369081,0.7836271193518363,0.9747697072399881,0.9743626294994441,0.9676314202245889,0.966154760776391,0.977226577112228,0.9728157168491754,0.9654382907891564,0.9676553330084791,0.9615150966460275,0.9537595692822396,0.9710516074648601,0.9705015132746918,0.961782528484801,0.9603902582417765,0.9644609620798563,0.9716171389322807,0.9624985202581124,0.9657322492298157,0.9563207497174856,0.9706362593327605,0.961164766238931,0.9794370298960074,0.9660588428327787
AXP,0.978066811285205,0.9699213062105376,0.9673510364508519,0.9715260920146184,0.9458501330229416,0.9999999999999999,0.9676061643212842,0.9738046798690012,0.9746074698848624,0.9673517848951741,0.9736974040123726,0.9684515186240811,0.9707910283634453,0.9686794304329105,0.9728294618692019,0.9699742275750841,0.97714948988803,0.981881039866708,0.9832484429642468,0.9682505823473734,0.9707648392587181,0.974548220756677,0.9676485057225049,0.9718175631211509,0.973019844064107,0.9689961843844072,0.9684700346629486,0.9731970678945375,0.972397273876437,0.9707397040847985,0.9739232268950513,0.9963320209590264,0.9691760677185646,0.9593134288617204,0.9687675675710388,0.969083304113658,0.9692780514512684,0.9724098876314414,0.9777947103152311,0.9704470147128887,0.9672659210264832,0.9756625875460297,0.9725704221735361,0.9629293463770304,0.968538191563585,0.970790956095747,0.9113157152579626,0.9695379540726763,0.9673164442024967,0.9677104005693735,0.9711815787852979,0.9702252853607538,0.972407447477224,0.9653126586917579,0.973391450287276,0.9682181253551734,0.9972648756925542,0.9749254443677415,0.9700730061450097,0.9710100694868831,0.9917354623921998,0.9652848195047722,0.9650823445451043,0.9609017644350315,0.971897412659421,0.9720642915679191,0.9661691265311729,0.9703502535571413,0.970520084297924,0.969807039938364
BAC,0.9976294004947763,0.9990712453787385,0.9902977115238086,0.9995254589570204,0.9648675390030259,0.9676061643212842,1.0,0.9989595108771995,0.9991671810015619,0.9993931151845178,0.99901731266024,0.9998122849478748,0.9990485338838389,0.9999234500880663,0.9992440458932498,0.9982225687156564,0.9989758452821289,0.9952805977222586,0.9859963669505447,0.9997913958356996,0.9996777013200064,0.9978949860120319,0.9989011161090725,0.9992101018942092,0.99859596696245,0.9995323663035224,0.9984074916440554,0.9988849601467856,0.9990164433166776,0.999030445690436,0.9971373615083261,0.9837996736536265,0.9996859497447212,0.9966007082767724,0.9935302453010237,0.9997777312644149,0.9997367654019738,0.9996563386292716,0.9984404606037922,0.9994912451538758,0.9987247433762692,0.999328540558515,0.9991335062439569,0.9985134125327088,0.996700724592206,0.9996104699816225,0.780669370833298,0.9987567774613046,0.9988884812973078,0.9998212996769804,0.9983520531767437,0.9985794035704582,0.9990903919192018,0.9998343435342467,0.9995797802370475,0.9995824908373779,0.966200686549545,0.9989370182404882,0.9988785394389731,0.9997298245907295,0.9877796637866321,0.9998539091936771,0.9993479049540323,0.9991371015514888,0.9998175226188026,0.9979150586309038,0.9982504589779693,0.999496899278785,0.9974838827161786,0.9999312047249375
BBT,0.9995918107894741,0.9998506501948909,0.9945388099070415,0.9989649383919459,0.9742066957755922,0.9738046798690012,0.9989595108771995,0.9999999999999999,0.9988374300395118,0.9972023774209128,0.9988695467625375,0.9983570753926158,0.9999100630123378,0.9991527733439551,0.9996374491235874,0.9967470582417209,0.9985303461747647,0.9970044180058532,0.985764412156263,0.9987845612719852,0.9983393609671197,0.9990251971482411,0.9995766719103338,0.9984399385975492,0.998758182242685,0.9996980974842485,0.9996126663978733,0.9998658263374044,0.9974160218902925,0.9993148412606532,0.9988806540914696,0.9886759796876969,0.9995762796618111,0.9941691886742977,0.9931266422435531,0.9996006428922943,0.9982025307676081,0.9989454266345601,0.9996265530999094,0.9995977128708238,0.9988908927682716,0.998948737904287,0.998484626189716,0.9959121230646165,0.9961116397905524,0.9981400255122553,0.7971482018053929,0.9996260404963659,0.9995230589085012,0.9992991443981178,0.9977994852435016,0.9996978777026388,0.9998533131399139,0.9987861812493387,0.9994269580089369,0.9982851989387389,0.9732061069034064,0.9994562098893012,0.9989609237398539,0.9985697980671041,0.9905728400744571,0.99869770892612,0.9990750617373299,0.997576358401415,0.9992820378884867,0.9962521819630604,0.9984287751585508,0.9982373935488227,0.9991368449082386,0.999251175557248
BK,0.9982590864022061,0.9983937540697737,0.991491632364045,0.99988273036873,0.965511969718824,0.9746074698848624,0.9991671810015619,0.9988374300395118,0.9999999999999999,0.9990034371874869,0.9999258865695695,0.9994623278173652,0.9985692933040882,0.9994865173115461,0.9984728859595018,0.999347737818693,0.9995986326040014,0.9982025183229101,0.9915427563943264,0.9995720226668754,0.9995511710026017,0.9990816217105866,0.9976821054343199,0.9998954753875916,0.9996689929003509,0.9985390161754827,0.9975536083359736,0.998714492941579,0.9994856384550177,0.9977672134813801,0.998299489944827,0.9885529633818435,0.9987168813401649,0.9933684441324018,0.9964613312772903,0.9992163199656522,0.9992133393457311,0.9998616700606594,0.9987363913028324,0.9985181942036102,0.9969369593427196,0.9998046072457117,0.9999230396316835,0.9965056234843956,0.998427753756297,0.9994383446430146,0.8013117710292395,0.9976358749364931,0.9975937249491592,0.998627234312722,0.999520508898342,0.9984268329114196,0.9984171445494516,0.9983467043235946,0.9998531366483598,0.9983665594488794,0.973534979731819,0.9997391395811219,0.9992861810505296,0.9996499273894022,0.9927784585620744,0.9983862377401506,0.9987074197769072,0.9966865194171484,0.9995121145575842,0.9992259073343542,0.9962243137160887,0.9996013173601641,0.9978391801929765,0.9993156974945139
BOH,0.9956777543862286,0.9971042981066394,0.9862510608644787,0.9991925666477702,0.9563208889365156,0.9673517848951741,0.9993931151845178,0.9972023774209128,0.9990034371874869,0.9999999999999998,0.998675495794267,0.9998175346103011,0.9971344600295632,0.9992908301858973,0.9977491499737007,0.9989529042844555,0.9990195012385489,0.9947302084306704,0.9888223470720291,0.999431152774535,0.999806857860916,0.9966383131970319,0.9967055899746929,0.9992125355322441,0.9980209597614179,0.997915330445603,0.9959486430616482,0.9971373964469147,0.9997380993712898,0.9973567303887477,0.9953355661376697,0.9827087483172039,0.9983301409303246,0.996083391344421,0.994157481923769,0.9986107914363754,0.999806681230083,0.999452678648148,0.9969928084544543,0.9980289263021269,0.9967712852366731,0.9991418516330414,0.9991218200203877,0.9986951802179291,0.996858501993608,0.9998415243255447,0.7820693461645252,0.9965577087434196,0.9966752060768382,0.9986487607124088,0.9983501240332316,0.9965458983833031,0.9972982401335418,0.9988721548950261,0.9989647664509976,0.9991443380827844,0.965341283710897,0.9980509377724488,0.9979478483089065,0.9997256181945866,0.9881608573800235,0.9989943727942372,0.9980008242217226,0.9980617263244087,0.9992316559452034,0.9990365927775556,0.9961674633704606,0.9996131377028378,0.9952370118045653,0.999227303147465
BOKF,0.9982901170624409,0.9984979749750315,0.9925492668241555,0.9998736951851969,0.9673982522291179,0.9736974040123726,0.99901731266024,0.9988695467625375,0.9999258865695695,0.998675495794267,1.0000000000000002,0.999285714451864,0.9986924124533147,0.9994338423522673,0.9982442460309428,0.9993907809295024,0.9992179327738062,0.9984535594267238,0.9913289014369012,0.9995468257276867,0.9992539357900173,0.9993760780458383,0.997743668055993,0.999905141045511,0.9999039748099215,0.9985030202175998,0.9977728591484069,0.9987196319872893,0.9991389165094625,0.9974716561988856,0.9987417377580516,0.9881005882698302,0.9986364496648442,0.9924517164114274,0.9971094726563011,0.9992370115582228,0.9988632681739298,0.9997230212170125,0.9985453521349558,0.9983286982632851,0.9966765180612052,0.9995313678415162,0.9999349652665539,0.9957989082304368,0.9988985195019373,0.9991061329304586,0.8000649119650666,0.9976145006837284,0.9976767767760759,0.9984727788487338,0.9997051215231525,0.9987134103284496,0.9983175081003222,0.9981471753972498,0.9997858584118484,0.9979108540110379,0.9729701420053326,0.9998418895260835,0.9995952507785907,0.9994224354493761,0.9926647688826241,0.9981932331468731,0.9989725938885431,0.9963505477565217,0.9992834318055662,0.9990990146919411,0.9959230829784136,0.999476350043043,0.998349861475147,0.9991258210511859
C,0.9969970458473804,0.9982978268966608,0.9890068017435747,0.9996769512539884,0.9614836992640661,0.9684515186240811,0.9998122849478748,0.9983570753926158,0.9994623278173652,0.9998175346103011,0.999285714451864,0.9999999999999999,0.9983472562786178,0.9998078719502886,0.9986073510655142,0.9990529935397311,0.9992408130813772,0.9957853334917615,0.988405022798362,0.9998408555502893,0.9998995042499904,0.9977768187415106,0.997922804990075,0.9996014307698763,0.9988308078102861,0.9988564882353594,0.9974054814599276,0.9982314195838901,0.9996057088889629,0.9981795418012436,0.9967946531436854,0.984001371064257,0.9991445894636011,0.995832209328145,0.9947785482502571,0.9994017156967735,0.9998467776370309,0.9998169447511536,0.9979377928941277,0.9988250743552374,0.9976516307126091,0.9994882243245345,0.9995330226199283,0.9983301192783621,0.997479293320791,0.9998828711775332,0.7841673059701876,0.9977522981218482,0.9979254721382166,0.9992986246412777,0.9988371297012394,0.9979048278331024,0.9983362544951715,0.9993512858411967,0.9995675826605056,0.9992906380032963,0.9667667738409145,0.998916541436025,0.9988995140422835,0.9999362487687098,0.9889330083527971,0.9994488852284146,0.9989636766081371,0.9984192943970736,0.9996736054337007,0.9989111644090036,0.9970455660105638,0.9998478854663144,0.9968742596365205,0.999701837233148
CFG,0.999281989959747,0.9999784468962916,0.9948402163453979,0.9988846207722154,0.9749786132852675,0.9707910283634453,0.9990485338838389,0.9999100630123378,0.9985692933040882,0.9971344600295632,0.9986924124533147,0.9983472562786178,0.9999999999999999,0.9992241890966302,0.9994998434458277,0.996607213792956,0.9980323302091972,0.996378834240001,0.9842976982047559,0.9988618572533771,0.9981786412210593,0.9989092216223061,0.9998077558748112,0.9983082448710278,0.998658644514705,0.9998171461955526,0.9998477300830533,0.9998029648522996,0.9970936441863559,0.9992690474363642,0.9988445872469113,0.9867411165293185,0.9996617417010343,0.9942526166714073,0.9930252198986625,0.9997107531481821,0.9981010371328258,0.9987792253903202,0.9992580060578531,0.9995993718610864,0.9990214464086281,0.9985824885871605,0.9983197250927004,0.9959310009718982,0.9961412297301547,0.9979493076225072,0.7897259419636067,0.9997456205884506,0.9997624147922898,0.9994180707615163,0.9977239972034063,0.9998545078066744,0.9998005073633738,0.9989835283458331,0.9992658530294517,0.9982351097719396,0.9704803708494614,0.9992739078828852,0.9990497754393663,0.9984220980554032,0.9890251243411862,0.998888395027223,0.9994252910749545,0.9979084522455998,0.9991521050129026,0.9959274756743304,0.9985924178102632,0.9981245423921221,0.9993059043171634,0.9992393127865524
CFR,0.9980242221828728,0.999205034681731,0.9914682830709929,0.9997954182020928,0.9665291395346072,0.9686794304329105,0.9999234500880663,0.9991527733439551,0.9994865173115461,0.9992908301858973,0.9994338423522673,0.9998078719502886,0.9992241890966302,1.0000000000000002,0.9991193752596046,0.9986491646187158,0.9990550836285926,0.9962214801783569,0.9871651164212197,0.9999326615940408,0.9996683423918391,0.998562905073973,0.9989063675091453,0.9995346311790648,0.9991416624074398,0.9994997410163611,0.9985823258038978,0.9991007263333207,0.9990893253320312,0.99881233523601,0.9978866644607836,0.9847591394797487,0.9996128549680457,0.9955969899824796,0.9946800438416179,0.9998728190971107,0.9996167896998707,0.9997995290764528,0.9986260598782176,0.9993946100044945,0.9984462662841217,0.9994545783231045,0.9994803736511214,0.9978943819587117,0.997510546999128,0.9995417591674856,0.7842095786832067,0.9987394264111723,0.9988553992383663,0.9996746908413843,0.9989161086212993,0.998943521534853,0.9991014024793184,0.9996046508247235,0.9997891972290973,0.9992796334213562,0.9676914323396348,0.9993644242842512,0.9992913783108717,0.9997496728877617,0.9888957381871991,0.9996056842896829,0.9995606172094602,0.9986236921480725,0.9998254896078331,0.9982687544139289,0.9979219494473642,0.9995758144579437,0.9980600112123685,0.9998995481132519
CIT,0.9988382305363359,0.9995026795020672,0.9916421020633213,0.9986060689227568,0.9695416157500797,0.9728294618692019,0.9992440458932498,0.9996374491235874,0.9984728859595018,0.9977491499737007,0.9982442460309428,0.9986073510655142,0.9994998434458277,0.9991193752596046,1.0000000000000002,0.9962223032968758,0.9987751230641944,0.9954032771940378,0.9843995436893692,0.9986359313811959,0.9986589512341858,0.9977136025693492,0.9994360330285765,0.9980365112548119,0.9978082262112509,0.9997557055584434,0.9990838681352371,0.9994267858465932,0.9976944089463515,0.9998037963933907,0.9972994530679888,0.9874130133001816,0.9997736114929755,0.9963955088550364,0.9910552055194638,0.9994449589689622,0.998719818386476,0.9989046811609529,0.9993969809194472,0.9998424640072937,0.9994001865207658,0.9990178483552026,0.9980441242314134,0.997442559837262,0.9946520066072018,0.9986154711079394,0.7927456070295189,0.999565090766815,0.9994726107029183,0.9996519764832487,0.9968579052496754,0.9988454463344827,0.9998494095461938,0.9993051249819535,0.9991956849163433,0.9990991558148069,0.9710774597900951,0.9987357911631821,0.9981972455168043,0.9988198551128121,0.9890498976011881,0.9992827130712867,0.9985684599745749,0.9986337898781016,0.9994640323386746,0.9959944555930393,0.9990045610223726,0.9983743811366463,0.9978247434882784,0.9994628917541082
CMA,0.9957040103984045,0.9963746688686799,0.9889357336882381,0.9992991785393133,0.9596902549490475,0.9699742275750841,0.9982225687156564,0.9967470582417209,0.999347737818693,0.9989529042844555,0.9993907809295024,0.9990529935397311,0.996607213792956,0.9986491646187158,0.9962223032968758,1.0,0.9984524126603103,0.9972859928002992,0.9927438363475477,0.9990691406442234,0.9989440419676093,0.9979167910488884,0.9954282014910102,0.9996859051479353,0.9992077650208826,0.9966762160974161,0.995280457244485,0.9965813608511448,0.9992996842893838,0.9952467093313276,0.9968410974400518,0.9846735068210317,0.9970296226326452,0.9912564115814527,0.9980217155140647,0.997932884922914,0.9984968726960266,0.9991328203558899,0.9963294977299506,0.996455547831454,0.9943206806322451,0.9987058668525491,0.9996584753162506,0.9954235301718127,0.9992962448527378,0.998880246892594,0.7940331273288972,0.9951201027517103,0.9953998766491934,0.9970667423463986,0.999601580997698,0.9966525707261809,0.9960824042946271,0.9970218253485036,0.9987980721937147,0.9969500260788516,0.9687696252861112,0.9986250981133186,0.9987139019280208,0.9990430957269663,0.9913033185008958,0.9971819578811874,0.9978742582236705,0.9951330457876003,0.9982460591902326,0.9998464879972515,0.9934070753699125,0.9993411973384336,0.9962238033797765,0.9980949435436669
CNND,0.9980226631575182,0.9978950545655005,0.9889753631866874,0.9993227353027303,0.9618371939009038,0.97714948988803,0.9989758452821289,0.9985303461747647,0.9995986326040014,0.9990195012385489,0.9992179327738062,0.9992408130813772,0.9980323302091972,0.9990550836285926,0.9987751230641944,0.9984524126603103,1.0,0.9972572107051445,0.9912872424311786,0.9990076519344251,0.9995881770020246,0.9979603862930637,0.9972876813519845,0.9992470904208937,0.9986129953398926,0.9983158357385703,0.996849124261964,0.9983970409511466,0.99957573105223,0.9981949518012568,0.9969462924899023,0.9897814536222211,0.9985870461233183,0.994946905920176,0.9941486384120551,0.9987416069387436,0.9993824395102734,0.999646850640856,0.9989333432302993,0.9986198399151789,0.9972525940931405,0.9999307707612083,0.9992968681848204,0.997448183106626,0.996594483164315,0.9995842035553392,0.8059927405472893,0.9974858617756829,0.9972003243063816,0.9985809063137145,0.9984014655860207,0.9974691922302998,0.9984250180414147,0.998316941774911,0.9995399852738149,0.9988702440657558,0.9752449993115422,0.9990925030802288,0.9981776120884588,0.9995849779943025,0.9929835447770987,0.9983644475185314,0.9976084077658056,0.9969825482408914,0.9995420950420855,0.9987355206679622,0.9966308692810388,0.9993076029449771,0.9964466543600561,0.9992392300444196
COF,0.9977004190289341,0.9959360038279554,0.9936982957943502,0.9975533648334929,0.9709365674347499,0.981881039866708,0.9952805977222586,0.9970044180058532,0.9982025183229101,0.9947302084306704,0.9984535594267238,0.9957853334917615,0.996378834240001,0.9962214801783569,0.9954032771940378,0.9972859928002992,0.9972572107051445,1.0,0.9944566947167571,0.9964301537971046,0.996041267030701,0.9988236960458241,0.9945995715822,0.9977869952716819,0.9986858049384105,0.9952922535519306,0.9952586111390185,0.9967758792554439,0.9963671803845007,0.9941029617518027,0.9985064257553842,0.9932648076884022,0.9953292923583948,0.9856451769674955,0.9973566448994738,0.9962391193401108,0.9951690836797221,0.9971919931489913,0.9972050713359926,0.9951200943831504,0.9927069150692869,0.9974519904964186,0.9979967871593091,0.9900664713427116,0.9978615447635925,0.9957746555217485,0.8278442331495823,0.994698528676697,0.9944058806882428,0.9946682311747655,0.9982085209493247,0.9968444010620524,0.9957856722513648,0.9937568980691465,0.9976194567456467,0.9936717649313414,0.9821758445546754,0.9985776683271177,0.9977077734464417,0.9963333463472032,0.9970461321280885,0.9937757319980027,0.9958140277594593,0.9907452293628514,0.9963511701886514,0.9971064547444364,0.9917412303182666,0.9965429406320144,0.9972456364738558,0.9957893213513228
DFS,0.9868559243609267,0.9835392123759062,0.977411221583434,0.9899408026258183,0.9433141237990934,0.9832484429642468,0.9859963669505447,0.985764412156263,0.9915427563943264,0.9888223470720291,0.9913289014369012,0.988405022798362,0.9842976982047559,0.9871651164212197,0.9843995436893692,0.9927438363475477,0.9912872424311786,0.9944566947167571,0.9999999999999998,0.9881682144920401,0.9892888897701317,0.9896806481923452,0.9811565992350737,0.9912462036073514,0.9910293485196615,0.9835100213673372,0.9814322498477192,0.9854963410853074,0.9916488335106015,0.9822665359069696,0.9879661831439877,0.9895761019450425,0.984280035683256,0.9750120193034206,0.9937757526819103,0.9858017418477546,0.9879544921732235,0.9899314321843022,0.9873930792889898,0.9838790120150681,0.9795941170745887,0.9906489065471531,0.9915600576239066,0.9819614679568346,0.9921678452334277,0.9892606861762984,0.8497253860304577,0.9815034500688672,0.9808251083880785,0.9837759442614192,0.9919583743544813,0.9846022030601047,0.9840794522294785,0.9830383046144285,0.9894036288233218,0.9847255629030511,0.9823643631666055,0.9901406192771385,0.988579521200445,0.989269821312599,0.9967535288577145,0.9833440034841562,0.9845285617773742,0.9789517261336261,0.9877762673463248,0.9939152494906685,0.9781387675477449,0.9898758094319913,0.9848145659442298,0.9865466743291085
EWBC,0.9976822092175492,0.99882697773304,0.991165219515817,0.9998811521751142,0.965405829520755,0.9682505823473734,0.9997913958356996,0.9987845612719852,0.9995720226668754,0.999431152774535,0.9995468257276867,0.9998408555502893,0.9988618572533771,0.9999326615940408,0.9986359313811959,0.9990691406442234,0.9990076519344251,0.9964301537971046,0.9881682144920401,1.0,0.9997101039017218,0.9986165630284676,0.998433292243896,0.9997056855792117,0.9992718341843677,0.9991153458511295,0.9981105163579225,0.9987999371714718,0.9992825740444136,0.998290138757254,0.997856421697825,0.9844477147546897,0.9992529142309821,0.9950360240848137,0.9954489060429101,0.9996822541527606,0.9996146408121713,0.9998154811545964,0.9982994102168867,0.999006587569611,0.9978884845489674,0.9994116210955944,0.9996497650112345,0.9977188580206535,0.9980131209694039,0.9995546705742094,0.7840215298569656,0.9982316254168531,0.9983209458022403,0.9993526890578449,0.999268516637899,0.9986796653773731,0.9986569416361176,0.9993354459995233,0.9997265666165716,0.9990696006359423,0.9676189047760042,0.9993403756834189,0.9992740195725931,0.9997394454036893,0.9891532264950718,0.9993311937489346,0.9994466865514481,0.9982104869043011,0.9996884280369532,0.998702076871974,0.9973364489377012,0.9996250515410362,0.9978145860792247,0.9997373485160295
FCNCA,0.9972589640665355,0.9981367633153178,0.9886261742011245,0.9996473930381553,0.960792476067934,0.9707648392587181,0.9996777013200064,0.9983393609671197,0.9995511710026017,0.999806857860916,0.9992539357900173,0.9998995042499904,0.9981786412210593,0.9996683423918391,0.9986589512341858,0.9989440419676093,0.9995881770020246,0.996041267030701,0.9892888897701317,0.9997101039017218,1.0,0.9977856094163482,0.9977220587867515,0.9995343225248128,0.9986820498163143,0.9986997432920981,0.9971404742474527,0.9983208177586176,0.9998028813680659,0.9982956411414121,0.9967103538575368,0.9855905481404218,0.9989733302707007,0.9960403368618782,0.9944067979448259,0.9992311730720723,0.9999433883314741,0.9998529073701534,0.9982963733758858,0.9988581899647337,0.9976964912077659,0.9997291751090844,0.9994908005489982,0.9985131444990226,0.9971089823642473,0.9999560327019724,0.78946828593725,0.9976863452402579,0.9976227971360614,0.9991672384489785,0.9987602350632888,0.9976811460433676,0.998372637946735,0.999193816372812,0.9995983154199085,0.999449893235755,0.9692054441001242,0.9989294566143538,0.9985048410693355,0.9999408059205981,0.9898998489656603,0.9992290733430416,0.9985108343940344,0.9982044608417193,0.9997695510827531,0.9989716426890076,0.997143901233415,0.9997122973553073,0.9964958167363395,0.9996957758812363
FFIN,0.9991352533906969,0.9987413525959893,0.995943401349315,0.9991142703970619,0.9750277423731873,0.974548220756677,0.9978949860120319,0.9990251971482411,0.9990816217105866,0.9966383131970319,0.9993760780458383,0.9977768187415106,0.9989092216223061,0.998562905073973,0.9977136025693492,0.9979167910488884,0.9979603862930637,0.9988236960458241,0.9896806481923452,0.9986165630284676,0.9977856094163482,1.0,0.9979900464623404,0.9988667929688715,0.999577741722103,0.9981977409443737,0.9984028050765181,0.9991200103776833,0.997346319894992,0.9971391187516525,0.9998522357287282,0.9894963277286478,0.9980158537055227,0.9902296444543226,0.9965817057136739,0.9987881961286041,0.99732161581571,0.9986603195762216,0.9987476627593005,0.9979670782926992,0.9965398821466146,0.9985054952385167,0.9989506617027666,0.9936091028350309,0.9982854170560534,0.9973778126848405,0.8037209940124336,0.9979186534232275,0.9977065754783976,0.9976854329330753,0.9991479837165487,0.999332293585123,0.9983282562491155,0.9971146445940526,0.9991273087493735,0.9965904528060169,0.9756415440559649,0.999708338791989,0.9991426095723264,0.9979578688909279,0.9927794778533917,0.996947123492292,0.9986799336132933,0.9949871750820378,0.9984010224130325,0.9972773368300819,0.9959281412525557,0.9978459117884442,0.9992501032696061,0.9982337571352573
FHB,0.9987522233794819,0.9998960618862056,0.9940807579931614,0.99821318789415,0.9749091242835604,0.9676485057225049,0.9989011161090725,0.9995766719103338,0.9976821054343199,0.9967055899746929,0.997743668055993,0.997922804990075,0.9998077558748112,0.9989063675091453,0.9994360330285765,0.9954282014910102,0.9972876813519845,0.9945995715822,0.9811565992350737,0.998433292243896,0.9977220587867515,0.9979900464623404,0.9999999999999999,0.9974157148039999,0.9976171794538432,0.9998350855611073,0.9998672499933028,0.9995806385387924,0.9963240855708788,0.9995224021055408,0.9979587129835179,0.9845929607438031,0.9996154017842557,0.9953404951509093,0.9909309298491287,0.9994924418297111,0.9978367507786844,0.9981599845892257,0.9988581193620646,0.9996763721079686,0.9995556086769507,0.9979059059259279,0.9973876058785731,0.9963998874781248,0.9946588235235531,0.9974651383999343,0.7808530868723716,0.9999385679979966,0.9999175129754376,0.9994974810175494,0.9966474454927164,0.99953154804809,0.9997555535604598,0.9991811189415324,0.9986604156176118,0.9983821477397284,0.9674662237799796,0.9984500079486176,0.9982302660673367,0.9978959766065654,0.9863599635138691,0.9990196940557232,0.9991660793853828,0.9985426588104868,0.9988486059919249,0.9946642881239124,0.9992930420357722,0.997415051842409,0.9986896381428771,0.9990634481337946
FITB,0.9975652391344676,0.9981344589859548,0.9910730083231235,0.9998997439586335,0.9643548420397913,0.9718175631211509,0.9992101018942092,0.9984399385975492,0.9998954753875916,0.9992125355322441,0.999905141045511,0.9996014307698763,0.9983082448710278,0.9995346311790648,0.9980365112548119,0.9996859051479353,0.9992470904208937,0.9977869952716819,0.9912462036073514,0.9997056855792117,0.9995343225248128,0.9988667929688715,0.9974157148039999,1.0000000000000002,0.9997079548402422,0.9983379794311952,0.9972796423256284,0.9982855936439501,0.999497471129178,0.9972831619322289,0.9980444575196874,0.9865415125456607,0.9985617665659211,0.9931157710230561,0.9970399072036815,0.9991604830011409,0.9992029202298728,0.9998105187878483,0.9980657153016659,0.9981818017696433,0.9965112209634454,0.9995311162009389,0.9999926414306903,0.996474592256107,0.9989008976950393,0.9994394733425174,0.7952219982793254,0.9972304613883073,0.99737755046226,0.9985174795202083,0.9996982661228353,0.9982306349287745,0.9979747887211093,0.9983459412928604,0.9997047735100352,0.9981866230661359,0.9707340591130729,0.9995456315953832,0.9994374229906554,0.9996584047444221,0.9917046841140433,0.9984339741286566,0.9989122280065521,0.9967170975804478,0.999323416181925,0.999461260504742,0.9957473645929885,0.9997463573313246,0.9977032670417761,0.9992087854269004
FMAO,0.9982305850043582,0.9984303688780303,0.9937094415328437,0.9996516644890736,0.9696742165750315,0.973019844064107,0.99859596696245,0.998758182242685,0.9996689929003509,0.9980209597614179,0.9999039748099215,0.9988308078102861,0.998658644514705,0.9991416624074398,0.9978082262112509,0.9992077650208826,0.9986129953398926,0.9986858049384105,0.9910293485196615,0.9992718341843677,0.9986820498163143,0.999577741722103,0.9976171794538432,0.9997079548402422,0.9999999999999999,0.9982532272790776,0.9978486713676302,0.9985687705656825,0.9985148653154546,0.9969429182046396,0.9991246023759363,0.9877662867049722,0.9983293065038854,0.9910893778548339,0.9976686356088614,0.9990421338684886,0.9982093063162588,0.9993498407399568,0.998204037886675,0.997913527789085,0.9961634652725095,0.9990442494143748,0.9997455874457033,0.9946728391636253,0.9992298620675246,0.9984892197610595,0.7998763716652866,0.9974040879616983,0.9975716584247766,0.9980597595651648,0.9997086231651715,0.9988742086459502,0.9980328348374456,0.9976525987763021,0.9995203047116535,0.9971354769551027,0.9726504995168312,0.9997991582182951,0.9997463099243261,0.9989373736927328,0.9925852156701249,0.9977031058761956,0.9990367722409946,0.9956629060562248,0.9988149815308159,0.9987261565542246,0.9953573410079051,0.9991004216877094,0.9987862348935346,0.9986873275881732
FMBH,0.9987183030596244,0.9998588363837944,0.9928648461207439,0.9989341845565413,0.9713757961223226,0.9689961843844072,0.9995323663035224,0.9996980974842485,0.9985390161754827,0.997915330445603,0.9985030202175998,0.9988564882353594,0.9998171461955526,0.9994997410163611,0.9997557055584434,0.9966762160974161,0.9983158357385703,0.9952922535519306,0.9835100213673372,0.9991153458511295,0.9986997432920981,0.9981977409443737,0.9998350855611073,0.9983379794311952,0.9982532272790776,0.9999999999999999,0.9995837509596396,0.9996003427790331,0.9976052260843276,0.9996614019799973,0.9979020753879074,0.985216298692334,0.9999418853543849,0.9960326396171186,0.9920780679537647,0.9998350140564842,0.9987730199760054,0.9990014021327298,0.9990875180620112,0.9998921800023121,0.9994907061118372,0.9987850910623456,0.9983063638544251,0.9973595700809934,0.9955866839269467,0.9985511147152341,0.783736935492158,0.999777730843027,0.9998241382047859,0.9998710030035446,0.9974574121585665,0.9994172651062762,0.9998415923155047,0.9996238809972247,0.9993027744830087,0.9990587642818567,0.9680730237773104,0.9989411138872583,0.9987576345665439,0.998865438568716,0.9876667086412163,0.9995598745730543,0.9993948548662763,0.9989395942491744,0.9994870871327586,0.9961397557185017,0.9991182235768462,0.9984918615236086,0.9985209179921062,0.9996316837496131
FNB,0.9989841933796085,0.9998853856169128,0.9956097163583248,0.998042813022789,0.9777637450646016,0.9684700346629486,0.9984074916440554,0.9996126663978733,0.9975536083359736,0.9959486430616482,0.9977728591484069,0.9974054814599276,0.9998477300830533,0.9985823258038978,0.9990838681352371,0.995280457244485,0.996849124261964,0.9952586111390185,0.9814322498477192,0.9981105163579225,0.9971404742474527,0.9984028050765181,0.9998672499933028,0.9972796423256284,0.9978486713676302,0.9995837509596396,0.9999999999999999,0.9995622358870327,0.9957358507529426,0.9990225965569787,0.9985767774296471,0.9853233531337099,0.9992886050150206,0.9937085898365314,0.9916651130175075,0.9992928819128323,0.9971286972839261,0.9978443991223237,0.998753628709621,0.9992794203298916,0.9990040522111998,0.9975541816896528,0.9972777970117738,0.9950548054585086,0.9950737167469846,0.9968373967990031,0.7845691614936944,0.9997651363263039,0.9998116119097337,0.9990288584428013,0.9967237935167631,0.999783745721852,0.999561834544961,0.9985639515381212,0.9984941499261709,0.9975302651816047,0.968570124322298,0.998577902649816,0.9984352394366625,0.997423052637118,0.9870584890860646,0.9983972386535452,0.9991615374228411,0.9976228993858895,0.9984162194689042,0.9943616911087879,0.9986680598191171,0.9970378013867783,0.9992833947861988,0.9986115148850736
GBCI,0.9996660226235294,0.9998121908117478,0.994696499507781,0.9989402493447704,0.9745898422583247,0.9731970678945375,0.9988849601467856,0.9998658263374044,0.998714492941579,0.9971373964469147,0.9987196319872893,0.9982314195838901,0.9998029648522996,0.9991007263333207,0.9994267858465932,0.9965813608511448,0.9983970409511466,0.9967758792554439,0.9854963410853074,0.9987999371714718,0.9983208177586176,0.9991200103776833,0.9995806385387924,0.9982855936439501,0.9985687705656825,0.9996003427790331,0.9995622358870327,1.0,0.9973567607621194,0.9993561828292462,0.9989472611892776,0.9885884177251494,0.9993907141297901,0.9943580883461149,0.992819681164327,0.9995386346000046,0.9982402387055967,0.9988482256401499,0.9997194364618122,0.9996276355464474,0.9990813096932765,0.9988588555051884,0.9983281677419977,0.996142589763676,0.9958852372720645,0.9979931714171957,0.795289092309637,0.999678590396848,0.999332415145238,0.9992291211722399,0.997833194218267,0.9996802672756276,0.9998174915590148,0.9987853182791271,0.9993295014171808,0.9984355669491464,0.9735236994577416,0.9993618462276955,0.9985822083567143,0.998401065873795,0.9901735524578975,0.9985637150221445,0.9989452566004741,0.9975928965380486,0.9992838328125045,0.9960681551931913,0.9987557158922225,0.9978916083795483,0.9989293880085093,0.9992509368491533
GS,0.9964326343431162,0.9969752588994869,0.9870635744133903,0.9993835927337172,0.9572745386444315,0.972397273876437,0.9990164433166776,0.9974160218902925,0.9994856384550177,0.9997380993712898,0.9991389165094625,0.9996057088889629,0.9970936441863559,0.9990893253320312,0.9976944089463515,0.9992996842893838,0.99957573105223,0.9963671803845007,0.9916488335106015,0.9992825740444136,0.9998028813680659,0.997346319894992,0.9963240855708788,0.999497471129178,0.9985148653154546,0.9976052260843276,0.9957358507529426,0.9973567607621194,0.9999999999999999,0.997110550970711,0.9960501445724772,0.9862278399809117,0.9980039451759568,0.9948132339226315,0.9951695919586447,0.9984123240199101,0.999621699800169,0.9996235084276859,0.9975902284761887,0.9978203988670985,0.9962450367189016,0.9995758726235117,0.9994776821815596,0.9978507293191855,0.9973806761957051,0.9998054224974456,0.7955416227317988,0.9963171770566975,0.9962230815053423,0.9981953602510126,0.9988141678216953,0.9966114273706308,0.997293061324235,0.9982201386121898,0.9992189241528409,0.9987460943445932,0.9705788708063005,0.998573331632377,0.9980560609478464,0.9997215011421033,0.9912068242197709,0.9983176236943309,0.9975897327044878,0.9969466460657458,0.9992478022480812,0.9995459346573775,0.995567256115257,0.9996061717447711,0.9954866196431114,0.9990432637418438
HBAN,0.9985695744635411,0.9993846957166113,0.9911835933936475,0.9980904242989997,0.9697418422425371,0.9707397040847985,0.999030445690436,0.9993148412606532,0.9977672134813801,0.9973567303887477,0.9974716561988856,0.9981795418012436,0.9992690474363642,0.99881233523601,0.9998037963933907,0.9952467093313276,0.9981949518012568,0.9941029617518027,0.9822665359069696,0.998290138757254,0.9982956411414121,0.9971391187516525,0.9995224021055408,0.9972831619322289,0.9969429182046396,0.9996614019799973,0.9990225965569787,0.9993561828292462,0.997110550970711,1.0000000000000002,0.9967257821726858,0.9861903868589114,0.9995932951943686,0.9972185063638127,0.9893580954176814,0.9992040788633475,0.9985203633877894,0.9983962647313573,0.9992259195368524,0.9998904938513387,0.999856780973911,0.9984956395560396,0.9972729729426936,0.9978525861661606,0.9934178142213241,0.998143110179541,0.7866339386098359,0.9997105573852486,0.9993953388884871,0.9996069761992843,0.996099184191962,0.9985759781165983,0.9997924024273896,0.9993634603225325,0.9986970168817075,0.9992596669341994,0.9697427441269102,0.9981054108943964,0.9973521447722681,0.9983107797787326,0.9872614945032294,0.9992116589929939,0.9982033066042624,0.998989149314247,0.9992340080031298,0.9949848071790788,0.9996670395210545,0.9976143875925191,0.9972228852320861,0.9993011630454028
