Ticker,AAME,ACGL,AFG,AFL,AGO,AIG,AIZ,ALL,ANTM,BHF,CB,CI,CINF,CNA,CNFR,ERIE,ESNT,GL,GNW,HIG,HRTG,HUM,L,LMND,LNC,MET,MKL,MMC,MTG,PFG,PGR,PRI,PRU,RDN,RGA,RLI,SAFT,SIGI,TRV,UNAM,UNM,UVE,WRB
AAME,1.0,0.9079445834367673,0.9629696191050069,0.9121605861733562,0.6189487986925156,0.9303814786940731,0.9880699882120795,0.9676481059858656,0.9567193039474393,0.28123968057911747,0.9071337243565378,0.9591658988879429,0.8844269212121466,0.9282999387578311,0.9617455010452745,0.9379319240659602,0.6836422251619181,0.9004120988419916,0.9034248573448318,0.981827689000369,0.9971423828485576,0.9368452890652095,0.904903671945802,0.5016716139450215,0.9709920940537217,0.9759905362571757,0.9201491002729716,0.9573111578643966,0.6782913723046172,0.9586870474643897,0.9475695548172763,0.9558308519949177,0.9799858594673714,0.7720606586395529,0.9758294314974181,0.9318068459779816,0.9386984953757965,0.9723748054605416,0.9751196250056141,0.727220898758396,0.9897351585805017,0.9805996744260886,0.9805173976199905
ACGL,0.9079445834367673,1.0,0.9624620642011648,0.9640604946040663,0.8362951405639999,0.9469427672274083,0.908083873957313,0.9072644714124858,0.8197794259983858,0.3718514289633803,0.9864135406269842,0.8276377527311906,0.9712138100390744,0.9803843297056549,0.8272013704850235,0.906751532903521,0.8715871811669434,0.9651966144823815,0.9465420941419662,0.9629266626363401,0.9190975330091015,0.779254438040118,0.9373282817449742,0.6325265974641997,0.943969329362602,0.957634672293031,0.9749083016561708,0.927456693905329,0.8520373544312108,0.966098561080864,0.8873561926606552,0.9430665666437779,0.9383011489747517,0.9139952691313757,0.957036832470407,0.9610460931394099,0.9802667360701532,0.9710197814488826,0.9686336985435561,0.5518089871254599,0.9440011640617143,0.8571187564097291,0.9389930955286656
AFG,0.9629696191050069,0.9624620642011648,1.0,0.9569332460655703,0.6877891547814362,0.917505497773431,0.9632445880834499,0.9717818416720878,0.9247185843318542,0.189919829363651,0.950793129585298,0.9317488518067036,0.9747942663538018,0.9475020428149785,0.8976043580073574,0.9403633858960846,0.7739483275094533,0.9371153275468873,0.9205418569826992,0.99010291952712,0.9618827053354081,0.903719110132694,0.8811637244861948,0.47842845841094755,0.9591884812711575,0.9599022565524742,0.9893121386450451,0.9773707913008675,0.7541804911637973,0.9746208253990776,0.9670256799577743,0.9950614868081221,0.9724906995410534,0.8357913454640251,0.9695285021136788,0.9798279430905887,0.9935781810705047,0.9917392630133077,0.9885561218977946,0.5481821908223953,0.9848128032731832,0.9486191608569589,0.9916732725726028
AFL,0.9121605861733562,0.9640604946040663,0.9569332460655703,0.9999999999999999,0.833384100113036,0.9354729006911414,0.9032501384631098,0.9051855699022888,0.8146315360720302,0.24776617559675146,0.9834562587840242,0.8258195258840941,0.9574889132512603,0.9212040322917305,0.8114607164701062,0.856837634015581,0.8969490423075552,0.9926186353882143,0.9699827079109727,0.9504613799769845,0.9217812111791114,0.7823471088969106,0.8994600125007783,0.6559005280408607,0.971521468757509,0.9506919044658735,0.9639083635342635,0.886938457672623,0.8688428619376519,0.9769833246362927,0.8632683998731254,0.9544381573381063,0.9640753533232559,0.9470225545409322,0.9568216601374847,0.9788736194819652,0.9705498541098994,0.948043141036506,0.9536813933384518,0.5654059222418837,0.9473057316562146,0.8524706348331462,0.9456507400036545
AGO,0.6189487986925156,0.8362951405639999,0.6877891547814362,0.833384100113036,1.0,0.8319574738254581,0.5998549577348787,0.5708202574371619,0.418980897361279,0.5565609139153184,0.8737561155322627,0.43154734165212444,0.7564176508037972,0.7753236758569174,0.48544282123260063,0.5690129915257696,0.9659695199753576,0.8763053704723176,0.8634640122847992,0.7013792067714086,0.6512157232286,0.3545434335314599,0.832864578823773,0.9025271724569375,0.7691236486055922,0.7572626272858136,0.7414911972306353,0.5798814579376442,0.9398495488251971,0.7793264562858454,0.5011472537299811,0.6651061325346583,0.722757804330352,0.9543593894511014,0.7468871247985845,0.7419041876868572,0.7483749270508708,0.7043815706130061,0.7177146193910573,0.4940475709292093,0.678071914627946,0.4898862038902956,0.6562617712687512
AIG,0.9303814786940731,0.9469427672274083,0.917505497773431,0.9354729006911414,0.8319574738254581,1.0,0.9068356136047568,0.8650046382617073,0.8108304397554233,0.5031341695085237,0.9682131923227076,0.8153256318584394,0.8824909783804316,0.9417482993881471,0.8423911252308461,0.8463840104564712,0.8553084678370355,0.9576293203395877,0.9657863119538952,0.9474449774250406,0.9415646083666962,0.7677121947459844,0.9752313073597128,0.7503391354914695,0.9714646324730654,0.9722600057627683,0.9088865639466087,0.8708827714308198,0.8430913657914676,0.9581888027156434,0.8252220453048146,0.9000481519499225,0.9581601661779404,0.9013996950153489,0.9691756728211501,0.8980596947643427,0.924435427714348,0.9376877564880368,0.9494652860790183,0.7491731561242149,0.9437856638303517,0.86420248944951,0.9261698698824243
AIZ,0.9880699882120795,0.908083873957313,0.9632445880834499,0.9032501384631098,0.5998549577348787,0.9068356136047568,1.0,0.9829365499285947,0.9747726371165126,0.27163628457555455,0.9017913280897362,0.9769432569329892,0.8875559306444731,0.9371123381489569,0.9350749831986498,0.9654773276823263,0.6572266673191471,0.8907215136695256,0.8671291441542796,0.9836072865830567,0.9859288408299131,0.9552072414126033,0.9021593139467193,0.4593536707725255,0.9551173832636985,0.9723535996794532,0.9248063385920235,0.9672978798912213,0.6386352110087911,0.9371815173467269,0.9651482140756562,0.949565612363923,0.9718162825738456,0.748334437084227,0.9770597030433098,0.9325347390813769,0.9424769486313344,0.9783209565486342,0.981215423488853,0.6806775106985125,0.9893464727852652,0.9817761986868179,0.9739370445006715
ALL,0.9676481059858656,0.9072644714124858,0.9717818416720878,0.9051855699022888,0.5708202574371619,0.8650046382617073,0.9829365499285947,1.0,0.9732096084198031,0.14198731417496763,0.8887015151975213,0.9765321013381699,0.9162906897558087,0.9219293481304492,0.9181153329094642,0.9701341208647825,0.6472813464529104,0.8806694863311735,0.8484051737179225,0.9748528739751204,0.9617012830624507,0.9598212664496627,0.8489256999729125,0.376495387346119,0.930655139880303,0.9440762195561999,0.9435640001336597,0.9788788501781583,0.6265975460490002,0.9272850661734845,0.9851496079771953,0.965951089042961,0.9527164845900418,0.7406979708733741,0.9535471074465144,0.9543666111083543,0.9541361368625569,0.9754311790899056,0.9719480685169278,0.5769896634311906,0.9770407108861101,0.9705208836366395,0.9751497097177177
ANTM,0.9567193039474393,0.8197794259983858,0.9247185843318542,0.8146315360720302,0.418980897361279,0.8108304397554233,0.9747726371165126,0.9732096084198031,1.0,0.12282458107650526,0.8012486368156242,0.9995804673508291,0.8303445823363389,0.8592071364390145,0.9245304964706855,0.9456494975139231,0.5051537628802572,0.7869482002006515,0.7611098245305092,0.9374675355579243,0.9441890925380678,0.9966421312995394,0.7940862549349083,0.2660399990298825,0.8815480882960166,0.9006010166088341,0.8739036160351219,0.9547084388353748,0.48792667522036637,0.8626231907391666,0.9756698980737937,0.9185857595852149,0.9159898767909638,0.6063574760075001,0.9136349046845286,0.8739262017201639,0.8872854638256138,0.9319492537981424,0.9306299837065474,0.6039991928047344,0.9486282851265685,0.9888084813199514,0.9439051247764346
BHF,0.28123968057911747,0.3718514289633803,0.189919829363651,0.24776617559675146,0.5565609139153184,0.5031341695085237,0.27163628457555455,0.14198731417496763,0.12282458107650526,1.0000000000000002,0.38250996967655704,0.11515296598193328,0.15281532656546326,0.45377598849850354,0.24071268373181332,0.2646824180482353,0.37171229609690815,0.3375875889970512,0.3585597922370482,0.2904241446555949,0.31115440677081935,0.05098487225175724,0.610234121521575,0.7024194548487165,0.3382298671837829,0.41193305420219206,0.1842003937693721,0.18998276732064034,0.3699010786914437,0.30169446752444495,0.09494691339409266,0.11731904075170188,0.28521407181482517,0.36583722441340993,0.36500846311577634,0.15569547774965783,0.2183926064914907,0.2870563058277489,0.3078312840146645,0.6185597866945993,0.27316688091307495,0.17389788679941354,0.18810811745259878
CB,0.9071337243565378,0.9864135406269842,0.950793129585298,0.9834562587840242,0.8737561155322627,0.9682131923227076,0.9017913280897362,0.8887015151975213,0.8012486368156242,0.38250996967655704,0.9999999999999999,0.8104320675175258,0.9556055383610282,0.9553618344049694,0.8007802270304255,0.865285820367719,0.9143328925658643,0.9924128999917531,0.9739319306746134,0.9568127986734313,0.920573196821698,0.7599771121898349,0.9467023027175254,0.7113684202970456,0.9670735142254969,0.9633319154357377,0.9641534322463008,0.8913444145909932,0.8887281766090266,0.9716248527921346,0.852799760001363,0.9373798641724258,0.9581281813052751,0.9519719252867125,0.9675694392461689,0.9564715362107157,0.9715621374876015,0.9567449194956043,0.9630165002033377,0.601002595471331,0.9458094055013658,0.8457537926509502,0.9377599952239289
CI,0.9591658988879429,0.8276377527311906,0.9317488518067036,0.8258195258840941,0.43154734165212444,0.8153256318584394,0.9769432569329892,0.9765321013381699,0.9995804673508291,0.11515296598193328,0.8104320675175258,1.0000000000000002,0.8409069285782379,0.862718752989662,0.924371314509343,0.945744763845498,0.5205763470981786,0.7973494904469064,0.7711423439850789,0.9422608900317961,0.9472328026262812,0.9961072657423005,0.7967507873385703,0.27425553549716597,0.888096815004127,0.9046463387036923,0.8829441934110783,0.9577137921303907,0.5026517605305414,0.8706180266529931,0.9783120430778672,0.9266135897962806,0.9220948466159947,0.6201086717848442,0.9183194791847232,0.8833548245125202,0.8955226445564395,0.9368668907620928,0.9355635617880199,0.5982885780842677,0.9531263241510207,0.98978884467589,0.9495367056784545
CINF,0.8844269212121466,0.9712138100390744,0.9747942663538018,0.9574889132512603,0.7564176508037972,0.8824909783804316,0.8875559306444731,0.9162906897558087,0.8303445823363389,0.15281532656546326,0.9556055383610282,0.8409069285782379,1.0000000000000002,0.9249799124426723,0.8006108405865667,0.8853627269087712,0.8459682582978475,0.9392846898831984,0.915923913083966,0.9476180030971879,0.8888412025831379,0.8047444987447153,0.84024810382959,0.5009054664488023,0.9121683665983077,0.9076005433429575,0.9945920723491737,0.9345310570905138,0.8234701004913985,0.9473725659301444,0.9142827477429889,0.9724764789242688,0.9216978400912517,0.8814305642430251,0.9220237069390069,0.9737395250420076,0.9892218788992917,0.9573460318596336,0.9501297512546045,0.41359072138707514,0.9298981434782829,0.8615858806268041,0.9486964805733026
CNA,0.9282999387578311,0.9803843297056549,0.9475020428149785,0.9212040322917305,0.7753236758569174,0.9417482993881471,0.9371123381489569,0.9219293481304492,0.8592071364390145,0.45377598849850354,0.9553618344049694,0.862718752989662,0.9249799124426723,1.0,0.8709302560910733,0.9512865291577516,0.7821479668634571,0.9257570864840408,0.9041054471302267,0.9664414866873541,0.9384049801276714,0.8173799470004877,0.9621162337375158,0.5972240157728286,0.9341586814226573,0.9712006609818636,0.9402731169558051,0.9439309654829245,0.7673036134372555,0.9459304763574679,0.9044014732035432,0.916027669002452,0.9301848027115766,0.8451316711953963,0.9618603869487558,0.9340513357207818,0.9553158458112264,0.9747265803482654,0.9718633295891137,0.627797223719521,0.9491030392938292,0.8845543270154745,0.928864692178665
CNFR,0.9617455010452745,0.8272013704850235,0.8976043580073574,0.8114607164701062,0.48544282123260063,0.8423911252308461,0.9350749831986498,0.9181153329094642,0.9245304964706855,0.24071268373181332,0.8007802270304255,0.924371314509343,0.8006108405865667,0.8709302560910733,0.9999999999999999,0.9131279292025278,0.5463690212739074,0.7868767278075459,0.8231518679018722,0.916903723525871,0.9586179343688351,0.9114015172513922,0.8241205617800653,0.3860738001892851,0.8869637631204713,0.9033326941957884,0.832029039724702,0.931049853000786,0.5822169711072258,0.8905077745515915,0.9154848428837393,0.8919124844343076,0.8948688050270491,0.6526619434968236,0.8898128474480813,0.8648536688754382,0.858395182379229,0.9096686850072563,0.9007915532155809,0.7331263675641392,0.9204437117391396,0.9521475154955453,0.9191993529251266
ERIE,0.9379319240659602,0.906751532903521,0.9403633858960846,0.856837634015581,0.5690129915257696,0.8463840104564712,0.9654773276823263,0.9701341208647825,0.9456494975139231,0.2646824180482353,0.865285820367719,0.945744763845498,0.8853627269087712,0.9512865291577516,0.9131279292025278,0.9999999999999999,0.6037514129266319,0.8375682073522741,0.8012988335470707,0.9546139064488399,0.9384798974692758,0.9231106971503946,0.8703485963100516,0.3704946769264205,0.8858117770805882,0.9307969687404086,0.908814863302245,0.9777214330411315,0.5953513272322327,0.8904129345120733,0.9688009697690111,0.9154162691432439,0.9040821518546812,0.6997931537793174,0.928595763716064,0.920056813527874,0.9269742234671261,0.9632186805141667,0.9542550185485111,0.5784778904754229,0.9442207132019844,0.9397108027167926,0.9311153425802222
ESNT,0.6836422251619181,0.8715871811669434,0.7739483275094533,0.8969490423075552,0.9659695199753576,0.8553084678370355,0.6572266673191471,0.6472813464529104,0.5051537628802572,0.37171229609690815,0.9143328925658643,0.5205763470981786,0.8459682582978475,0.7821479668634571,0.5463690212739074,0.6037514129266319,1.0,0.9217616405382288,0.9189858355407795,0.764542048886943,0.7095445471490316,0.45507942016821645,0.8095111960186784,0.8337462901499026,0.8226067403086594,0.7859461014710204,0.8278606115165476,0.6565315166011179,0.9783138304732585,0.8404308765205811,0.594634891593182,0.7717203731171878,0.7920793366710167,0.9844057305992316,0.7921364349049904,0.8183914329387119,0.8263141915627585,0.7639172604809438,0.7745760404156973,0.45033545781114964,0.7453753007358423,0.5815495359535447,0.749679101277156
GL,0.9004120988419916,0.9651966144823815,0.9371153275468873,0.9926186353882143,0.8763053704723176,0.9576293203395877,0.8907215136695256,0.8806694863311735,0.7869482002006515,0.3375875889970512,0.9924128999917531,0.7973494904469064,0.9392846898831984,0.9257570864840408,0.7868767278075459,0.8375682073522741,0.9217616405382288,1.0,0.9789817628036085,0.9421060871834656,0.9132889797145176,0.7480391162329038,0.9287504339676894,0.7283768686116032,0.972303404652397,0.9549763187265695,0.9488457574111078,0.8630382671729818,0.89256104354226,0.969143106078152,0.8297840643274708,0.9303273001718204,0.9600217418635252,0.9652810800126225,0.9600587748544748,0.9578374171826879,0.957291352904751,0.9380112815640703,0.9476328388993215,0.611838654653755,0.9378157752424293,0.8300811251177607,0.9292667183111352
GNW,0.9034248573448318,0.9465420941419662,0.9205418569826992,0.9699827079109727,0.8634640122847992,0.9657863119538952,0.8671291441542796,0.8484051737179225,0.7611098245305092,0.3585597922370482,0.9739319306746134,0.7711423439850789,0.915923913083966,0.9041054471302267,0.8231518679018722,0.8012988335470707,0.9189858355407795,0.9789817628036085,1.0000000000000002,0.9270420611756768,0.9174898993448333,0.7230163317868545,0.9169603253574773,0.7551100202588419,0.9657185296023191,0.9403982873045723,0.9233116527418832,0.8498349827373742,0.919408067528918,0.9707061614465262,0.8036604970888662,0.9210325213268902,0.9481247830668974,0.9578366255681456,0.9398090146105387,0.9333168127263367,0.9350285118372076,0.9184424225989805,0.9252459121177855,0.674058955396444,0.9216337245861075,0.8277455793009605,0.923231257394277
HIG,0.981827689000369,0.9629266626363401,0.99010291952712,0.9504613799769845,0.7013792067714086,0.9474449774250406,0.9836072865830567,0.9748528739751204,0.9374675355579243,0.2904241446555949,0.9568127986734313,0.9422608900317961,0.9476180030971879,0.9664414866873541,0.916903723525871,0.9546139064488399,0.764542048886943,0.9421060871834656,0.9270420611756768,1.0,0.9845819778265269,0.911464520393951,0.9272473933811888,0.5362191508320084,0.9748052779191182,0.9845474250145644,0.9717200405162251,0.9762911258122999,0.7503128937527235,0.9729700743647217,0.9593178838623408,0.9787257050958853,0.9851416910790538,0.8349436952162437,0.9908457233644363,0.96748136589971,0.9833299085995921,0.9980659568583157,0.9988502868050325,0.6435635971119321,0.9962157304365146,0.9615967184147759,0.9915067579743115
HRTG,0.9971423828485576,0.9190975330091015,0.9618827053354081,0.9217812111791114,0.6512157232286,0.9415646083666962,0.9859288408299131,0.9617012830624507,0.9441890925380678,0.31115440677081935,0.920573196821698,0.9472328026262812,0.8888412025831379,0.9384049801276714,0.9586179343688351,0.9384798974692758,0.7095445471490316,0.9132889797145176,0.9174898993448333,0.9845819778265269,0.9999999999999998,0.9209892751010167,0.9216897397390986,0.5430395465769443,0.9748736651906491,0.9810363003038709,0.9220587293890025,0.9557932966139481,0.7122127140103457,0.9603083281748783,0.9387112636606062,0.9532729346440192,0.9815170158685156,0.7963670468911733,0.9807223924460337,0.9383292844652626,0.943053012848816,0.9751936774979003,0.9780361185063212,0.7430139663923616,0.9887373846332269,0.9730252522272933,0.9792192394199623
HUM,0.9368452890652095,0.779254438040118,0.903719110132694,0.7823471088969106,0.3545434335314599,0.7677121947459844,0.9552072414126033,0.9598212664496627,0.9966421312995394,0.05098487225175724,0.7599771121898349,0.9961072657423005,0.8047444987447153,0.8173799470004877,0.9114015172513922,0.9231106971503946,0.45507942016821645,0.7480391162329038,0.7230163317868545,0.911464520393951,0.9209892751010167,1.0,0.7430882647404776,0.1998292669477688,0.8509206777193152,0.8656301734899164,0.8490595400367573,0.9377577929903499,0.43902649778786634,0.8318994914885127,0.9676312514053927,0.9029026248627898,0.8908581464322224,0.5585620112116718,0.8821429972392802,0.8498435477622474,0.8607401842375163,0.9049870430757841,0.9025642713761775,0.5696795697368844,0.9255903909315054,0.9808090295323237,0.9262375482341616
L,0.904903671945802,0.9373282817449742,0.8811637244861948,0.8994600125007783,0.832864578823773,0.9752313073597128,0.9021593139467193,0.8489256999729125,0.7940862549349083,0.610234121521575,0.9467023027175254,0.7967507873385703,0.84024810382959,0.9621162337375158,0.8241205617800653,0.8703485963100516,0.8095111960186784,0.9287504339676894,0.9169603253574773,0.9272473933811888,0.9216897397390986,0.7430882647404776,1.0000000000000002,0.7566309956672476,0.9403504530702003,0.9682379018400827,0.8692486077259252,0.8552206495407074,0.7940585158873499,0.9204830068696388,0.8032439715396659,0.8463032948584615,0.9230012081240012,0.8670927600855485,0.9555902833660116,0.8692236149676766,0.8925011223237875,0.9232673128457535,0.9342753925718772,0.7675437905652994,0.9187592392898294,0.833365604804685,0.8807990194560333
LMND,0.5016716139450215,0.6325265974641997,0.47842845841094755,0.6559005280408607,0.9025271724569375,0.7503391354914695,0.4593536707725255,0.376495387346119,0.2660399990298825,0.7024194548487165,0.7113684202970456,0.27425553549716597,0.5009054664488023,0.5972240157728286,0.3860738001892851,0.3704946769264205,0.8337462901499026,0.7283768686116032,0.7551100202588419,0.5362191508320084,0.5430395465769443,0.1998292669477688,0.7566309956672476,1.0000000000000002,0.6541347350206814,0.6324656782991271,0.5069454574784006,0.3721854369540423,0.8411861856945002,0.6155587118333133,0.27960245733011585,0.4590021693101787,0.5961713581030214,0.8244621607122697,0.6164507442233776,0.5297778170977832,0.5323603884032216,0.5187055873442714,0.5463986110375507,0.6832834886814189,0.5264836121359229,0.3565735664281793,0.488860614203967
LNC,0.9709920940537217,0.943969329362602,0.9591884812711575,0.971521468757509,0.7691236486055922,0.9714646324730654,0.9551173832636985,0.930655139880303,0.8815480882960166,0.3382298671837829,0.9670735142254969,0.888096815004127,0.9121683665983077,0.9341586814226573,0.8869637631204713,0.8858117770805882,0.8226067403086594,0.972303404652397,0.9657185296023191,0.9748052779191182,0.9748736651906491,0.8509206777193152,0.9403504530702003,0.6541347350206814,1.0,0.9882307850326121,0.9395332560722407,0.9087805600557619,0.7990072993663861,0.9861103122678045,0.8882669979763675,0.9524789570265478,0.9950311589730836,0.8890847027813972,0.9890686840451709,0.951569809270052,0.9547200517268545,0.9641813508286691,0.9745178428465743,0.7130887530414987,0.982050073607681,0.9183847523479062,0.9679673512310238
MET,0.9759905362571757,0.957634672293031,0.9599022565524742,0.9506919044658735,0.7572626272858136,0.9722600057627683,0.9723535996794532,0.9440762195561999,0.9006010166088341,0.41193305420219206,0.9633319154357377,0.9046463387036923,0.9076005433429575,0.9712006609818636,0.9033326941957884,0.9307969687404086,0.7859461014710204,0.9549763187265695,0.9403982873045723,0.9845474250145644,0.9810363003038709,0.8656301734899164,0.9682379018400827,0.6324656782991271,0.9882307850326121,0.9999999999999999,0.937262993963269,0.9337018503839853,0.7633177246656087,0.9760624410431638,0.9084428365345146,0.9406968553983218,0.9846747036526949,0.8588891892370141,0.9953943099302675,0.9443356594672092,0.9555884841854225,0.9793531845792008,0.9865178338073737,0.7231762695093262,0.9857335096940093,0.928661297937414,0.9626779998560056
MKL,0.9201491002729716,0.9749083016561708,0.9893121386450451,0.9639083635342635,0.7414911972306353,0.9088865639466087,0.9248063385920235,0.9435640001336597,0.8739036160351219,0.1842003937693721,0.9641534322463008,0.8829441934110783,0.9945920723491737,0.9402731169558051,0.832029039724702,0.908814863302245,0.8278606115165476,0.9488457574111078,0.9233116527418832,0.9717200405162251,0.9220587293890025,0.8490595400367573,0.8692486077259252,0.5069454574784006,0.9395332560722407,0.937262993963269,0.9999999999999999,0.9528781558917897,0.80022978845509,0.9619276610809465,0.9372726023917302,0.984963949945175,0.9513017320132059,0.8716136562565098,0.9521898559043624,0.9775452308656489,0.9969318212066748,0.977589806815462,0.9740880406214725,0.4731952415306838,0.9598481611092244,0.9005218629341698,0.9717010968233326
MMC,0.9573111578643966,0.927456693905329,0.9773707913008675,0.886938457672623,0.5798814579376442,0.8708827714308198,0.9672978798912213,0.9788788501781583,0.9547084388353748,0.18998276732064034,0.8913444145909932,0.9577137921303907,0.9345310570905138,0.9439309654829245,0.931049853000786,0.9777214330411315,0.6565315166011179,0.8630382671729818,0.8498349827373742,0.9762911258122999,0.9557932966139481,0.9377577929903499,0.8552206495407074,0.3721854369540423,0.9087805600557619,0.9337018503839853,0.9528781558917897,0.9999999999999999,0.6570591533274701,0.9249405946859747,0.99020943496116,0.9662728139664268,0.9313988568025592,0.7351675537097891,0.9404456769391975,0.9451115609094762,0.9623132090062748,0.9819545195986238,0.9713841169225497,0.554469052894407,0.9652236808570058,0.9668587858925233,0.9725565045339923
MTG,0.6782913723046172,0.8520373544312108,0.7541804911637973,0.8688428619376519,0.9398495488251971,0.8430913657914676,0.6386352110087911,0.6265975460490002,0.48792667522036637,0.3699010786914437,0.8887281766090266,0.5026517605305414,0.8234701004913985,0.7673036134372555,0.5822169711072258,0.5953513272322327,0.9783138304732585,0.89256104354226,0.919408067528918,0.7503128937527235,0.7122127140103457,0.43902649778786634,0.7940585158873499,0.8411861856945002,0.7990072993663861,0.7633177246656087,0.80022978845509,0.6570591533274701,1.0,0.819432436855026,0.5804419713013428,0.7570333205979977,0.7676987434860445,0.968764326356982,0.7672049198697627,0.8056470517303745,0.8055462241188194,0.7481129357382367,0.752651535340125,0.4993317332974829,0.7234416405802135,0.5794931630642806,0.7400151840001229
PFG,0.9586870474643897,0.966098561080864,0.9746208253990776,0.9769833246362927,0.7793264562858454,0.9581888027156434,0.9371815173467269,0.9272850661734845,0.8626231907391666,0.30169446752444495,0.9716248527921346,0.8706180266529931,0.9473725659301444,0.9459304763574679,0.8905077745515915,0.8904129345120733,0.8404308765205811,0.969143106078152,0.9707061614465262,0.9729700743647217,0.9603083281748783,0.8318994914885127,0.9204830068696388,0.6155587118333133,0.9861103122678045,0.9760624410431638,0.9619276610809465,0.9249405946859747,0.819432436855026,1.0,0.8999168792763736,0.9680812151999817,0.9789581549897456,0.8977121321219662,0.9721691029304215,0.9667241263651849,0.9717513603111917,0.9694006560645312,0.9721917913655733,0.6368115219704908,0.9728416214477658,0.904758887618912,0.9680215890854595
PGR,0.9475695548172763,0.8873561926606552,0.9670256799577743,0.8632683998731254,0.5011472537299811,0.8252220453048146,0.9651482140756562,0.9851496079771953,0.9756698980737937,0.09494691339409266,0.852799760001363,0.9783120430778672,0.9142827477429889,0.9044014732035432,0.9154848428837393,0.9688009697690111,0.594634891593182,0.8297840643274708,0.8036604970888662,0.9593178838623408,0.9387112636606062,0.9676312514053927,0.8032439715396659,0.27960245733011585,0.8882669979763675,0.9084428365345146,0.9372726023917302,0.99020943496116,0.5804419713013428,0.8999168792763736,1.0000000000000002,0.9606611655360986,0.9195860201646706,0.6791706848106666,0.9207084424267427,0.9292398766503658,0.9438131216634815,0.9638795555963838,0.9544159813631149,0.5045973113729566,0.9562059279527407,0.9734084163844349,0.9644066200398319
PRI,0.9558308519949177,0.9430665666437779,0.9950614868081221,0.9544381573381063,0.6651061325346583,0.9000481519499225,0.949565612363923,0.965951089042961,0.9185857595852149,0.11731904075170188,0.9373798641724258,0.9266135897962806,0.9724764789242688,0.916027669002452,0.8919124844343076,0.9154162691432439,0.7717203731171878,0.9303273001718204,0.9210325213268902,0.9787257050958853,0.9532729346440192,0.9029026248627898,0.8463032948584615,0.4590021693101787,0.9524789570265478,0.9406968553983218,0.984963949945175,0.9662728139664268,0.7570333205979977,0.9680812151999817,0.9606611655360986,1.0,0.9684069501738235,0.8323453145243898,0.9550973208058346,0.978859950943701,0.9872373463928246,0.9778688338492254,0.9743543046764785,0.5320471260805487,0.9761344240673755,0.945862185960746,0.9923663020199792
PRU,0.9799858594673714,0.9383011489747517,0.9724906995410534,0.9640753533232559,0.722757804330352,0.9581601661779404,0.9718162825738456,0.9527164845900418,0.9159898767909638,0.28521407181482517,0.9581281813052751,0.9220948466159947,0.9216978400912517,0.9301848027115766,0.8948688050270491,0.9040821518546812,0.7920793366710167,0.9600217418635252,0.9481247830668974,0.9851416910790538,0.9815170158685156,0.8908581464322224,0.9230012081240012,0.5961713581030214,0.9950311589730836,0.9846747036526949,0.9513017320132059,0.9313988568025592,0.7676987434860445,0.9789581549897456,0.9195860201646706,0.9684069501738235,0.9999999999999998,0.8602748242246769,0.9924762360993878,0.956175333114445,0.9644406586143055,0.974745206438926,0.9839449749244662,0.6880415895319815,0.992792008209221,0.9461375797725543,0.9837941398741071
RDN,0.7720606586395529,0.9139952691313757,0.8357913454640251,0.9470225545409322,0.9543593894511014,0.9013996950153489,0.748334437084227,0.7406979708733741,0.6063574760075001,0.36583722441340993,0.9519719252867125,0.6201086717848442,0.8814305642430251,0.8451316711953963,0.6526619434968236,0.6997931537793174,0.9844057305992316,0.9652810800126225,0.9578366255681456,0.8349436952162437,0.7963670468911733,0.5585620112116718,0.8670927600855485,0.8244621607122697,0.8890847027813972,0.8588891892370141,0.8716136562565098,0.7351675537097891,0.968764326356982,0.8977121321219662,0.6791706848106666,0.8323453145243898,0.8602748242246769,1.0,0.8605898480475341,0.8867680398819882,0.8779817757370653,0.8327461455179842,0.8421971864227368,0.5411938093017745,0.8205638282535821,0.67167063316272,0.8189142923442937
RGA,0.9758294314974181,0.957036832470407,0.9695285021136788,0.9568216601374847,0.7468871247985845,0.9691756728211501,0.9770597030433098,0.9535471074465144,0.9136349046845286,0.36500846311577634,0.9675694392461689,0.9183194791847232,0.9220237069390069,0.9618603869487558,0.8898128474480813,0.928595763716064,0.7921364349049904,0.9600587748544748,0.9398090146105387,0.9908457233644363,0.9807223924460337,0.8821429972392802,0.9555902833660116,0.6164507442233776,0.9890686840451709,0.9953943099302675,0.9521898559043624,0.9404456769391975,0.7672049198697627,0.9721691029304215,0.9207084424267427,0.9550973208058346,0.9924762360993878,0.8605898480475341,1.0,0.9515278512238737,0.9668803507834475,0.9846203870675914,0.9927822111453831,0.6970829963281172,0.9922972364328064,0.9396736898114568,0.9755838826829416
RLI,0.9318068459779816,0.9610460931394099,0.9798279430905887,0.9788736194819652,0.7419041876868572,0.8980596947643427,0.9325347390813769,0.9543666111083543,0.8739262017201639,0.15569547774965783,0.9564715362107157,0.8833548245125202,0.9737395250420076,0.9340513357207818,0.8648536688754382,0.920056813527874,0.8183914329387119,0.9578374171826879,0.9333168127263367,0.96748136589971,0.9383292844652626,0.8498435477622474,0.8692236149676766,0.5297778170977832,0.951569809270052,0.9443356594672092,0.9775452308656489,0.9451115609094762,0.8056470517303745,0.9667241263651849,0.9292398766503658,0.978859950943701,0.956175333114445,0.8867680398819882,0.9515278512238737,0.9999999999999998,0.9855893486868273,0.9706297400132009,0.9666819055292251,0.5310164212183776,0.9594251346287191,0.8981290628365418,0.967128337799452
SAFT,0.9386984953757965,0.9802667360701532,0.9935781810705047,0.9705498541098994,0.7483749270508708,0.924435427714348,0.9424769486313344,0.9541361368625569,0.8872854638256138,0.2183926064914907,0.9715621374876015,0.8955226445564395,0.9892218788992917,0.9553158458112264,0.858395182379229,0.9269742234671261,0.8263141915627585,0.957291352904751,0.9350285118372076,0.9833299085995921,0.943053012848816,0.8607401842375163,0.8925011223237875,0.5323603884032216,0.9547200517268545,0.9555884841854225,0.9969318212066748,0.9623132090062748,0.8055462241188194,0.9717513603111917,0.9438131216634815,0.9872373463928246,0.9644406586143055,0.8779817757370653,0.9668803507834475,0.9855893486868273,1.0,0.987511742802232,0.984748072265779,0.5249098778371848,0.9722410141601164,0.9154843373061065,0.979543506820736
SIGI,0.9723748054605416,0.9710197814488826,0.9917392630133077,0.948043141036506,0.7043815706130061,0.9376877564880368,0.9783209565486342,0.9754311790899056,0.9319492537981424,0.2870563058277489,0.9567449194956043,0.9368668907620928,0.9573460318596336,0.9747265803482654,0.9096686850072563,0.9632186805141667,0.7639172604809438,0.9380112815640703,0.9184424225989805,0.9980659568583157,0.9751936774979003,0.9049870430757841,0.9232673128457535,0.5187055873442714,0.9641813508286691,0.9793531845792008,0.977589806815462,0.9819545195986238,0.7481129357382367,0.9694006560645312,0.9638795555963838,0.9778688338492254,0.974745206438926,0.8327461455179842,0.9846203870675914,0.9706297400132009,0.987511742802232,1.0,0.9981158994672459,0.610240349625306,0.9905816881858809,0.9532710754631808,0.9864775179989915
TRV,0.9751196250056141,0.9686336985435561,0.9885561218977946,0.9536813933384518,0.7177146193910573,0.9494652860790183,0.981215423488853,0.9719480685169278,0.9306299837065474,0.3078312840146645,0.9630165002033377,0.9355635617880199,0.9501297512546045,0.9718633295891137,0.9007915532155809,0.9542550185485111,0.7745760404156973,0.9476328388993215,0.9252459121177855,0.9988502868050325,0.9780361185063212,0.9025642713761775,0.9342753925718772,0.5463986110375507,0.9745178428465743,0.9865178338073737,0.9740880406214725,0.9713841169225497,0.752651535340125,0.9721917913655733,0.9544159813631149,0.9743543046764785,0.9839449749244662,0.8421971864227368,0.9927822111453831,0.9666819055292251,0.984748072265779,0.9981158994672459,1.0,0.6318845811847722,0.9946429495846489,0.9522635465517441,0.9863858323199404
UNAM,0.727220898758396,0.5518089871254599,0.5481821908223953,0.5654059222418837,0.4940475709292093,0.7491731561242149,0.6806775106985125,0.5769896634311906,0.6039991928047344,0.6185597866945993,0.601002595471331,0.5982885780842677,0.41359072138707514,0.627797223719521,0.7331263675641392,0.5784778904754229,0.45033545781114964,0.611838654653755,0.674058955396444,0.6435635971119321,0.7430139663923616,0.5696795697368844,0.7675437905652994,0.6832834886814189,0.7130887530414987,0.7231762695093262,0.4731952415306838,0.554469052894407,0.4993317332974829,0.6368115219704908,0.5045973113729566,0.5320471260805487,0.6880415895319815,0.5411938093017745,0.6970829963281172,0.5310164212183776,0.5249098778371848,0.610240349625306,0.6318845811847722,1.0,0.6634938076708149,0.656455753967595,0.6159381332507786
UNM,0.9897351585805017,0.9440011640617143,0.9848128032731832,0.9473057316562146,0.678071914627946,0.9437856638303517,0.9893464727852652,0.9770407108861101,0.9486282851265685,0.27316688091307495,0.9458094055013658,0.9531263241510207,0.9298981434782829,0.9491030392938292,0.9204437117391396,0.9442207132019844,0.7453753007358423,0.9378157752424293,0.9216337245861075,0.9962157304365146,0.9887373846332269,0.9255903909315054,0.9187592392898294,0.5264836121359229,0.982050073607681,0.9857335096940093,0.9598481611092244,0.9652236808570058,0.7234416405802135,0.9728416214477658,0.9562059279527407,0.9761344240673755,0.992792008209221,0.8205638282535821,0.9922972364328064,0.9594251346287191,0.9722410141601164,0.9905816881858809,0.9946429495846489,0.6634938076708149,1.0,0.9695038449508491,0.991819489321266
UVE,0.9805996744260886,0.8571187564097291,0.9486191608569589,0.8524706348331462,0.4898862038902956,0.86420248944951,0.9817761986868179,0.9705208836366395,0.9888084813199514,0.17389788679941354,0.8457537926509502,0.98978884467589,0.8615858806268041,0.8845543270154745,0.9521475154955453,0.9397108027167926,0.5815495359535447,0.8300811251177607,0.8277455793009605,0.9615967184147759,0.9730252522272933,0.9808090295323237,0.833365604804685,0.3565735664281793,0.9183847523479062,0.928661297937414,0.9005218629341698,0.9668587858925233,0.5794931630642806,0.904758887618912,0.9734084163844349,0.945862185960746,0.9461375797725543,0.67167063316272,0.9396736898114568,0.8981290628365418,0.9154843373061065,0.9532710754631808,0.9522635465517441,0.656455753967595,0.9695038449508491,1.0,0.9705858333514109
WRB,0.9805173976199905,0.9389930955286656,0.9916732725726028,0.9456507400036545,0.6562617712687512,0.9261698698824243,0.9739370445006715,0.9751497097177177,0.9439051247764346,0.18810811745259878,0.9377599952239289,0.9495367056784545,0.9486964805733026,0.928864692178665,0.9191993529251266,0.9311153425802222,0.749679101277156,0.9292667183111352,0.923231257394277,0.9915067579743115,0.9792192394199623,0.9262375482341616,0.8807990194560333,0.488860614203967,0.9679673512310238,0.9626779998560056,0.9717010968233326,0.9725565045339923,0.7400151840001229,0.9680215890854595,0.9644066200398319,0.9923663020199792,0.9837941398741071,0.8189142923442937,0.9755838826829416,0.967128337799452,0.979543506820736,0.9864775179989915,0.9863858323199404,0.6159381332507786,0.991819489321266,0.9705858333514109,0.9999999999999998
