Ticker,AAME,AFG,AFL,AGO,AIG,AIZ,ALL,ANTM,BHF,CB,CI,CINF,CNA,CNFR,ERIE,ESNT,GL,GNW,HIG,HRTG,HUM,L,LMND,LNC,MET,MKL,MMC,MTG,PFG,PGR,PRI,PRU,RDN,RGA,RLI,SAFT,SIGI,TRV,UNAM,UNM,UVE,WRB
AAME,1.0,0.9836914492765875,0.9405727494574325,0.747260592814592,0.9673216401572049,0.9915639178378526,0.9738981442538833,0.99613056212502,0.059981460869798,0.959913352456604,0.9946269130149554,0.8671880953593141,0.9217768125963097,0.9907508517602499,0.9436834317985486,0.7947602613153066,0.9685277151229845,0.968992795155185,0.9873342530863874,0.9903695280842733,0.9937346204338249,0.9251575871116832,0.3425376275179006,0.9948854151156563,0.9846259637617131,0.9169871824020324,0.9604345775735595,0.7539055510446105,0.96265921634892,0.9655328394027086,0.9462745239338286,0.984169187250299,0.8700677654589907,0.9878526684228367,0.925625347329133,0.9394300424959624,0.972810667246207,0.9803616193254814,0.6259963920533259,0.9911031790892767,0.9957251690461808,0.9808626227965841
AFG,0.9836914492765875,1.0000000000000002,0.9702165301321803,0.7964980584676836,0.9409261554779145,0.9881524524892146,0.9890648172352932,0.9902771860173081,-0.010075630516804865,0.9924265562560931,0.9898400854881473,0.9252853374788784,0.9397732213975706,0.9675051230020361,0.9633146539320193,0.8619950562012012,0.9845715298246515,0.9614436670598737,0.9951498398394202,0.9817619097532185,0.9884908361823226,0.90774131251975,0.19226548569781002,0.9828295229870101,0.9883778853339472,0.9631304247849627,0.9845837121558434,0.8068599820142419,0.9918238329381622,0.9890506008143517,0.9800859508759718,0.9684837798728977,0.900701597447964,0.9899540640167656,0.9586219368290879,0.9747317057298531,0.9948127246098786,0.9976365571305564,0.5295937842541785,0.9868743956224388,0.9886949847350286,0.9889502235672295
AFL,0.9405727494574325,0.9702165301321803,1.0,0.792825348057531,0.8459202588568422,0.9490331500910882,0.9811523760180726,0.9551641534841223,-0.20244596903337922,0.9709639187551722,0.9589812349055394,0.9438304553048443,0.8893730231203635,0.920288413562996,0.9332584548227426,0.9012349674238107,0.9918473220926226,0.9439330438461966,0.9616984470884735,0.9367197241307201,0.9599238030614626,0.8151206769788988,0.04978966417620541,0.956148759958676,0.9618142130077967,0.9649709179554447,0.9552537744209438,0.8314326983974804,0.9725242781826257,0.973397776520369,0.9811049441729907,0.944247232257634,0.9404897701415009,0.9456422834897825,0.9911134997126209,0.9718223149911448,0.9640141943059501,0.9626402921330257,0.39862438356167396,0.9563828286914573,0.943354680568272,0.9685658775367126
AGO,0.747260592814592,0.7964980584676836,0.792825348057531,0.9999999999999998,0.7139634727726089,0.7803554814482799,0.8182755717230955,0.7519848744954958,0.15656362270900534,0.8503652265832115,0.7511325356568661,0.8376192615658519,0.9278771119432562,0.7826220547265592,0.9088136587456264,0.7802257101289748,0.8060779545813751,0.7485791448843788,0.8200390218463619,0.7513512533975358,0.7289698217354996,0.8144899917906682,0.11793118326269744,0.7282450302303802,0.8314924838708371,0.8279461177312339,0.8685546007930106,0.7444493343132905,0.7863679892970116,0.8336743753210434,0.7679869253022781,0.7103413750569603,0.8240486311191878,0.7774713222015811,0.8405081168128672,0.8417732219108479,0.8508366664439618,0.8264917812542613,0.2656105410357707,0.7715432349899857,0.7292834241631757,0.7605308434822502
AIG,0.9673216401572049,0.9409261554779145,0.8459202588568422,0.7139634727726089,1.0,0.9549970652508573,0.9133281293750435,0.9547958144467563,0.253980094582844,0.9133954558120506,0.9477205785872171,0.7809081420858173,0.9096092370314871,0.9629730418575342,0.9120375951152545,0.6934329369407989,0.8918832967735574,0.9072242497107419,0.9469376424107813,0.9636404350394964,0.9446269633049412,0.9581714935688611,0.4570688990133247,0.9464463248637172,0.9404872921338159,0.8451733171987488,0.9188901139764752,0.6712853904706098,0.9132313744311894,0.9077455136464985,0.871852729870089,0.9284089914697637,0.7734230602493055,0.9611530562476657,0.8278369173186371,0.8699024045583732,0.9331943415662238,0.9445708945682274,0.7125588506164905,0.944706973763753,0.9611637096396591,0.9256764265448744
AIZ,0.9915639178378526,0.9881524524892146,0.9490331500910882,0.7803554814482799,0.9549970652508573,0.9999999999999999,0.9818166684287372,0.9931384688190845,0.07888100690373553,0.9734960030069895,0.9910452774870638,0.8689228009322661,0.9383565896545542,0.9783068677406747,0.9653374768300839,0.7903959673088959,0.9721355033428931,0.9439938516816795,0.9859835001500536,0.9922673252849881,0.9881021729508493,0.9416638453337592,0.30962639678986376,0.989398565438912,0.9917649126013199,0.9188531311156641,0.9626567265896101,0.73768101008047,0.97641952392373,0.9665008938021085,0.9447423683142819,0.9688761312804686,0.8682925500937703,0.9967447489377879,0.9327278405457067,0.9404740987518886,0.9815754413661386,0.9893767995896245,0.6215728453228745,0.98408422995723,0.9868837724511399,0.9686268900802444
ALL,0.9738981442538833,0.9890648172352932,0.9811523760180726,0.8182755717230955,0.9133281293750435,0.9818166684287372,1.0000000000000002,0.9825275121038926,-0.05318456323831595,0.9859414810559475,0.9827408448067645,0.9247688421480648,0.9360451821281949,0.957968873087444,0.9669053724149729,0.8581436383379584,0.9945263478683656,0.9566956345046544,0.9860948945118905,0.9696699321006089,0.9809156590208444,0.8926623545659998,0.18042864901969619,0.9791282514912472,0.9907478568798137,0.9587213096773619,0.9752852982353234,0.7952564684905933,0.98372453811155,0.984156562398156,0.9732702304518454,0.9630879654389587,0.9181504428836261,0.980716317906918,0.9761297780911227,0.9716935244808396,0.9872868371433647,0.9885506156261528,0.5099428951050395,0.98037812356635,0.9705786639949524,0.9789481810958648
ANTM,0.99613056212502,0.9902771860173081,0.9551641534841223,0.7519848744954958,0.9547958144467563,0.9931384688190845,0.9825275121038926,0.9999999999999999,0.024732218010081894,0.969623055817512,0.9995497459010384,0.8889144845253345,0.9251866305974652,0.9780236143051536,0.9459230503963887,0.8048596897289937,0.9796179683130405,0.9642280946640912,0.9907170714142631,0.9841624878444721,0.9986294026396979,0.9148543062001553,0.27847729706680213,0.9978211915638404,0.9901527915127751,0.9358252190395281,0.9637949699940588,0.7467043404237578,0.9715141463202351,0.9764703459806394,0.957957864891572,0.9891529731402812,0.8656684460805056,0.9894012688526508,0.9386489967420519,0.953940305294927,0.979323455834152,0.9867112336004261,0.5787133894952212,0.9963917788041002,0.9949461024447748,0.9850416932933642
BHF,0.059981460869798,-0.010075630516804865,-0.20244596903337922,0.15656362270900534,0.253980094582844,0.07888100690373553,-0.05318456323831595,0.024732218010081894,1.0,-0.013589312638591387,0.006007150527818912,-0.21778578215135264,0.21638539545600918,0.10757740127357861,0.12393227066604079,-0.3471799413222188,-0.11563560698604396,-0.09529956583925976,0.02629639166224406,0.07664342104497239,-0.020876932174266893,0.392069312465708,0.7071252788897092,-0.001238304769068329,0.05477936881488521,-0.15787651350371065,0.008992635144782221,-0.3037876224257334,-0.05782171195271389,-0.05283044060170393,-0.1906199547675105,-0.029442378252106625,-0.24192253866343663,0.08144953670734718,-0.20084723513356853,-0.11374285181560598,0.027881339281359573,0.03946147143005229,0.4843239654459739,0.011615352444773195,0.02584398370504834,-0.0878691160397275
CB,0.959913352456604,0.9924265562560931,0.9709639187551722,0.8503652265832115,0.9133954558120506,0.9734960030069895,0.9859414810559475,0.969623055817512,-0.013589312638591387,1.0000000000000002,0.9690363774486153,0.9443526809261287,0.9555395314199107,0.947489278633405,0.9762554298916342,0.8872662821709706,0.9795834458458315,0.9419479084683295,0.987028215431734,0.9639147867247023,0.9652984736859099,0.9017678783549925,0.12968358815552075,0.9577413342522372,0.9816949264215977,0.9731142814679224,0.9897652346637982,0.8293774345979977,0.9911426504705034,0.9883508600519024,0.9780727715113345,0.9388007713684771,0.915453767288996,0.9781484645085363,0.9666387542958664,0.9807214120455564,0.9973393184562546,0.995072195497126,0.4747815537935127,0.9682232469303745,0.9654191911205668,0.974187139951694
CI,0.9946269130149554,0.9898400854881473,0.9589812349055394,0.7511325356568661,0.9477205785872171,0.9910452774870638,0.9827408448067645,0.9995497459010384,0.006007150527818912,0.9690363774486153,1.0,0.8956599121538479,0.9226543457907945,0.9763489677073363,0.9426690960376629,0.8120500435517161,0.9820827606733676,0.9673823385426744,0.9908492405520115,0.9806189116128851,0.9990375778853361,0.9063580973492897,0.26456414921243837,0.997721893634601,0.9894684855802183,0.9404603186653064,0.9642977590730025,0.7521378126457546,0.970199498261565,0.9786940652047466,0.961032425344445,0.9916002237555628,0.8691976191065218,0.9859524845962218,0.9432289936921079,0.9578535225804394,0.9786416949277743,0.9853771292442344,0.5614664260790829,0.9974554723275395,0.9941421797731893,0.9869230684931593
CINF,0.8671880953593141,0.9252853374788784,0.9438304553048443,0.8376192615658519,0.7809081420858173,0.8689228009322661,0.9247688421480648,0.8889144845253345,-0.21778578215135264,0.9443526809261287,0.8956599121538479,0.9999999999999999,0.8912917385610251,0.8557931942103775,0.8940787773535175,0.956000534388595,0.9400588523978118,0.9194238097665961,0.9290273064727016,0.8446600826965853,0.8917412287559937,0.743999513641996,-0.10087567152679137,0.8738432835435982,0.9058894982336675,0.9920301920679913,0.9535297811517989,0.8871521975177882,0.9155132379685228,0.9638897689176315,0.9622617957695685,0.8868929382667995,0.9103549995895635,0.867602544251246,0.961746169188261,0.9843786504071839,0.9374170933206888,0.9212822318361767,0.18852867435234089,0.9104338282151916,0.8842081482548245,0.9380387165066255
CNA,0.9217768125963097,0.9397732213975706,0.8893730231203635,0.9278771119432562,0.9096092370314871,0.9383565896545542,0.9360451821281949,0.9251866305974652,0.21638539545600918,0.9555395314199107,0.9226543457907945,0.8912917385610251,1.0,0.9321455927799134,0.9825126980968174,0.7928869862934466,0.9215525151172735,0.8891717557947424,0.9566033336757968,0.9150236776085249,0.9074179802921545,0.9501425285619969,0.2698627574150318,0.9061514890567401,0.9616028738314636,0.9170079173866371,0.9657531304962602,0.7425235434950876,0.9158146459542466,0.9500116894364355,0.8879280352354536,0.8942695481608222,0.8418571168091792,0.9357935448229306,0.9053046236278436,0.9366301763651906,0.966110984553596,0.9586504651435483,0.4782251326892481,0.9341606426702055,0.912477253599264,0.9105526256294995
CNFR,0.9907508517602499,0.9675051230020361,0.920288413562996,0.7826220547265592,0.9629730418575342,0.9783068677406747,0.957968873087444,0.9780236143051536,0.10757740127357861,0.947489278633405,0.9763489677073363,0.8557931942103775,0.9321455927799134,0.9999999999999999,0.9481155321644328,0.7991194008975812,0.9514034927679251,0.970527203341038,0.9799536557326828,0.9821166367691376,0.9724745684846094,0.9331848158294543,0.4015541067213271,0.9755017936599756,0.974419821974709,0.9004048746057365,0.9620959092578176,0.7806288292479088,0.9413812801390635,0.9538988379730196,0.9266011139152038,0.9656153517218063,0.8867033524195358,0.9720701135501296,0.9165661184759034,0.9283052253532986,0.9643341312154776,0.967474953009831,0.6386338996824198,0.9765262203782739,0.9815836414377977,0.9673371927251806
ERIE,0.9436834317985486,0.9633146539320193,0.9332584548227426,0.9088136587456264,0.9120375951152545,0.9653374768300839,0.9669053724149729,0.9459230503963887,0.12393227066604079,0.9762554298916342,0.9426690960376629,0.8940787773535175,0.9825126980968174,0.9481155321644328,0.9999999999999999,0.824024227942796,0.9529264382686791,0.9076737226835482,0.9682561186538773,0.9503794347295765,0.9326311077896963,0.94471083324341,0.2534515647844001,0.9338385852731472,0.9777570974377985,0.9237754057336494,0.9739371004481223,0.7778809717686895,0.9555060202674313,0.9604905088831613,0.9211852684547821,0.9088089583993484,0.8956293313789578,0.9637732176800197,0.9417456276600533,0.9452781069878047,0.9799444031388823,0.9762964788419685,0.5298494919611263,0.9451322312601876,0.9336018067150461,0.9316570576864136
ESNT,0.7947602613153066,0.8619950562012012,0.9012349674238107,0.7802257101289748,0.6934329369407989,0.7903959673088959,0.8581436383379584,0.8048596897289937,-0.3471799413222188,0.8872662821709706,0.8120500435517161,0.956000534388595,0.7928869862934466,0.7991194008975812,0.824024227942796,1.0,0.8755382880331467,0.8832658275254369,0.8574846391972697,0.7929981611796354,0.8138001179175987,0.6372821722682187,-0.16539443613518165,0.7922417334718506,0.8175049362914225,0.9356476254558935,0.9018123407431337,0.9762087611297477,0.8723295506184632,0.8939843642341836,0.932727965712537,0.7949307151847692,0.9485667437059205,0.7951723486012856,0.9238852565375283,0.9241574570766067,0.8710181062700215,0.8499914527231495,0.16306209153838142,0.8211224339171241,0.8187408298110155,0.8854497159990574
GL,0.9685277151229845,0.9845715298246515,0.9918473220926226,0.8060779545813751,0.8918832967735574,0.9721355033428931,0.9945263478683656,0.9796179683130405,-0.11563560698604396,0.9795834458458315,0.9820827606733676,0.9400588523978118,0.9215525151172735,0.9514034927679251,0.9529264382686791,0.8755382880331467,0.9999999999999999,0.9634596716462422,0.9832747944895263,0.9570919041741647,0.9810465479613191,0.8622257834776244,0.14013960005250334,0.9788019788411295,0.9853191225299327,0.9679099882817309,0.9715898182535431,0.8082464666379158,0.9759500771668508,0.9874664868241582,0.9796722517902944,0.9707744065029327,0.9261166171116787,0.9672800261552049,0.9870823588659667,0.9795386792502537,0.9804283830793578,0.9803279159515057,0.45674612659271746,0.9820971881936726,0.9668332651259344,0.9835136973577062
GNW,0.968992795155185,0.9614436670598737,0.9439330438461966,0.7485791448843788,0.9072242497107419,0.9439938516816795,0.9566956345046544,0.9642280946640912,-0.09529956583925976,0.9419479084683295,0.9673823385426744,0.9194238097665961,0.8891717557947424,0.970527203341038,0.9076737226835482,0.8832658275254369,0.9634596716462422,1.0,0.9729632864020351,0.9448336216979156,0.9682129962143246,0.834397026137289,0.23586289658134751,0.9628196931556701,0.9518642222670215,0.9449186169704423,0.9638222459122158,0.8573041018064187,0.9356191558406246,0.9684816164081025,0.9645418751651443,0.9718535339656704,0.9214613083071848,0.9366757304728084,0.947572154690292,0.9605022029123889,0.9534779523128807,0.9506554532749416,0.4872841837490435,0.9731571958979351,0.9716048682676995,0.9877935773317172
HIG,0.9873342530863874,0.9951498398394202,0.9616984470884735,0.8200390218463619,0.9469376424107813,0.9859835001500536,0.9860948945118905,0.9907170714142631,0.02629639166224406,0.987028215431734,0.9908492405520115,0.9290273064727016,0.9566033336757968,0.9799536557326828,0.9682561186538773,0.8574846391972697,0.9832747944895263,0.9729632864020351,1.0,0.9763370012873118,0.9868608189211476,0.9179291952470255,0.23503758978638276,0.9826739436023114,0.9927629862901203,0.9635851582904904,0.990651144675169,0.8076063036460148,0.9763197503521907,0.9928481045398808,0.9708782044443084,0.9761381290263688,0.9004164520159758,0.983526351536375,0.9580526025184127,0.9787153202388313,0.9949642184401919,0.9950779519654945,0.5215567689684274,0.9933686752498,0.9880769215588981,0.9900302328413475
HRTG,0.9903695280842733,0.9817619097532185,0.9367197241307201,0.7513512533975358,0.9636404350394964,0.9922673252849881,0.9696699321006089,0.9841624878444721,0.07664342104497239,0.9639147867247023,0.9806189116128851,0.8446600826965853,0.9150236776085249,0.9821166367691376,0.9503794347295765,0.7929981611796354,0.9570919041741647,0.9448336216979156,0.9763370012873118,1.0,0.9805078350866349,0.9355426584175487,0.3403092011771431,0.9819080094292866,0.975793019217544,0.8989664800209661,0.9539113632506656,0.7605484160582353,0.975285003201148,0.949591729248511,0.9408153057700462,0.9544644008962972,0.8788252405798591,0.9944214755476727,0.9162954214377795,0.9209918795362904,0.9711408140767267,0.9802724947235049,0.6716967494924082,0.9699733299036926,0.9869274846397867,0.9649875480722873
HUM,0.9937346204338249,0.9884908361823226,0.9599238030614626,0.7289698217354996,0.9446269633049412,0.9881021729508493,0.9809156590208444,0.9986294026396979,-0.020876932174266893,0.9652984736859099,0.9990375778853361,0.8917412287559937,0.9074179802921545,0.9724745684846094,0.9326311077896963,0.8138001179175987,0.9810465479613191,0.9682129962143246,0.9868608189211476,0.9805078350866349,0.9999999999999998,0.8935928146174092,0.2541054887432833,0.9982299731559954,0.9840117877230868,0.9376805321442642,0.9583684804774822,0.754556668319659,0.9712422810662326,0.9748168458438494,0.9640620283520749,0.9914876725793867,0.869650602421091,0.9842619750314375,0.9412709274195005,0.9539760075272168,0.9737116751513976,0.9815804764051427,0.565095545893302,0.9949190366565451,0.9948466317579276,0.9881681372774174
L,0.9251575871116832,0.90774131251975,0.8151206769788988,0.8144899917906682,0.9581714935688611,0.9416638453337592,0.8926623545659998,0.9148543062001553,0.392069312465708,0.9017678783549925,0.9063580973492897,0.743999513641996,0.9501425285619969,0.9331848158294543,0.94471083324341,0.6372821722682187,0.8622257834776244,0.834397026137289,0.9179291952470255,0.9355426584175487,0.8935928146174092,0.9999999999999999,0.49121024821986714,0.9012561797492751,0.9335580805162824,0.8047609259016477,0.9001471077041979,0.6066145390487578,0.8853949895901235,0.876954133668099,0.8119494942215181,0.8683794895506115,0.7466117301943467,0.9430844450240976,0.8073409363348311,0.836713459210953,0.9203777869430132,0.92799588233946,0.7108231025815178,0.9034176821043501,0.9068537221379255,0.861361836108181
LMND,0.3425376275179006,0.19226548569781002,0.04978966417620541,0.11793118326269744,0.4570688990133247,0.30962639678986376,0.18042864901969619,0.27847729706680213,0.7071252788897092,0.12968358815552075,0.26456414921243837,-0.10087567152679137,0.2698627574150318,0.4015541067213271,0.2534515647844001,-0.16539443613518165,0.14013960005250334,0.23586289658134751,0.23503758978638276,0.3403092011771431,0.2541054887432833,0.49121024821986714,1.0,0.2907746731519414,0.2637679720961496,-0.019629658157498623,0.1748013927980776,-0.07488941583078475,0.13239301385478114,0.1316457944423787,0.03903479282779176,0.2722935425153145,0.06842023645487104,0.2908686391588106,0.04665017411389237,0.053251650086744554,0.18663394212772444,0.20993767641362965,0.8081616970790254,0.2579911647042398,0.2878170804926035,0.17707374031664633
LNC,0.9948854151156563,0.9828295229870101,0.956148759958676,0.7282450302303802,0.9464463248637172,0.989398565438912,0.9791282514912472,0.9978211915638404,-0.001238304769068329,0.9577413342522372,0.997721893634601,0.8738432835435982,0.9061514890567401,0.9755017936599756,0.9338385852731472,0.7922417334718506,0.9788019788411295,0.9628196931556701,0.9826739436023114,0.9819080094292866,0.9982299731559954,0.9012561797492751,0.2907746731519414,0.9999999999999997,0.9850914780097577,0.9224691160895779,0.9502630564537891,0.7338866995806043,0.9642182632440164,0.9672098052258202,0.951582547967944,0.9913915356586971,0.8648836293795482,0.9839144634845306,0.9368821771534231,0.9429056919603024,0.9676896483606701,0.9768758282955425,0.5887044676700958,0.9931694099329895,0.9913097629703269,0.9807954847798331
MET,0.9846259637617131,0.9883778853339472,0.9618142130077967,0.8314924838708371,0.9404872921338159,0.9917649126013199,0.9907478568798137,0.9901527915127751,0.05477936881488521,0.9816949264215977,0.9894684855802183,0.9058894982336675,0.9616028738314636,0.974419821974709,0.9777570974377985,0.8175049362914225,0.9853191225299327,0.9518642222670215,0.9927629862901203,0.975793019217544,0.9840117877230868,0.9335580805162824,0.2637679720961496,0.9850914780097577,1.0,0.9448267349439794,0.9769856503377243,0.7560379726346929,0.9714959281534985,0.9833646938062399,0.952061026102467,0.9724673244552822,0.8862147650338494,0.9870527505947914,0.9567650168096599,0.9644393618487472,0.9897316393012282,0.9922034355712919,0.54571143872804,0.9900253071966342,0.9775394873365615,0.9737066796103614
MKL,0.9169871824020324,0.9631304247849627,0.9649709179554447,0.8279461177312339,0.8451733171987488,0.9188531311156641,0.9587213096773619,0.9358252190395281,-0.15787651350371065,0.9731142814679224,0.9404603186653064,0.9920301920679913,0.9170079173866371,0.9004048746057365,0.9237754057336494,0.9356476254558935,0.9679099882817309,0.9449186169704423,0.9635851582904904,0.8989664800209661,0.9376805321442642,0.8047609259016477,-0.019629658157498623,0.9224691160895779,0.9448267349439794,0.9999999999999998,0.9752565085154465,0.865978774269803,0.9532319148092747,0.9861231500940133,0.9829777333833276,0.9278761671859724,0.9114376556318324,0.9195529016400916,0.9714091328261674,0.9959185835635607,0.969162112889158,0.9593830843553327,0.29385472195373025,0.9496547227763165,0.9313412993709024,0.9692813084713123
MMC,0.9604345775735595,0.9845837121558434,0.9552537744209438,0.8685546007930106,0.9188901139764752,0.9626567265896101,0.9752852982353234,0.9637949699940588,0.008992635144782221,0.9897652346637982,0.9642977590730025,0.9535297811517989,0.9657531304962602,0.9620959092578176,0.9739371004481223,0.9018123407431337,0.9715898182535431,0.9638222459122158,0.990651144675169,0.9539113632506656,0.9583684804774822,0.9001471077041979,0.1748013927980776,0.9502630564537891,0.9769856503377243,0.9752565085154465,0.9999999999999998,0.861312439117162,0.9703147374450368,0.9915158239249017,0.9719930417456735,0.9431876025071201,0.9261456933060793,0.9627202304968613,0.9641031327026237,0.9864426847081165,0.9938463360307647,0.9871165507747275,0.46093306559533304,0.9705836189225305,0.9643239588799623,0.97847886806991
MTG,0.7539055510446105,0.8068599820142419,0.8314326983974804,0.7444493343132905,0.6712853904706098,0.73768101008047,0.7952564684905933,0.7467043404237578,-0.3037876224257334,0.8293774345979977,0.7521378126457546,0.8871521975177882,0.7425235434950876,0.7806288292479088,0.7778809717686895,0.9762087611297477,0.8082464666379158,0.8573041018064187,0.8076063036460148,0.7605484160582353,0.754556668319659,0.6066145390487578,-0.07488941583078475,0.7338866995806043,0.7560379726346929,0.865978774269803,0.861312439117162,1.0,0.8164455984624234,0.831623218352874,0.8777462723707052,0.7325973626024977,0.940187492496977,0.7441048959874952,0.8618453231232989,0.8597020684010942,0.8174210541647665,0.7939690544253251,0.2182158879508667,0.7607057963062728,0.7752922720711086,0.8379976815393926
PFG,0.96265921634892,0.9918238329381622,0.9725242781826257,0.7863679892970116,0.9132313744311894,0.97641952392373,0.98372453811155,0.9715141463202351,-0.05782171195271389,0.9911426504705034,0.970199498261565,0.9155132379685228,0.9158146459542466,0.9413812801390635,0.9555060202674313,0.8723295506184632,0.9759500771668508,0.9356191558406246,0.9763197503521907,0.975285003201148,0.9712422810662326,0.8853949895901235,0.13239301385478114,0.9642182632440164,0.9714959281534985,0.9532319148092747,0.9703147374450368,0.8164455984624234,1.0000000000000002,0.9726455570251197,0.9803159780597065,0.937215414053536,0.9104803691623858,0.9839333584857128,0.956264795292756,0.9604583242968718,0.9853641881336251,0.9888612252563365,0.5272072182688974,0.9610706117397058,0.9706472607923836,0.9725099902355474
PGR,0.9655328394027086,0.9890506008143517,0.973397776520369,0.8336743753210434,0.9077455136464985,0.9665008938021085,0.984156562398156,0.9764703459806394,-0.05283044060170393,0.9883508600519024,0.9786940652047466,0.9638897689176315,0.9500116894364355,0.9538988379730196,0.9604905088831613,0.8939843642341836,0.9874664868241582,0.9684816164081025,0.9928481045398808,0.949591729248511,0.9748168458438494,0.876954133668099,0.1316457944423787,0.9672098052258202,0.9833646938062399,0.9861231500940133,0.9915158239249017,0.831623218352874,0.9726455570251197,1.0,0.9821673654579456,0.9672743772348528,0.91165375897933,0.9635311028538098,0.9756741471405355,0.9956583872289086,0.9914145264298198,0.9874790154794448,0.42411343571877935,0.9850185936993666,0.971110199978149,0.9882239496521035
PRI,0.9462745239338286,0.9800859508759718,0.9811049441729907,0.7679869253022781,0.871852729870089,0.9447423683142819,0.9732702304518454,0.957957864891572,-0.1906199547675105,0.9780727715113345,0.961032425344445,0.9622617957695685,0.8879280352354536,0.9266011139152038,0.9211852684547821,0.932727965712537,0.9796722517902944,0.9645418751651443,0.9708782044443084,0.9408153057700462,0.9640620283520749,0.8119494942215181,0.03903479282779176,0.951582547967944,0.952061026102467,0.9829777333833276,0.9719930417456735,0.8777462723707052,0.9803159780597065,0.9821673654579456,1.0000000000000002,0.9452577928983521,0.9353760699275335,0.9480543141614753,0.9749669116709898,0.9835474686436165,0.9724157703772737,0.9695572657064924,0.40581155081837345,0.9598374457098523,0.9609901276677643,0.9867774480580899
PRU,0.984169187250299,0.9684837798728977,0.944247232257634,0.7103413750569603,0.9284089914697637,0.9688761312804686,0.9630879654389587,0.9891529731402812,-0.029442378252106625,0.9388007713684771,0.9916002237555628,0.8868929382667995,0.8942695481608222,0.9656153517218063,0.9088089583993484,0.7949307151847692,0.9707744065029327,0.9718535339656704,0.9761381290263688,0.9544644008962972,0.9914876725793867,0.8683794895506115,0.2722935425153145,0.9913915356586971,0.9724673244552822,0.9278761671859724,0.9431876025071201,0.7325973626024977,0.937215414053536,0.9672743772348528,0.9452577928983521,1.0000000000000002,0.8477768013696061,0.9577722738033119,0.931022140701488,0.9476959564744923,0.9529388501797896,0.9596214655184687,0.5232415953233148,0.9938969453395958,0.9830830625958855,0.9806248178659461
RDN,0.8700677654589907,0.900701597447964,0.9404897701415009,0.8240486311191878,0.7734230602493055,0.8682925500937703,0.9181504428836261,0.8656684460805056,-0.24192253866343663,0.915453767288996,0.8691976191065218,0.9103549995895635,0.8418571168091792,0.8867033524195358,0.8956293313789578,0.9485667437059205,0.9261166171116787,0.9214613083071848,0.9004164520159758,0.8788252405798591,0.869650602421091,0.7466117301943467,0.06842023645487104,0.8648836293795482,0.8862147650338494,0.9114376556318324,0.9261456933060793,0.940187492496977,0.9104803691623858,0.91165375897933,0.9353760699275335,0.8477768013696061,1.0000000000000002,0.8675340789728712,0.9602169556712262,0.9208603681690137,0.9074190984994532,0.8939063692694147,0.3797347106764513,0.8703936740798085,0.86870906209476,0.9124370837334235
RGA,0.9878526684228367,0.9899540640167656,0.9456422834897825,0.7774713222015811,0.9611530562476657,0.9967447489377879,0.980716317906918,0.9894012688526508,0.08144953670734718,0.9781484645085363,0.9859524845962218,0.867602544251246,0.9357935448229306,0.9720701135501296,0.9637732176800197,0.7951723486012856,0.9672800261552049,0.9366757304728084,0.983526351536375,0.9944214755476727,0.9842619750314375,0.9430844450240976,0.2908686391588106,0.9839144634845306,0.9870527505947914,0.9195529016400916,0.9627202304968613,0.7441048959874952,0.9839333584857128,0.9635311028538098,0.9480543141614753,0.9577722738033119,0.8675340789728712,1.0,0.9265765880285202,0.9376266437148196,0.9833905461780399,0.9916104481771825,0.6301002321124696,0.9773821222374662,0.9857263159120311,0.9673755268617305
RLI,0.925625347329133,0.9586219368290879,0.9911134997126209,0.8405081168128672,0.8278369173186371,0.9327278405457067,0.9761297780911227,0.9386489967420519,-0.20084723513356853,0.9666387542958664,0.9432289936921079,0.961746169188261,0.9053046236278436,0.9165661184759034,0.9417456276600533,0.9238852565375283,0.9870823588659667,0.947572154690292,0.9580526025184127,0.9162954214377795,0.9412709274195005,0.8073409363348311,0.04665017411389237,0.9368821771534231,0.9567650168096599,0.9714091328261674,0.9641031327026237,0.8618453231232989,0.956264795292756,0.9756741471405355,0.9749669116709898,0.931022140701488,0.9602169556712262,0.9265765880285202,1.0,0.9799681836183081,0.9615662732038068,0.9540246242355108,0.35786159783467236,0.9471155093201644,0.9256701234024032,0.9614202908424874
SAFT,0.9394300424959624,0.9747317057298531,0.9718223149911448,0.8417732219108479,0.8699024045583732,0.9404740987518886,0.9716935244808396,0.953940305294927,-0.11374285181560598,0.9807214120455564,0.9578535225804394,0.9843786504071839,0.9366301763651906,0.9283052253532986,0.9452781069878047,0.9241574570766067,0.9795386792502537,0.9605022029123889,0.9787153202388313,0.9209918795362904,0.9539760075272168,0.836713459210953,0.053251650086744554,0.9429056919603024,0.9644393618487472,0.9959185835635607,0.9864426847081165,0.8597020684010942,0.9604583242968718,0.9956583872289086,0.9835474686436165,0.9476959564744923,0.9208603681690137,0.9376266437148196,0.9799681836183081,0.9999999999999999,0.9803683635374498,0.9720743074276701,0.34590662874668554,0.9671839030145067,0.9488797880325794,0.9790984031035891
SIGI,0.972810667246207,0.9948127246098786,0.9640141943059501,0.8508366664439618,0.9331943415662238,0.9815754413661386,0.9872868371433647,0.979323455834152,0.027881339281359573,0.9973393184562546,0.9786416949277743,0.9374170933206888,0.966110984553596,0.9643341312154776,0.9799444031388823,0.8710181062700215,0.9804283830793578,0.9534779523128807,0.9949642184401919,0.9711408140767267,0.9737116751513976,0.9203777869430132,0.18663394212772444,0.9676896483606701,0.9897316393012282,0.969162112889158,0.9938463360307647,0.8174210541647665,0.9853641881336251,0.9914145264298198,0.9724157703772737,0.9529388501797896,0.9074190984994532,0.9833905461780399,0.9615662732038068,0.9803683635374498,1.0,0.9982758738838172,0.5020674657150613,0.9796596480176649,0.9751597610076834,0.9796206441999156
TRV,0.9803616193254814,0.9976365571305564,0.9626402921330257,0.8264917812542613,0.9445708945682274,0.9893767995896245,0.9885506156261528,0.9867112336004261,0.03946147143005229,0.995072195497126,0.9853771292442344,0.9212822318361767,0.9586504651435483,0.967474953009831,0.9762964788419685,0.8499914527231495,0.9803279159515057,0.9506554532749416,0.9950779519654945,0.9802724947235049,0.9815804764051427,0.92799588233946,0.20993767641362965,0.9768758282955425,0.9922034355712919,0.9593830843553327,0.9871165507747275,0.7939690544253251,0.9888612252563365,0.9874790154794448,0.9695572657064924,0.9596214655184687,0.8939063692694147,0.9916104481771825,0.9540246242355108,0.9720743074276701,0.9982758738838172,0.9999999999999997,0.5359066860086457,0.9835348233705844,0.9823587099117665,0.9800811165367378
UNAM,0.6259963920533259,0.5295937842541785,0.39862438356167396,0.2656105410357707,0.7125588506164905,0.6215728453228745,0.5099428951050395,0.5787133894952212,0.4843239654459739,0.4747815537935127,0.5614664260790829,0.18852867435234089,0.4782251326892481,0.6386338996824198,0.5298494919611263,0.16306209153838142,0.45674612659271746,0.4872841837490435,0.5215567689684274,0.6716967494924082,0.565095545893302,0.7108231025815178,0.8081616970790254,0.5887044676700958,0.54571143872804,0.29385472195373025,0.46093306559533304,0.2182158879508667,0.5272072182688974,0.42411343571877935,0.40581155081837345,0.5232415953233148,0.3797347106764513,0.6301002321124696,0.35786159783467236,0.34590662874668554,0.5020674657150613,0.5359066860086457,0.9999999999999999,0.5263737364808069,0.5956501287954463,0.4862246697896184
UNM,0.9911031790892767,0.9868743956224388,0.9563828286914573,0.7715432349899857,0.944706973763753,0.98408422995723,0.98037812356635,0.9963917788041002,0.011615352444773195,0.9682232469303745,0.9974554723275395,0.9104338282151916,0.9341606426702055,0.9765262203782739,0.9451322312601876,0.8211224339171241,0.9820971881936726,0.9731571958979351,0.9933686752498,0.9699733299036926,0.9949190366565451,0.9034176821043501,0.2579911647042398,0.9931694099329895,0.9900253071966342,0.9496547227763165,0.9705836189225305,0.7607057963062728,0.9610706117397058,0.9850185936993666,0.9598374457098523,0.9938969453395958,0.8703936740798085,0.9773821222374662,0.9471155093201644,0.9671839030145067,0.9796596480176649,0.9835348233705844,0.5263737364808069,1.0000000000000002,0.9901235410834338,0.9884609403472726
UVE,0.9957251690461808,0.9886949847350286,0.943354680568272,0.7292834241631757,0.9611637096396591,0.9868837724511399,0.9705786639949524,0.9949461024447748,0.02584398370504834,0.9654191911205668,0.9941421797731893,0.8842081482548245,0.912477253599264,0.9815836414377977,0.9336018067150461,0.8187408298110155,0.9668332651259344,0.9716048682676995,0.9880769215588981,0.9869274846397867,0.9948466317579276,0.9068537221379255,0.2878170804926035,0.9913097629703269,0.9775394873365615,0.9313412993709024,0.9643239588799623,0.7752922720711086,0.9706472607923836,0.971110199978149,0.9609901276677643,0.9830830625958855,0.86870906209476,0.9857263159120311,0.9256701234024032,0.9488797880325794,0.9751597610076834,0.9823587099117665,0.5956501287954463,0.9901235410834338,1.0,0.987858274613432
WRB,0.9808626227965841,0.9889502235672295,0.9685658775367126,0.7605308434822502,0.9256764265448744,0.9686268900802444,0.9789481810958648,0.9850416932933642,-0.0878691160397275,0.974187139951694,0.9869230684931593,0.9380387165066255,0.9105526256294995,0.9673371927251806,0.9316570576864136,0.8854497159990574,0.9835136973577062,0.9877935773317172,0.9900302328413475,0.9649875480722873,0.9881681372774174,0.861361836108181,0.17707374031664633,0.9807954847798331,0.9737066796103614,0.9692813084713123,0.97847886806991,0.8379976815393926,0.9725099902355474,0.9882239496521035,0.9867774480580899,0.9806248178659461,0.9124370837334235,0.9673755268617305,0.9614202908424874,0.9790984031035891,0.9796206441999156,0.9800811165367378,0.4862246697896184,0.9884609403472726,0.987858274613432,0.9999999999999999
