Ticker,AAME,AFG,AFL,AGO,AIG,AIZ,ALL,ANTM,BHF,CB,CI,CINF,CNA,CNFR,ERIE,ESNT,GNW,HIG,HRTG,HUM,L,LNC,MET,MKL,MMC,MTG,PFG,PGR,PRI,PRU,RDN,RGA,SAFT,SIGI,TMK,TRV,UNAM,UNM,UVE,WRB
AAME,1.0,0.9151580147559607,0.6320343461689535,0.35267278653890216,0.8139913076550671,0.9649727426820156,0.7593223264443866,0.9766743744299027,0.8453790067084841,0.7608717663908938,0.9737776469802512,0.7186080168312716,0.8509019526502066,0.7651723864025297,0.8633693306349481,0.6522304969418008,0.9068693287120049,0.8920040188374849,0.9670814894337153,0.9853509443064704,0.6835361600131894,0.9042960679463127,0.9227922708499,0.8265008730867897,0.7576500563812459,0.5499094819704374,0.8471743405645582,0.9362170647639948,0.8382309827276123,0.9037183699880426,0.6066685832717994,0.9231665715184642,0.8227261941005162,0.8703861112921928,0.7279675661089641,0.7548012773078259,0.5133152049036733,0.8434757115572491,0.94717168708595,0.9178222246684522
AFG,0.9151580147559607,0.9999999999999998,0.846854306148235,0.6321625893328137,0.8498026015239726,0.9822795453448674,0.9205759950160376,0.9533868323077102,0.7397091026827582,0.9355863022245089,0.951467287876557,0.9003747868445287,0.9729953181947618,0.6076660903379019,0.9501501340235213,0.7071831763117187,0.9210621882318994,0.9922836142522914,0.9665129007091648,0.9613935670843563,0.8441320028959012,0.9744719650798057,0.9876003378426157,0.976361229511364,0.9455714200501881,0.7728328785354065,0.9824265163747691,0.9741060364044221,0.9519908903717605,0.9649066577707154,0.7922794803325588,0.9867313334628581,0.9526686293624012,0.9825813312414715,0.9144031633852489,0.9210749461116283,0.3993353170654724,0.9706553133233281,0.9666188772854958,0.8919447101185689
AFL,0.6320343461689535,0.846854306148235,0.9999999999999998,0.9314972093145225,0.6147566655128773,0.753238980925466,0.9825566179852995,0.6677027751615259,0.36626318198611435,0.9654531390094306,0.6601116236367953,0.9825863398181426,0.9323009200270662,0.12827366315506183,0.9277063626607881,0.47043044084809477,0.6335169956199533,0.896256151896684,0.7561267980120043,0.7100662756698003,0.8507540514576106,0.8146920306038379,0.8527449295923191,0.9273000310259532,0.907484282872707,0.9152007554981668,0.9273566725798007,0.7493867840703241,0.9000352090569665,0.8191268624757652,0.9524474478196056,0.8485700062594911,0.9322108970982311,0.9224165016876261,0.9787602889933363,0.9777284588755281,0.38840110599927535,0.9354362389389155,0.8207798995848813,0.5277096260839488
AGO,0.35267278653890216,0.6321625893328137,0.9314972093145225,0.9999999999999998,0.47172863116795843,0.5076897478958055,0.8623112447812712,0.39408942910722183,0.13038226601858058,0.8526607604119336,0.3804703658351261,0.8772140648247133,0.7796454338306583,-0.15014878217432467,0.7603575405394748,0.221201201930137,0.40002762048414164,0.7095585010225225,0.5279170011343696,0.4374089004922637,0.7996414649825115,0.6184888805184002,0.6437813549271088,0.777186664171404,0.7904252663644462,0.8762562437253714,0.7632669997404932,0.48192170800495604,0.7080244164856319,0.6347089718909174,0.876858192846517,0.6496943637876235,0.7584098023733041,0.7499974122704577,0.8802267451490614,0.8707236613361612,0.393527820993195,0.7843066620050125,0.6000014331783081,0.24830387885401162
AIG,0.8139913076550671,0.8498026015239726,0.6147566655128773,0.47172863116795843,1.0000000000000002,0.884936877308833,0.7051649484936193,0.8678834311047074,0.8955021393930053,0.7883553106129205,0.8547102283695872,0.6555923855936342,0.8266846413058686,0.7146835985308031,0.7378435879920145,0.4262942290908957,0.8858184142323308,0.8289377152176872,0.8969281378941838,0.8294558206365666,0.8881319728536534,0.9177489921985372,0.8474989122917723,0.8355057588977834,0.8388820381905178,0.5261149492474002,0.8205225198628777,0.7742295129267991,0.6739378076528392,0.9212718854389198,0.49861897609237665,0.8841009684446194,0.6873356976787154,0.8070427292344122,0.7315271157608872,0.7331521993945563,0.6021416700998939,0.82268540177874,0.8070704586198731,0.8530181657252002
AIZ,0.9649727426820156,0.9822795453448674,0.753238980925466,0.5076897478958055,0.884936877308833,1.0,0.854576216947947,0.9914019343072112,0.8392969200767069,0.8774035567178755,0.9886369262836148,0.8165825983498106,0.9340356577923883,0.7179923644010902,0.9129851990973287,0.6736674500538395,0.9439424308477884,0.9612475686941357,0.9896179961604917,0.9900472603851873,0.8133978985238468,0.9784118687260219,0.9803160386080917,0.9306029329306239,0.8874227251455654,0.6571340234033141,0.9399197590429879,0.9699526471627526,0.8956482456783547,0.9712086899594353,0.6910468373700698,0.9825779540893945,0.8920382565722909,0.9440816367869368,0.8444907507406942,0.8536192731316287,0.4630116950065091,0.9305921973082233,0.9629323340906466,0.9366856437333145
ALL,0.7593223264443866,0.9205759950160376,0.9825566179852995,0.8623112447812712,0.7051649484936193,0.854576216947947,1.0,0.7864459593710678,0.5023400312838558,0.9860207667136965,0.7789771034099188,0.9882842639347633,0.9774054896202873,0.28064214680756927,0.9769021670722261,0.5351285071580558,0.7375202783380169,0.9559638790029225,0.8547051963332573,0.8236832559054633,0.8728176385676135,0.893266076046238,0.9302761906716961,0.9687637879259908,0.9343091345035907,0.8854688893349674,0.9730040806874581,0.8433279729084652,0.9460081211530617,0.8971405013378488,0.9327529314229074,0.9256184408874703,0.9699539034659719,0.9734217271948133,0.9908164118829201,0.9937332597394823,0.44993857851133373,0.9794593280696682,0.9035341124761637,0.653259717092153
ANTM,0.9766743744299027,0.9533868323077102,0.6677027751615259,0.39408942910722183,0.8678834311047074,0.9914019343072112,0.7864459593710678,1.0,0.8743161748375431,0.8111520271218813,0.9992541745824876,0.7408963066734253,0.8806202107680857,0.7836413470501133,0.8636230204530665,0.678637608040261,0.9419118550754516,0.9190337133301855,0.9763459518530053,0.9925839244301287,0.7482905292128962,0.9532004955710872,0.9531747704963494,0.8769484099187274,0.8261331706382261,0.5641913453383464,0.8896668461609607,0.9626487743242871,0.8494517586155299,0.943118418281852,0.6059922696641172,0.9526504794731065,0.8390237206300788,0.8956058859374324,0.7731676546396523,0.7818869189981135,0.4358577983602705,0.8769605954503144,0.9362487755188937,0.9586256224959072
BHF,0.8453790067084841,0.7397091026827582,0.36626318198611435,0.13038226601858058,0.8955021393930053,0.8392969200767069,0.5023400312838558,0.8743161748375431,1.0000000000000002,0.5802094321284105,0.8680044727380953,0.4246227804605176,0.6579787915392176,0.8688530082506174,0.5876487927049671,0.3803427415879251,0.83414183609507,0.6854641938856073,0.8501795926561267,0.826333078443115,0.6786675137389523,0.8249707605567066,0.7479665019246778,0.6526560683618701,0.6177678203437769,0.2262506016406596,0.6547470605672341,0.7233125992168292,0.5188665594664872,0.8279589713410231,0.2553843096446348,0.7835102118384942,0.5178465349347273,0.6509619277637904,0.49886899624881476,0.5163552777418036,0.5662801376357923,0.6532577545773101,0.7361051353910134,0.865518276214154
CB,0.7608717663908938,0.9355863022245089,0.9654531390094306,0.8526607604119336,0.7883553106129205,0.8774035567178755,0.9860207667136965,0.8111520271218813,0.5802094321284105,1.0000000000000002,0.8031782138592825,0.9643540192841747,0.9854724641659135,0.355428182683669,0.9572279655843523,0.5265663669896415,0.7886618596023163,0.9619119287935157,0.8795035674704915,0.8292699712378895,0.9323000812572051,0.9329818790390617,0.9425872713360794,0.9854159996001072,0.9713620676793556,0.8649113895508668,0.9830150478027865,0.8449664155968936,0.9170365430940365,0.9335980823561133,0.8940254890253078,0.9449245441442776,0.9440087864382964,0.9734238938189504,0.9919316889278652,0.9844512687671864,0.4697748100913295,0.9864328418944516,0.8931119664659204,0.7017278139484299
CI,0.9737776469802512,0.951467287876557,0.6601116236367953,0.3804703658351261,0.8547102283695872,0.9886369262836148,0.7789771034099188,0.9992541745824876,0.8680044727380953,0.8031782138592825,1.0000000000000002,0.7345532000165494,0.8731031314819615,0.7906866078304664,0.857141341639991,0.6989435394431484,0.9434169367469438,0.9146636778501279,0.9710052943468506,0.9911974715607329,0.7325055845022092,0.947047442312967,0.9488117752284398,0.8708142946043952,0.8216352736321804,0.5612231517260807,0.8845371397010059,0.966897826766242,0.8496199502351724,0.9344803672668627,0.6025352995521754,0.9459379105984095,0.8370860633231679,0.8900556526343422,0.7653955430926266,0.772704656004026,0.40663231794814864,0.8690581822588971,0.9306165051824047,0.9631876748727058
CINF,0.7186080168312716,0.9003747868445287,0.9825863398181426,0.8772140648247133,0.6555923855936342,0.8165825983498106,0.9882842639347633,0.7408963066734253,0.4246227804605176,0.9643540192841747,0.7345532000165494,1.0000000000000002,0.9589876508830995,0.21737790044763658,0.9592174149631535,0.5680397578691976,0.7044609990436845,0.9417217342833509,0.8117635331952132,0.786184288706434,0.8323761730079899,0.8451585238368171,0.8925269260587306,0.9542717985947773,0.9250364437891496,0.9275822173145669,0.9571731237135517,0.8282279184385932,0.9575145747875851,0.8491380426544539,0.9495826637000334,0.8898586183659429,0.9773881589396654,0.9605296115276103,0.9765453579937484,0.9907921938819626,0.38407018893626194,0.9607003056006349,0.8890857995976216,0.6159396215496099
CNA,0.8509019526502066,0.9729953181947618,0.9323009200270662,0.7796454338306583,0.8266846413058686,0.9340356577923883,0.9774054896202873,0.8806202107680857,0.6579787915392176,0.9854724641659135,0.8731031314819615,0.9589876508830995,0.9999999999999999,0.45281220330490374,0.9795374821267355,0.5840342074576728,0.846832615807065,0.9916551040558567,0.9366614579471647,0.9008835235039514,0.9116914348884748,0.9597657888971591,0.9743052249041798,0.9938309585974402,0.9651292406869252,0.8448664930273311,0.9962562449485732,0.9042018626985042,0.9483110683428198,0.9627646984004044,0.8716004344137369,0.9799564360227903,0.9655762439052631,0.9964278723595938,0.9724131127962979,0.9810841217365014,0.5036735284799563,0.9989253079083328,0.9548382328763501,0.7773180054274722
CNFR,0.7651723864025297,0.6076660903379019,0.12827366315506183,-0.15014878217432467,0.7146835985308031,0.7179923644010902,0.28064214680756927,0.7836413470501133,0.8688530082506174,0.355428182683669,0.7906866078304664,0.21737790044763658,0.45281220330490374,1.0000000000000002,0.414211376171417,0.6076578927651078,0.8314746002028564,0.5281529850932868,0.7163063533292241,0.7226339472471044,0.38495038158122646,0.6462294017441654,0.5955316149531646,0.4539291180201041,0.4610516386607644,0.12698780529390757,0.46607626142082587,0.6821803115811664,0.4131816145207339,0.6169180903530527,0.12345179623864701,0.5959291070492472,0.37293501743563284,0.46912349433180683,0.28665901600762805,0.2731818887711921,0.2553612862394804,0.4341842060808207,0.5665917426524243,0.8896903281457205
ERIE,0.8633693306349481,0.9501501340235213,0.9277063626607881,0.7603575405394748,0.7378435879920145,0.9129851990973287,0.9769021670722261,0.8636230204530665,0.5876487927049671,0.9572279655843523,0.857141341639991,0.9592174149631535,0.9795374821267355,0.414211376171417,0.9999999999999998,0.5984028559874958,0.8049816295771856,0.975600893904116,0.9185618841115331,0.9010472479294709,0.8359709171296548,0.918907006225958,0.9662836575518116,0.9594432313427333,0.910876825638308,0.8430169016520815,0.9717045964071276,0.9023405631037202,0.9637705893226066,0.9230239266314003,0.8958995026445962,0.955997645299225,0.9755025050505771,0.9840263000945543,0.9613581420770133,0.9683280468461037,0.49838879425269705,0.9773265302943769,0.9540896410851799,0.740539257224737
ESNT,0.6522304969418008,0.7071831763117187,0.47043044084809477,0.221201201930137,0.4262942290908957,0.6736674500538395,0.5351285071580558,0.678637608040261,0.3803427415879251,0.5265663669896415,0.6989435394431484,0.5680397578691976,0.5840342074576728,0.6076578927651078,0.5984028559874958,1.0000000000000002,0.7662815866730466,0.6709910310777384,0.6252942920830785,0.6815496084624744,0.3039847197924007,0.5777643732312864,0.6354920962863967,0.6063596511296503,0.6337373618179288,0.6223401205468939,0.6251472798850786,0.815900350305871,0.7488287287792993,0.5229228027844856,0.5812514973951145,0.5937051110306176,0.6935318829329545,0.6341034687493733,0.5255966751302792,0.5143260410709447,-0.214070065579836,0.5662161969116005,0.6336845982677186,0.777570712519942
GNW,0.9068693287120049,0.9210621882318994,0.6335169956199533,0.40002762048414164,0.8858184142323308,0.9439424308477884,0.7375202783380169,0.9419118550754516,0.83414183609507,0.7886618596023163,0.9434169367469438,0.7044609990436845,0.846832615807065,0.8314746002028564,0.8049816295771856,0.7662815866730466,1.0,0.8898115834306299,0.942336253695901,0.9168450486304257,0.7488736256150201,0.9182393899394904,0.8990602004566982,0.8508397772615585,0.8640436849997575,0.6377918188876943,0.8560595786654136,0.9272542006255676,0.8126760582155532,0.8960655100242334,0.6255131609345823,0.9006623621768105,0.7941653959294165,0.85566512843979,0.743741898499253,0.7366411284399157,0.37539822481672225,0.8317405633523672,0.8700012465865633,0.9721805341960786
HIG,0.8920040188374849,0.9922836142522914,0.896256151896684,0.7095585010225225,0.8289377152176872,0.9612475686941357,0.9559638790029225,0.9190337133301855,0.6854641938856073,0.9619119287935157,0.9146636778501279,0.9417217342833509,0.9916551040558567,0.5281529850932868,0.975600893904116,0.6709910310777384,0.8898115834306299,0.9999999999999999,0.9552510543672903,0.9371140882507795,0.8674042278768012,0.9635860401746456,0.9839299078020607,0.9883466976239148,0.9582102122813928,0.8299972694433181,0.9939944172809975,0.9501623928604624,0.9675159835357912,0.9600413739905918,0.851020738314787,0.984980257954244,0.9737280361677255,0.9973166221760522,0.947372483687506,0.9581074533589692,0.44512090980571795,0.9888254225616695,0.9719622272022557,0.8381214254280709
HRTG,0.9670814894337153,0.9665129007091648,0.7561267980120043,0.5279170011343696,0.8969281378941838,0.9896179961604917,0.8547051963332573,0.9763459518530053,0.8501795926561267,0.8795035674704915,0.9710052943468506,0.8117635331952132,0.9366614579471647,0.7163063533292241,0.9185618841115331,0.6252942920830785,0.942336253695901,0.9552510543672903,1.0000000000000002,0.9761473766245942,0.8381274397697539,0.9768854986788553,0.9733629960750529,0.9209218848187414,0.8831128996328782,0.6682018303182512,0.9312082540659656,0.9399339643056975,0.8754695755890624,0.9763595430327529,0.7055659947611824,0.9811029769308005,0.8758039887747278,0.9396431657197988,0.8431596150051859,0.8551516786025957,0.5580713485047438,0.9292714150991384,0.9649877097093353,0.9131346086248682
HUM,0.9853509443064704,0.9613935670843563,0.7100662756698003,0.4374089004922637,0.8294558206365666,0.9900472603851873,0.8236832559054633,0.9925839244301287,0.826333078443115,0.8292699712378895,0.9911974715607329,0.786184288706434,0.9008835235039514,0.7226339472471044,0.9010472479294709,0.6815496084624744,0.9168450486304257,0.9371140882507795,0.9761473766245942,1.0000000000000002,0.7382247883448808,0.9450281532818471,0.9632704783633607,0.8904526131753755,0.8261142797965714,0.6077804334779319,0.9068045890422914,0.9719605452279481,0.8894798045038242,0.9392296948578432,0.6602686237482716,0.9601037523860421,0.87948613783486,0.9195417255488599,0.8004514694530901,0.8180001527055484,0.4474604034327208,0.8980765945290078,0.9636232661698737,0.9283874650742584
L,0.6835361600131894,0.8441320028959012,0.8507540514576106,0.7996414649825115,0.8881319728536534,0.8133978985238468,0.8728176385676135,0.7482905292128962,0.6786675137389523,0.9323000812572051,0.7325055845022092,0.8323761730079899,0.9116914348884748,0.38495038158122646,0.8359709171296548,0.3039847197924007,0.7488736256150201,0.8674042278768012,0.8381274397697539,0.7382247883448808,0.9999999999999998,0.9081957190550252,0.8603322522057226,0.9136297835716647,0.9211168835814149,0.7250136902331006,0.8967282677900035,0.7046693400557231,0.7418876603407352,0.9225987619044651,0.7237628203373033,0.8912987918806027,0.7844892060874898,0.8759337299250153,0.9007733841923183,0.8928470906750254,0.6352618593413994,0.9129017323040913,0.7987997293214544,0.6505580648296821
LNC,0.9042960679463127,0.9744719650798057,0.8146920306038379,0.6184888805184002,0.9177489921985372,0.9784118687260219,0.893266076046238,0.9532004955710872,0.8249707605567066,0.9329818790390617,0.947047442312967,0.8451585238368171,0.9597657888971591,0.6462294017441654,0.918907006225958,0.5777643732312864,0.9182393899394904,0.9635860401746456,0.9768854986788553,0.9450281532818471,0.9081957190550252,0.9999999999999999,0.9828713036643353,0.959954772069775,0.933465355922172,0.6903491244026686,0.9614019631792443,0.9205581653812436,0.8715507362432042,0.9961106118532602,0.7236399324265668,0.9907263089220231,0.8841570809972784,0.9538595528859269,0.8978815337698157,0.8930517421265136,0.5189540197301745,0.958216088448083,0.9342829584669401,0.883528661277483
MET,0.9227922708499,0.9876003378426157,0.8527449295923191,0.6437813549271088,0.8474989122917723,0.9803160386080917,0.9302761906716961,0.9531747704963494,0.7479665019246778,0.9425872713360794,0.9488117752284398,0.8925269260587306,0.9743052249041798,0.5955316149531646,0.9662836575518116,0.6354920962863967,0.8990602004566982,0.9839299078020607,0.9733629960750529,0.9632704783633607,0.8603322522057226,0.9828713036643353,1.0000000000000002,0.9681073297047874,0.9260687704079534,0.7409795886493639,0.9767471250646128,0.9525297227499651,0.9316513723083036,0.9780224431543371,0.7868889008231782,0.9930771400793558,0.9385065438668497,0.9784339263768992,0.9263424253036742,0.922096851332706,0.4789262196336538,0.9729223798866228,0.9598625894771519,0.867288886380044
MKL,0.8265008730867897,0.976361229511364,0.9273000310259532,0.777186664171404,0.8355057588977834,0.9306029329306239,0.9687637879259908,0.8769484099187274,0.6526560683618701,0.9854159996001072,0.8708142946043952,0.9542717985947773,0.9938309585974402,0.4539291180201041,0.9594432313427333,0.6063596511296503,0.8508397772615585,0.9883466976239148,0.9209218848187414,0.8904526131753755,0.9136297835716647,0.959954772069775,0.9681073297047874,1.0,0.9796594727365169,0.8417212278163037,0.9980917950647882,0.90837632136031,0.9449146049952193,0.9574876792696156,0.853718504154649,0.9736006203134795,0.9615735204589854,0.9911181495607064,0.9715106436208725,0.9748924067370054,0.4363557378816934,0.9948097725998494,0.9358494294777228,0.7893351506805504
MMC,0.7576500563812459,0.9455714200501881,0.907484282872707,0.7904252663644462,0.8388820381905178,0.8874227251455654,0.9343091345035907,0.8261331706382261,0.6177678203437769,0.9713620676793556,0.8216352736321804,0.9250364437891496,0.9651292406869252,0.4610516386607644,0.910876825638308,0.6337373618179288,0.8640436849997575,0.9582102122813928,0.8831128996328782,0.8261142797965714,0.9211168835814149,0.933465355922172,0.9260687704079534,0.9796594727365169,1.0,0.8731653752573384,0.9714899489277808,0.8691411862975729,0.9056678745296171,0.9231701954821736,0.8516882926128593,0.9323325491968388,0.9211339808629365,0.956177397782026,0.9539709109093149,0.9424923466932846,0.3840601893825237,0.960960714532642,0.8744019639034957,0.7789454639049629
MTG,0.5499094819704374,0.7728328785354065,0.9152007554981668,0.8762562437253714,0.5261149492474002,0.6571340234033141,0.8854688893349674,0.5641913453383464,0.2262506016406596,0.8649113895508668,0.5612231517260807,0.9275822173145669,0.8448664930273311,0.12698780529390757,0.8430169016520815,0.6223401205468939,0.6377918188876943,0.8299972694433181,0.6682018303182512,0.6077804334779319,0.7250136902331006,0.6903491244026686,0.7409795886493639,0.8417212278163037,0.8731653752573384,1.0,0.8408068145857668,0.704894554172607,0.8752321189492905,0.6843959298571967,0.9645691040033719,0.7345196612105266,0.8853631157879492,0.8448716143530359,0.8862541320674513,0.8906093694205152,0.24838001546404645,0.834761842337227,0.7452549164282837,0.5014754873341969
PFG,0.8471743405645582,0.9824265163747691,0.9273566725798007,0.7632669997404932,0.8205225198628777,0.9399197590429879,0.9730040806874581,0.8896668461609607,0.6547470605672341,0.9830150478027865,0.8845371397010059,0.9571731237135517,0.9962562449485732,0.46607626142082587,0.9717045964071276,0.6251472798850786,0.8560595786654136,0.9939944172809975,0.9312082540659656,0.9068045890422914,0.8967282677900035,0.9614019631792443,0.9767471250646128,0.9980917950647882,0.9714899489277808,0.8408068145857668,1.0,0.9231378872389103,0.957433408519244,0.9586113437544896,0.8628957935134246,0.9787495644264202,0.9716189726711355,0.9965178022355567,0.9703062191003682,0.9751540504039945,0.4357238616383063,0.9964448808966084,0.9493519422574555,0.7976975018141961
PGR,0.9362170647639948,0.9741060364044221,0.7493867840703241,0.48192170800495604,0.7742295129267991,0.9699526471627526,0.8433279729084652,0.9626487743242871,0.7233125992168292,0.8449664155968936,0.966897826766242,0.8282279184385932,0.9042018626985042,0.6821803115811664,0.9023405631037202,0.815900350305871,0.9272542006255676,0.9501623928604624,0.9399339643056975,0.9719605452279481,0.7046693400557231,0.9205581653812436,0.9525297227499651,0.90837632136031,0.8691411862975729,0.704894554172607,0.9231378872389103,0.9999999999999998,0.940356596277462,0.9000792347520046,0.7302228254661013,0.9380434242305857,0.922198645421926,0.930768546386293,0.8266700868368676,0.834264285854617,0.2711175817020797,0.8994919336348004,0.9431365328065048,0.9312824671105377
PRI,0.8382309827276123,0.9519908903717605,0.9000352090569665,0.7080244164856319,0.6739378076528392,0.8956482456783547,0.9460081211530617,0.8494517586155299,0.5188665594664872,0.9170365430940365,0.8496199502351724,0.9575145747875851,0.9483110683428198,0.4131816145207339,0.9637705893226066,0.7488287287792993,0.8126760582155532,0.9675159835357912,0.8754695755890624,0.8894798045038242,0.7418876603407352,0.8715507362432042,0.9316513723083036,0.9449146049952193,0.9056678745296171,0.8752321189492905,0.957433408519244,0.940356596277462,1.0,0.8624433004883999,0.8992168154746252,0.9173931486245775,0.9959473417304089,0.9694632169847829,0.9237656210450804,0.940919520194098,0.29366663720053454,0.9458935487726928,0.9415792158775593,0.7663630793212826
PRU,0.9037183699880426,0.9649066577707154,0.8191268624757652,0.6347089718909174,0.9212718854389198,0.9712086899594353,0.8971405013378488,0.943118418281852,0.8279589713410231,0.9335980823561133,0.9344803672668627,0.8491380426544539,0.9627646984004044,0.6169180903530527,0.9230239266314003,0.5229228027844856,0.8960655100242334,0.9600413739905918,0.9763595430327529,0.9392296948578432,0.9225987619044651,0.9961106118532602,0.9780224431543371,0.9574876792696156,0.9231701954821736,0.6843959298571967,0.9586113437544896,0.9000792347520046,0.8624433004883999,1.0,0.7205195697121026,0.991918785125331,0.8794459173143871,0.9539025054898913,0.8982732325513225,0.9018924056073963,0.5813110985091826,0.9621825436926017,0.9416359603026453,0.8560033028701817
RDN,0.6066685832717994,0.7922794803325588,0.9524474478196056,0.876858192846517,0.49861897609237665,0.6910468373700698,0.9327529314229074,0.6059922696641172,0.2553843096446348,0.8940254890253078,0.6025352995521754,0.9495826637000334,0.8716004344137369,0.12345179623864701,0.8958995026445962,0.5812514973951145,0.6255131609345823,0.851020738314787,0.7055659947611824,0.6602686237482716,0.7237628203373033,0.7236399324265668,0.7868889008231782,0.853718504154649,0.8516882926128593,0.9645691040033719,0.8628957935134246,0.7302228254661013,0.8992168154746252,0.7205195697121026,1.0000000000000002,0.772037946471446,0.9138933388756674,0.8722627253707906,0.9138631169908761,0.9171190372426078,0.31322742490452016,0.8642254885413341,0.7861924245542844,0.49767638213202103
RGA,0.9231665715184642,0.9867313334628581,0.8485700062594911,0.6496943637876235,0.8841009684446194,0.9825779540893945,0.9256184408874703,0.9526504794731065,0.7835102118384942,0.9449245441442776,0.9459379105984095,0.8898586183659429,0.9799564360227903,0.5959291070492472,0.955997645299225,0.5937051110306176,0.9006623621768105,0.984980257954244,0.9811029769308005,0.9601037523860421,0.8912987918806027,0.9907263089220231,0.9930771400793558,0.9736006203134795,0.9323325491968388,0.7345196612105266,0.9787495644264202,0.9380434242305857,0.9173931486245775,0.991918785125331,0.772037946471446,1.0000000000000002,0.9281537354017183,0.9798313057578538,0.9187508553299875,0.9276282319137484,0.5303029543283865,0.9790068224681204,0.970539234023823,0.8634940554384654
SAFT,0.8227261941005162,0.9526686293624012,0.9322108970982311,0.7584098023733041,0.6873356976787154,0.8920382565722909,0.9699539034659719,0.8390237206300788,0.5178465349347273,0.9440087864382964,0.8370860633231679,0.9773881589396654,0.9655762439052631,0.37293501743563284,0.9755025050505771,0.6935318829329545,0.7941653959294165,0.9737280361677255,0.8758039887747278,0.87948613783486,0.7844892060874898,0.8841570809972784,0.9385065438668497,0.9615735204589854,0.9211339808629365,0.8853631157879492,0.9716189726711355,0.922198645421926,0.9959473417304089,0.8794459173143871,0.9138933388756674,0.9281537354017183,1.0000000000000004,0.9805118157000238,0.9503481936503925,0.9665620697878304,0.3357676021936966,0.9651081820692295,0.9420369360472273,0.7390845784544543
SIGI,0.8703861112921928,0.9825813312414715,0.9224165016876261,0.7499974122704577,0.8070427292344122,0.9440816367869368,0.9734217271948133,0.8956058859374324,0.6509619277637904,0.9734238938189504,0.8900556526343422,0.9605296115276103,0.9964278723595938,0.46912349433180683,0.9840263000945543,0.6341034687493733,0.85566512843979,0.9973166221760522,0.9396431657197988,0.9195417255488599,0.8759337299250153,0.9538595528859269,0.9784339263768992,0.9911181495607064,0.956177397782026,0.8448716143530359,0.9965178022355567,0.930768546386293,0.9694632169847829,0.9539025054898913,0.8722627253707906,0.9798313057578538,0.9805118157000238,1.0,0.9631962586691061,0.9754784264084935,0.45963612429591727,0.9953116915722614,0.9675168368088974,0.7975137896853163
TMK,0.7279675661089641,0.9144031633852489,0.9787602889933363,0.8802267451490614,0.7315271157608872,0.8444907507406942,0.9908164118829201,0.7731676546396523,0.49886899624881476,0.9919316889278652,0.7653955430926266,0.9765453579937484,0.9724131127962979,0.28665901600762805,0.9613581420770133,0.5255966751302792,0.743741898499253,0.947372483687506,0.8431596150051859,0.8004514694530901,0.9007733841923183,0.8978815337698157,0.9263424253036742,0.9715106436208725,0.9539709109093149,0.8862541320674513,0.9703062191003682,0.8266700868368676,0.9237656210450804,0.8982732325513225,0.9138631169908761,0.9187508553299875,0.9503481936503925,0.9631962586691061,1.0000000000000002,0.9861865170852249,0.43598091953591395,0.9743922475247265,0.8703028228526775,0.6555436935246376
TRV,0.7548012773078259,0.9210749461116283,0.9777284588755281,0.8707236613361612,0.7331521993945563,0.8536192731316287,0.9937332597394823,0.7818869189981135,0.5163552777418036,0.9844512687671864,0.772704656004026,0.9907921938819626,0.9810841217365014,0.2731818887711921,0.9683280468461037,0.5143260410709447,0.7366411284399157,0.9581074533589692,0.8551516786025957,0.8180001527055484,0.8928470906750254,0.8930517421265136,0.922096851332706,0.9748924067370054,0.9424923466932846,0.8906093694205152,0.9751540504039945,0.834264285854617,0.940919520194098,0.9018924056073963,0.9171190372426078,0.9276282319137484,0.9665620697878304,0.9754784264084935,0.9861865170852249,0.9999999999999998,0.47496891983864525,0.9837522444052157,0.9108616449813756,0.650313651133683
UNAM,0.5133152049036733,0.3993353170654724,0.38840110599927535,0.393527820993195,0.6021416700998939,0.4630116950065091,0.44993857851133373,0.4358577983602705,0.5662801376357923,0.4697748100913295,0.40663231794814864,0.38407018893626194,0.5036735284799563,0.2553612862394804,0.49838879425269705,-0.214070065579836,0.37539822481672225,0.44512090980571795,0.5580713485047438,0.4474604034327208,0.6352618593413994,0.5189540197301745,0.4789262196336538,0.4363557378816934,0.3840601893825237,0.24838001546404645,0.4357238616383063,0.2711175817020797,0.29366663720053454,0.5813110985091826,0.31322742490452016,0.5303029543283865,0.3357676021936966,0.45963612429591727,0.43598091953591395,0.47496891983864525,1.0000000000000002,0.49891424615526014,0.5197374676522746,0.2813888850486191
UNM,0.8434757115572491,0.9706553133233281,0.9354362389389155,0.7843066620050125,0.82268540177874,0.9305921973082233,0.9794593280696682,0.8769605954503144,0.6532577545773101,0.9864328418944516,0.8690581822588971,0.9607003056006349,0.9989253079083328,0.4341842060808207,0.9773265302943769,0.5662161969116005,0.8317405633523672,0.9888254225616695,0.9292714150991384,0.8980765945290078,0.9129017323040913,0.958216088448083,0.9729223798866228,0.9948097725998494,0.960960714532642,0.834761842337227,0.9964448808966084,0.8994919336348004,0.9458935487726928,0.9621825436926017,0.8642254885413341,0.9790068224681204,0.9651081820692295,0.9953116915722614,0.9743922475247265,0.9837522444052157,0.49891424615526014,1.0,0.9515849220123431,0.767041489198525
UVE,0.94717168708595,0.9666188772854958,0.8207798995848813,0.6000014331783081,0.8070704586198731,0.9629323340906466,0.9035341124761637,0.9362487755188937,0.7361051353910134,0.8931119664659204,0.9306165051824047,0.8890857995976216,0.9548382328763501,0.5665917426524243,0.9540896410851799,0.6336845982677186,0.8700012465865633,0.9719622272022557,0.9649877097093353,0.9636232661698737,0.7987997293214544,0.9342829584669401,0.9598625894771519,0.9358494294777228,0.8744019639034957,0.7452549164282837,0.9493519422574555,0.9431365328065048,0.9415792158775593,0.9416359603026453,0.7861924245542844,0.970539234023823,0.9420369360472273,0.9675168368088974,0.8703028228526775,0.9108616449813756,0.5197374676522746,0.9515849220123431,1.0,0.8374128760194314
WRB,0.9178222246684522,0.8919447101185689,0.5277096260839488,0.24830387885401162,0.8530181657252002,0.9366856437333145,0.653259717092153,0.9586256224959072,0.865518276214154,0.7017278139484299,0.9631876748727058,0.6159396215496099,0.7773180054274722,0.8896903281457205,0.740539257224737,0.777570712519942,0.9721805341960786,0.8381214254280709,0.9131346086248682,0.9283874650742584,0.6505580648296821,0.883528661277483,0.867288886380044,0.7893351506805504,0.7789454639049629,0.5014754873341969,0.7976975018141961,0.9312824671105377,0.7663630793212826,0.8560033028701817,0.49767638213202103,0.8634940554384654,0.7390845784544543,0.7975137896853163,0.6555436935246376,0.650313651133683,0.2813888850486191,0.767041489198525,0.8374128760194314,1.0000000000000002
